timestamp	Placeholder1	Placeholder2	Sensor	Status	X	Y	Z	Qw	Qx	Qy	Qz	Sensor	Status	X	Y	Z	Qw	Qx	Qy	Qz	Sensor	Status	X	Y	Z	Qw	Qx	Qy	Qz	Sensor	Status	X	Y	Z	Qw	Qx	Qy	Qz	Sensor	Status	X	Y	Z	Qw	Qx	Qy	Qz	Sensor	Status	X	Y	Z	Qw	Qx	Qy	Qz	Sensor	Status	X	Y	Z	Qw	Qx	Qy	Qz	Target	Hit	X	Y	Z	Radius X	Radius Y	Radius Z	MarkerAssociated	Target	Hit	X	Y	Z	Radius X	Radius Y	Radius Z	MarkerAssociated	Landmark	Placeholder	X	Y	Z	Placeholder	Placeholder	Placeholder	Placeholder	UnityStreamerTimestamp	BufferTimestamp	RenderedTimestamp
16	0	0	4	55	-86.308	-18.205	-0.215	0	0	0	0	5	55	-81.142	-31.357	0.61	0	0	0	0	6	55	-83.17	-25.171	10.819	0	0	0	0	7	55	-83.286	-24.44	-10.121	0	0	0	0	8	55	-72.775	-48.733	-2.786	0	0	0	0	9	55	-151.525	-0.352	1.405	0	0	0	0	10	55	3.639665E+28	-4.148271E+28	-3.24886E+28	0	0	0	0	1	0	-79.096	-19.595	0.977	5	5	5	4	2	0	-78.277	-10.303	0.035	5	5	5	1	0	0	-87.203	-5.704	-0.466	0	0	0	0	54575417	54575426	54575426
32	0	0	4	55	-86.42	-18.317	-0.383	0	0	0	0	5	55	-81.278	-31.276	0.63	0	0	0	0	6	55	-83.212	-25.218	10.634	0	0	0	0	7	55	-83.651	-23.979	-9.941	0	0	0	0	8	55	-72.725	-48.779	-2.768	0	0	0	0	9	55	-151.452	-0.325	1.495	0	0	0	0	10	55	3.642808E+28	-4.146727E+28	-3.247308E+28	0	0	0	0	1	0	-79.096	-19.595	0.977	5	5	5	4	2	0	-78.277	-10.303	0.035	5	5	5	1	0	0	-87.203	-5.704	-0.466	0	0	0	0	54575434	54575442	0
32	0	0	4	55	-86.42	-18.317	-0.383	0	0	0	0	5	55	-81.278	-31.276	0.63	0	0	0	0	6	55	-83.212	-25.218	10.634	0	0	0	0	7	55	-83.651	-23.979	-9.941	0	0	0	0	8	55	-72.725	-48.779	-2.768	0	0	0	0	9	55	-151.452	-0.325	1.495	0	0	0	0	10	55	3.642808E+28	-4.146726E+28	-3.247308E+28	0	0	0	0	1	0	-79.096	-19.595	0.977	5	5	5	4	2	0	-78.277	-10.303	0.035	5	5	5	1	0	0	-87.203	-5.704	-0.466	0	0	0	0	54575434	54575442	54575442
49	0	0	4	55	-86.607	-18.483	-0.438	0	0	0	0	5	55	-81.401	-31.437	0.596	0	0	0	0	6	55	-83.392	-25.208	10.611	0	0	0	0	7	55	-83.767	-24.479	-10.408	0	0	0	0	8	55	-72.666	-48.974	-2.765	0	0	0	0	9	55	-151.504	-0.455	1.419	0	0	0	0	10	55	3.65888E+28	-4.136357E+28	-3.242459E+28	0	0	0	0	1	0	-79.096	-19.595	0.977	5	5	5	4	2	0	-78.277	-10.303	0.035	5	5	5	1	0	0	-87.203	-5.704	-0.466	0	0	0	0	54575450	54575459	0
49	0	0	4	55	-86.607	-18.483	-0.438	0	0	0	0	5	55	-81.401	-31.437	0.596	0	0	0	0	6	55	-83.392	-25.208	10.611	0	0	0	0	7	55	-83.767	-24.479	-10.408	0	0	0	0	8	55	-72.666	-48.974	-2.765	0	0	0	0	9	55	-151.504	-0.455	1.419	0	0	0	0	10	55	3.658879E+28	-4.136358E+28	-3.24246E+28	0	0	0	0	1	0	-79.096	-19.595	0.977	5	5	5	4	2	0	-78.277	-10.303	0.035	5	5	5	1	0	0	-87.203	-5.704	-0.466	0	0	0	0	54575450	54575459	54575459
65	0	0	4	55	-86.547	-18.438	-0.424	0	0	0	0	5	55	-81.329	-31.588	0.599	0	0	0	0	6	55	-83.465	-25.251	10.477	0	0	0	0	7	55	-83.958	-24.093	-10.218	0	0	0	0	8	55	-72.683	-48.972	-2.774	0	0	0	0	9	55	-151.446	-0.577	1.418	0	0	0	0	10	55	3.65917E+28	-4.134655E+28	-3.244304E+28	0	0	0	0	1	0	-79.096	-19.595	0.977	5	5	5	4	2	0	-78.277	-10.303	0.035	5	5	5	1	0	0	-87.203	-5.704	-0.466	0	0	0	0	54575467	54575475	54575475
82	0	0	4	55	-86.563	-18.296	-0.435	0	0	0	0	5	55	-81.221	-31.484	0.601	0	0	0	0	6	55	-83.405	-24.947	10.666	0	0	0	0	7	55	-84.11	-24.417	-10.244	0	0	0	0	8	55	-72.775	-48.863	-2.675	0	0	0	0	9	55	-151.467	-0.406	1.531	0	0	0	0	10	55	3.658997E+28	-4.13781E+28	-3.240473E+28	0	0	0	0	1	0	-79.096	-19.595	0.977	5	5	5	4	2	0	-78.277	-10.303	0.035	5	5	5	1	0	0	-87.203	-5.704	-0.466	0	0	0	0	54575484	54575492	0
82	0	0	4	55	-86.563	-18.296	-0.435	0	0	0	0	5	55	-81.221	-31.484	0.601	0	0	0	0	6	55	-83.405	-24.947	10.666	0	0	0	0	7	55	-84.11	-24.417	-10.244	0	0	0	0	8	55	-72.775	-48.863	-2.675	0	0	0	0	9	55	-151.467	-0.406	1.531	0	0	0	0	10	55	3.658997E+28	-4.13781E+28	-3.240473E+28	0	0	0	0	1	0	-79.096	-19.595	0.977	5	5	5	4	2	0	-78.277	-10.303	0.035	5	5	5	1	0	0	-87.203	-5.704	-0.466	0	0	0	0	54575484	54575492	54575492
98	0	0	4	55	-86.375	-17.918	-0.444	0	0	0	0	5	55	-81.032	-31.101	0.746	0	0	0	0	6	55	-83.362	-24.38	10.682	0	0	0	0	7	55	-83.877	-24.408	-10.356	0	0	0	0	8	55	-72.608	-48.778	-2.695	0	0	0	0	9	55	-151.494	-0.299	1.827	0	0	0	0	10	55	3.656824E+28	-4.135166E+28	-3.246295E+28	0	0	0	0	1	0	-79.096	-19.595	0.977	5	5	5	4	2	0	-78.277	-10.303	0.035	5	5	5	1	0	0	-87.203	-5.704	-0.466	0	0	0	0	54575500	54575508	0
99	0	0	4	55	-86.375	-17.918	-0.444	0	0	0	0	5	55	-81.032	-31.101	0.746	0	0	0	0	6	55	-83.362	-24.38	10.682	0	0	0	0	7	55	-83.877	-24.408	-10.356	0	0	0	0	8	55	-72.608	-48.778	-2.695	0	0	0	0	9	55	-151.494	-0.299	1.827	0	0	0	0	10	55	3.656824E+28	-4.135167E+28	-3.246295E+28	0	0	0	0	1	0	-79.096	-19.595	0.977	5	5	5	4	2	0	-78.277	-10.303	0.035	5	5	5	1	0	0	-87.203	-5.704	-0.466	0	0	0	0	54575501	54575509	54575509
115	0	0	4	55	-86.22	-17.719	-0.569	0	0	0	0	5	55	-80.689	-30.971	0.531	0	0	0	0	6	55	-83.182	-24.148	10.733	0	0	0	0	7	55	-83.752	-23.993	-10.267	0	0	0	0	8	55	-72.529	-48.763	-2.638	0	0	0	0	9	55	-151.434	-0.3	1.904	0	0	0	0	10	55	3.66009E+28	-4.130786E+28	-3.248192E+28	0	0	0	0	1	0	-79.096	-19.595	0.977	5	5	5	4	2	0	-78.277	-10.303	0.035	5	5	5	1	0	0	-87.203	-5.704	-0.466	0	0	0	0	54575517	54575525	54575525
132	0	0	4	55	-86.183	-17.386	-0.573	0	0	0	0	5	55	-80.817	-30.155	0.773	0	0	0	0	6	55	-83.034	-23.598	10.95	0	0	0	0	7	55	-83.789	-23.059	-10.288	0	0	0	0	8	55	-72.487	-48.668	-2.526	0	0	0	0	9	55	-151.618	-0.481	1.936	0	0	0	0	10	55	3.662987E+28	-4.125304E+28	-3.25189E+28	0	0	0	0	1	0	-79.096	-19.595	0.977	5	5	5	4	2	0	-78.277	-10.303	0.035	5	5	5	1	0	0	-87.203	-5.704	-0.466	0	0	0	0	54575534	54575542	0
133	0	0	4	55	-86.183	-17.386	-0.573	0	0	0	0	5	55	-80.817	-30.155	0.773	0	0	0	0	6	55	-83.034	-23.598	10.95	0	0	0	0	7	55	-83.789	-23.059	-10.288	0	0	0	0	8	55	-72.487	-48.668	-2.526	0	0	0	0	9	55	-151.618	-0.481	1.936	0	0	0	0	10	55	3.662987E+28	-4.125304E+28	-3.25189E+28	0	0	0	0	1	0	-79.096	-19.595	0.977	5	5	5	4	2	0	-78.277	-10.303	0.035	5	5	5	1	0	0	-87.203	-5.704	-0.466	0	0	0	0	54575534	54575543	54575543
148	0	0	4	55	-86.216	-17.135	-0.645	0	0	0	0	5	55	-80.845	-29.454	0.826	0	0	0	0	6	55	-82.862	-23.191	11.129	0	0	0	0	7	55	-83.138	-23.187	-10.297	0	0	0	0	8	55	-72.517	-48.372	-2.391	0	0	0	0	9	55	-151.549	-0.539	2.098	0	0	0	0	10	55	3.662582E+28	-4.120684E+28	-3.258198E+28	0	0	0	0	1	0	-79.096	-19.595	0.977	5	5	5	4	2	0	-78.277	-10.303	0.035	5	5	5	1	0	0	-87.203	-5.704	-0.466	0	0	0	0	54575550	54575559	0
149	0	0	4	55	-86.216	-17.135	-0.645	0	0	0	0	5	55	-80.845	-29.454	0.826	0	0	0	0	6	55	-82.862	-23.191	11.129	0	0	0	0	7	55	-83.138	-23.187	-10.297	0	0	0	0	8	55	-72.517	-48.372	-2.391	0	0	0	0	9	55	-151.549	-0.539	2.098	0	0	0	0	10	55	3.662581E+28	-4.120685E+28	-3.258199E+28	0	0	0	0	1	0	-79.096	-19.595	0.977	5	5	5	4	2	0	-78.277	-10.303	0.035	5	5	5	1	0	0	-87.203	-5.704	-0.466	0	0	0	0	54575550	54575559	54575559
165	0	0	4	55	-86.29	-17.026	-0.59	0	0	0	0	5	55	-80.912	-29.14	0.952	0	0	0	0	6	55	-82.779	-22.99	11.287	0	0	0	0	7	55	-83.033	-22.684	-10.103	0	0	0	0	8	55	-72.449	-48.453	-2.146	0	0	0	0	9	55	-151.502	-0.37	2.262	0	0	0	0	10	55	3.658732E+28	-4.120484E+28	-3.262773E+28	0	0	0	0	1	0	-79.096	-19.595	0.977	5	5	5	4	2	0	-78.277	-10.303	0.035	5	5	5	1	0	0	-87.203	-5.704	-0.466	0	0	0	0	54575567	54575575	54575575
182	0	0	4	55	-86.349	-17.164	-0.563	0	0	0	0	5	55	-81.288	-28.896	0.852	0	0	0	0	6	55	-82.768	-23.038	11.286	0	0	0	0	7	55	-82.909	-22.813	-10.102	0	0	0	0	8	55	-72.498	-48.191	-2.331	0	0	0	0	9	55	-151.58	-0.481	2.314	0	0	0	0	10	55	3.664391E+28	-4.11224E+28	-3.26682E+28	0	0	0	0	1	0	-79.096	-19.595	0.977	5	5	5	4	2	0	-78.277	-10.303	0.035	5	5	5	1	0	0	-87.203	-5.704	-0.466	0	0	0	0	54575583	54575592	0
182	0	0	4	55	-86.349	-17.164	-0.563	0	0	0	0	5	55	-81.288	-28.896	0.852	0	0	0	0	6	55	-82.768	-23.038	11.286	0	0	0	0	7	55	-82.909	-22.813	-10.102	0	0	0	0	8	55	-72.498	-48.191	-2.331	0	0	0	0	9	55	-151.58	-0.481	2.314	0	0	0	0	10	55	3.664391E+28	-4.11224E+28	-3.26682E+28	0	0	0	0	1	0	-79.096	-19.595	0.977	5	5	5	4	2	0	-78.277	-10.303	0.035	5	5	5	1	0	0	-87.203	-5.704	-0.466	0	0	0	0	54575583	54575592	54575592
198	0	0	4	55	-86.52	-17.302	-0.429	0	0	0	0	5	55	-81.519	-28.808	0.926	0	0	0	0	6	55	-82.771	-23.083	11.451	0	0	0	0	7	55	-83.189	-22.734	-10.116	0	0	0	0	8	55	-72.606	-48.181	-2.309	0	0	0	0	9	55	-151.8	-0.465	2.426	0	0	0	0	10	55	3.666321E+28	-4.10781E+28	-3.270227E+28	0	0	0	0	1	0	-79.096	-19.595	0.977	5	5	5	4	2	0	-78.277	-10.303	0.035	5	5	5	1	0	0	-87.203	-5.704	-0.466	0	0	0	0	54575600	54575609	0
199	0	0	4	55	-86.52	-17.302	-0.429	0	0	0	0	5	55	-81.519	-28.808	0.926	0	0	0	0	6	55	-82.771	-23.083	11.451	0	0	0	0	7	55	-83.189	-22.734	-10.116	0	0	0	0	8	55	-72.606	-48.181	-2.309	0	0	0	0	9	55	-151.8	-0.465	2.426	0	0	0	0	10	55	3.66632E+28	-4.10781E+28	-3.270228E+28	0	0	0	0	1	0	-79.096	-19.595	0.977	5	5	5	4	2	0	-78.277	-10.303	0.035	5	5	5	1	0	0	-87.203	-5.704	-0.466	0	0	0	0	54575601	54575609	54575609
215	0	0	4	55	-86.593	-17.325	-0.364	0	0	0	0	5	55	-81.651	-28.8	1.047	0	0	0	0	6	55	-82.8	-23.073	11.569	0	0	0	0	7	55	-83.236	-22.758	-10.05	0	0	0	0	8	55	-72.643	-48.186	-2.21	0	0	0	0	9	55	-151.772	-0.522	2.432	0	0	0	0	10	55	3.665449E+28	-4.112862E+28	-3.264851E+28	0	0	0	0	1	0	-79.096	-19.595	0.977	5	5	5	4	2	0	-78.277	-10.303	0.035	5	5	5	1	0	0	-87.203	-5.704	-0.466	0	0	0	0	54575617	54575625	54575625
232	0	0	4	55	-86.495	-17.391	-0.467	0	0	0	0	5	55	-81.871	-28.609	0.686	0	0	0	0	6	55	-82.694	-23.114	11.358	0	0	0	0	7	55	-82.94	-22.845	-10.37	0	0	0	0	8	55	-72.633	-48.034	-2.514	0	0	0	0	9	55	-151.834	-0.54	2.17	0	0	0	0	10	55	3.657271E+28	-4.114323E+28	-3.272173E+28	0	0	0	0	1	0	-79.096	-19.595	0.977	5	5	5	4	2	0	-78.277	-10.303	0.035	5	5	5	1	0	0	-87.203	-5.704	-0.466	0	0	0	0	54575633	54575642	0
232	0	0	4	55	-86.495	-17.391	-0.467	0	0	0	0	5	55	-81.871	-28.609	0.686	0	0	0	0	6	55	-82.694	-23.114	11.358	0	0	0	0	7	55	-82.94	-22.845	-10.37	0	0	0	0	8	55	-72.633	-48.034	-2.514	0	0	0	0	9	55	-151.834	-0.54	2.17	0	0	0	0	10	55	3.657271E+28	-4.114322E+28	-3.272174E+28	0	0	0	0	1	0	-79.096	-19.595	0.977	5	5	5	4	2	0	-78.277	-10.303	0.035	5	5	5	1	0	0	-87.203	-5.704	-0.466	0	0	0	0	54575633	54575642	54575642
248	0	0	4	55	-86.695	-17.477	-0.442	0	0	0	0	5	55	-82.283	-28.65	0.852	0	0	0	0	6	55	-82.866	-23.272	11.351	0	0	0	0	7	55	-83.168	-22.472	-10.119	0	0	0	0	8	55	-72.781	-48.14	-2.482	0	0	0	0	9	55	-152.112	-0.537	2.139	0	0	0	0	10	55	3.66123E+28	-4.111357E+28	-3.271473E+28	0	0	0	0	1	0	-79.096	-19.595	0.977	5	5	5	4	2	0	-78.277	-10.303	0.035	5	5	5	1	0	0	-87.203	-5.704	-0.466	0	0	0	0	54575650	54575658	0
248	0	0	4	55	-86.695	-17.477	-0.442	0	0	0	0	5	55	-82.283	-28.65	0.852	0	0	0	0	6	55	-82.866	-23.272	11.351	0	0	0	0	7	55	-83.168	-22.472	-10.119	0	0	0	0	8	55	-72.781	-48.14	-2.482	0	0	0	0	9	55	-152.112	-0.537	2.139	0	0	0	0	10	55	3.66123E+28	-4.111357E+28	-3.271473E+28	0	0	0	0	1	0	-79.096	-19.595	0.977	5	5	5	4	2	0	-78.277	-10.303	0.035	5	5	5	1	0	0	-87.203	-5.704	-0.466	0	0	0	0	54575650	54575659	54575659
265	0	0	4	55	-86.614	-17.544	-0.416	0	0	0	0	5	55	-82.157	-28.703	0.752	0	0	0	0	6	55	-82.785	-23.352	11.336	0	0	0	0	7	55	-82.996	-22.713	-10.209	0	0	0	0	8	55	-72.798	-48.271	-2.412	0	0	0	0	9	55	-151.961	-0.526	2.163	0	0	0	0	10	55	3.655828E+28	-4.116198E+28	-3.271427E+28	0	0	0	0	1	0	-79.096	-19.595	0.977	5	5	5	4	2	0	-78.277	-10.303	0.035	5	5	5	1	0	0	-87.203	-5.704	-0.466	0	0	0	0	54575667	54575675	54575675
282	0	0	4	55	-86.603	-17.483	-0.122	0	0	0	0	5	55	-82.191	-28.66	0.992	0	0	0	0	6	55	-82.859	-23.42	11.596	0	0	0	0	7	55	-83.234	-22.807	-10.195	0	0	0	0	8	55	-72.947	-48.294	-2.173	0	0	0	0	9	55	-152.029	-0.625	2.279	0	0	0	0	10	55	3.664817E+28	-4.110444E+28	-3.268602E+28	0	0	0	0	1	0	-79.096	-19.595	0.977	5	5	5	4	2	0	-78.277	-10.303	0.035	5	5	5	1	0	0	-87.203	-5.704	-0.466	0	0	0	0	54575683	54575692	0
282	0	0	4	55	-86.603	-17.483	-0.122	0	0	0	0	5	55	-82.191	-28.66	0.992	0	0	0	0	6	55	-82.859	-23.42	11.596	0	0	0	0	7	55	-83.234	-22.807	-10.195	0	0	0	0	8	55	-72.947	-48.294	-2.173	0	0	0	0	9	55	-152.029	-0.625	2.279	0	0	0	0	10	55	3.664817E+28	-4.110444E+28	-3.268602E+28	0	0	0	0	1	0	-79.096	-19.595	0.977	5	5	5	4	2	0	-78.277	-10.303	0.035	5	5	5	1	0	0	-87.203	-5.704	-0.466	0	0	0	0	54575683	54575692	54575692
298	0	0	4	55	-86.493	-17.496	-0.098	0	0	0	0	5	55	-81.963	-28.559	0.954	0	0	0	0	6	55	-82.725	-23.53	11.58	0	0	0	0	7	55	-82.905	-22.701	-10.371	0	0	0	0	8	55	-72.867	-48.318	-2.097	0	0	0	0	9	55	-151.804	-0.533	2.104	0	0	0	0	10	55	3.66292E+28	-4.110499E+28	-3.270659E+28	0	0	0	0	1	0	-79.096	-19.595	0.977	5	5	5	4	2	0	-78.277	-10.303	0.035	5	5	5	1	0	0	-87.203	-5.704	-0.466	0	0	0	0	54575700	54575709	0
299	0	0	4	55	-86.493	-17.496	-0.098	0	0	0	0	5	55	-81.963	-28.559	0.954	0	0	0	0	6	55	-82.725	-23.53	11.58	0	0	0	0	7	55	-82.905	-22.701	-10.371	0	0	0	0	8	55	-72.867	-48.318	-2.097	0	0	0	0	9	55	-151.804	-0.533	2.104	0	0	0	0	10	55	3.662919E+28	-4.1105E+28	-3.27066E+28	0	0	0	0	1	0	-79.096	-19.595	0.977	5	5	5	4	2	0	-78.277	-10.303	0.035	5	5	5	1	0	0	-87.203	-5.704	-0.466	0	0	0	0	54575700	54575709	54575709
315	0	0	4	55	-86.321	-17.465	-0.154	0	0	0	0	5	55	-81.946	-28.347	1.124	0	0	0	0	6	55	-82.581	-23.526	11.67	0	0	0	0	7	55	-82.851	-22.224	-10.306	0	0	0	0	8	55	-72.809	-48.229	-2.171	0	0	0	0	9	55	-151.749	-0.406	1.981	0	0	0	0	10	55	3.661603E+28	-4.11338E+28	-3.268511E+28	0	0	0	0	1	0	-79.096	-19.595	0.977	5	5	5	4	2	0	-78.277	-10.303	0.035	5	5	5	1	0	0	-87.203	-5.704	-0.466	0	0	0	0	54575717	54575725	54575725
332	0	0	4	55	-86.27	-17.395	-0.181	0	0	0	0	5	55	-81.641	-28.359	0.863	0	0	0	0	6	55	-82.549	-23.49	11.665	0	0	0	0	7	55	-82.731	-22.711	-10.285	0	0	0	0	8	55	-72.795	-48.119	-2.054	0	0	0	0	9	55	-151.691	-0.246	1.989	0	0	0	0	10	55	3.6576E+28	-4.116353E+28	-3.26925E+28	0	0	0	0	1	0	-79.096	-19.595	0.977	5	5	5	4	2	0	-78.277	-10.303	0.035	5	5	5	1	0	0	-87.203	-5.704	-0.466	0	0	0	0	54575733	54575742	0
332	0	0	4	55	-86.27	-17.395	-0.181	0	0	0	0	5	55	-81.641	-28.359	0.863	0	0	0	0	6	55	-82.549	-23.49	11.665	0	0	0	0	7	55	-82.731	-22.711	-10.285	0	0	0	0	8	55	-72.795	-48.119	-2.054	0	0	0	0	9	55	-151.691	-0.246	1.989	0	0	0	0	10	55	3.6576E+28	-4.116353E+28	-3.26925E+28	0	0	0	0	1	0	-79.096	-19.595	0.977	5	5	5	4	2	0	-78.277	-10.303	0.035	5	5	5	1	0	0	-87.203	-5.704	-0.466	0	0	0	0	54575734	54575742	54575742
348	0	0	4	55	-85.886	-17.141	-0.16	0	0	0	0	5	55	-81.381	-27.896	0.851	0	0	0	0	6	55	-82.421	-23.459	11.583	0	0	0	0	7	55	-82.531	-21.983	-10.328	0	0	0	0	8	55	-72.749	-47.715	-2.061	0	0	0	0	9	55	-151.188	0.708	2.015	0	0	0	0	10	55	3.645531E+28	-4.121368E+28	-3.276404E+28	0	0	0	0	1	0	-79.096	-19.595	0.977	5	5	5	4	2	0	-78.277	-10.303	0.035	5	5	5	1	0	0	-87.203	-5.704	-0.466	0	0	0	0	54575750	54575759	0
349	0	0	4	55	-85.886	-17.141	-0.16	0	0	0	0	5	55	-81.381	-27.896	0.851	0	0	0	0	6	55	-82.421	-23.459	11.583	0	0	0	0	7	55	-82.531	-21.983	-10.328	0	0	0	0	8	55	-72.749	-47.715	-2.061	0	0	0	0	9	55	-151.188	0.708	2.015	0	0	0	0	10	55	3.645531E+28	-4.121368E+28	-3.276404E+28	0	0	0	0	1	0	-79.096	-19.595	0.977	5	5	5	4	2	0	-78.277	-10.303	0.035	5	5	5	1	0	0	-87.203	-5.704	-0.466	0	0	0	0	54575750	54575759	54575759
365	0	0	4	55	-85.884	-17.05	-0.04	0	0	0	0	5	55	-81.271	-27.634	0.931	0	0	0	0	6	55	-82.331	-23.435	11.646	0	0	0	0	7	55	-82.467	-22.318	-10.402	0	0	0	0	8	55	-72.757	-47.489	-2.014	0	0	0	0	9	55	-151.302	0.826	1.98	0	0	0	0	10	55	3.637532E+28	-4.121336E+28	-3.285322E+28	0	0	0	0	1	0	-79.096	-19.595	0.977	5	5	5	4	2	0	-78.277	-10.303	0.035	5	5	5	1	0	0	-87.203	-5.704	-0.466	0	0	0	0	54575767	54575775	54575775
382	0	0	4	55	-85.808	-17.012	-0.114	0	0	0	0	5	55	-81.004	-27.476	0.901	0	0	0	0	6	55	-82.262	-23.419	11.699	0	0	0	0	7	55	-82.412	-21.963	-10.513	0	0	0	0	8	55	-72.642	-47.207	-2.08	0	0	0	0	9	55	-151.228	0.867	1.944	0	0	0	0	10	55	3.63955E+28	-4.117087E+28	-3.288414E+28	0	0	0	0	1	0	-79.096	-19.595	0.977	5	5	5	4	2	0	-78.277	-10.303	0.035	5	5	5	1	0	0	-87.203	-5.704	-0.466	0	0	0	0	54575783	54575792	0
382	0	0	4	55	-85.808	-17.012	-0.114	0	0	0	0	5	55	-81.004	-27.476	0.901	0	0	0	0	6	55	-82.262	-23.419	11.699	0	0	0	0	7	55	-82.412	-21.963	-10.513	0	0	0	0	8	55	-72.642	-47.207	-2.08	0	0	0	0	9	55	-151.228	0.867	1.944	0	0	0	0	10	55	3.63955E+28	-4.117087E+28	-3.288414E+28	0	0	0	0	1	0	-79.096	-19.595	0.977	5	5	5	4	2	0	-78.277	-10.303	0.035	5	5	5	1	0	0	-87.203	-5.704	-0.466	0	0	0	0	54575784	54575792	54575792
400	0	0	4	55	-85.699	-16.989	-0.12	0	0	0	0	5	55	-80.655	-27.331	0.755	0	0	0	0	6	55	-82.27	-23.544	11.607	0	0	0	0	7	55	-82.413	-22.281	-10.638	0	0	0	0	8	55	-72.583	-46.651	-2.07	0	0	0	0	9	55	-151.244	1.078	1.716	0	0	0	0	10	55	3.643056E+28	-4.117083E+28	-3.284534E+28	0	0	0	0	1	0	-79.096	-19.595	0.977	5	5	5	4	2	0	-78.277	-10.303	0.035	5	5	5	1	0	0	-87.203	-5.704	-0.466	0	0	0	0	54575800	54575810	0
400	0	0	4	55	-85.699	-16.989	-0.12	0	0	0	0	5	55	-80.655	-27.331	0.755	0	0	0	0	6	55	-82.27	-23.544	11.607	0	0	0	0	7	55	-82.413	-22.281	-10.638	0	0	0	0	8	55	-72.583	-46.651	-2.07	0	0	0	0	9	55	-151.244	1.078	1.716	0	0	0	0	10	55	3.643056E+28	-4.117083E+28	-3.284534E+28	0	0	0	0	1	0	-79.096	-19.595	0.977	5	5	5	4	2	0	-78.277	-10.303	0.035	5	5	5	1	0	0	-87.203	-5.704	-0.466	0	0	0	0	54575800	54575810	54575810
415	0	0	4	55	-85.589	-16.942	-0.205	0	0	0	0	5	55	-80.287	-27.357	0.66	0	0	0	0	6	55	-82.275	-23.686	11.599	0	0	0	0	7	55	-82.613	-21.953	-10.695	0	0	0	0	8	55	-72.472	-46.471	-2.268	0	0	0	0	9	55	-151.18	1.092	1.606	0	0	0	0	10	55	3.644912E+28	-4.114498E+28	-3.285714E+28	0	0	0	0	1	0	-79.096	-19.595	0.977	5	5	5	4	2	0	-78.277	-10.303	0.035	5	5	5	1	0	0	-87.203	-5.704	-0.466	0	0	0	0	54575817	54575825	54575825
432	0	0	4	55	-85.424	-17.006	-0.123	0	0	0	0	5	55	-79.808	-27.312	0.659	0	0	0	0	6	55	-82.296	-23.753	11.859	0	0	0	0	7	55	-82.513	-22.208	-10.689	0	0	0	0	8	55	-72.397	-46.034	-2.175	0	0	0	0	9	55	-151.155	1.022	1.686	0	0	0	0	10	55	3.651175E+28	-4.111578E+28	-3.282415E+28	0	0	0	0	1	0	-79.096	-19.595	0.977	5	5	5	4	2	0	-78.277	-10.303	0.035	5	5	5	1	0	0	-87.203	-5.704	-0.466	0	0	0	0	54575833	54575842	0
432	0	0	4	55	-85.424	-17.006	-0.123	0	0	0	0	5	55	-79.808	-27.312	0.659	0	0	0	0	6	55	-82.296	-23.753	11.859	0	0	0	0	7	55	-82.513	-22.208	-10.689	0	0	0	0	8	55	-72.397	-46.034	-2.175	0	0	0	0	9	55	-151.155	1.022	1.686	0	0	0	0	10	55	3.651174E+28	-4.111578E+28	-3.282415E+28	0	0	0	0	1	0	-79.096	-19.595	0.977	5	5	5	4	2	0	-78.277	-10.303	0.035	5	5	5	1	0	0	-87.203	-5.704	-0.466	0	0	0	0	54575834	54575842	54575842
448	0	0	4	55	-85.22	-17.032	-0.108	0	0	0	0	5	55	-79.508	-26.964	0.731	0	0	0	0	6	55	-82.275	-23.96	11.843	0	0	0	0	7	55	-82.451	-22.456	-10.771	0	0	0	0	8	55	-72.261	-45.632	-2.396	0	0	0	0	9	55	-151.352	0.788	1.675	0	0	0	0	10	55	3.657041E+28	-4.104626E+28	-3.284584E+28	0	0	0	0	1	0	-79.096	-19.595	0.977	5	5	5	4	2	0	-78.277	-10.303	0.035	5	5	5	1	0	0	-87.203	-5.704	-0.466	0	0	0	0	54575850	54575859	0
449	0	0	4	55	-85.22	-17.032	-0.108	0	0	0	0	5	55	-79.508	-26.964	0.731	0	0	0	0	6	55	-82.275	-23.96	11.843	0	0	0	0	7	55	-82.451	-22.456	-10.771	0	0	0	0	8	55	-72.261	-45.632	-2.396	0	0	0	0	9	55	-151.352	0.788	1.675	0	0	0	0	10	55	3.65704E+28	-4.104626E+28	-3.284585E+28	0	0	0	0	1	0	-79.096	-19.595	0.977	5	5	5	4	2	0	-78.277	-10.303	0.035	5	5	5	1	0	0	-87.203	-5.704	-0.466	0	0	0	0	54575850	54575859	54575859
465	0	0	4	55	-84.756	-16.987	-0.088	0	0	0	0	5	55	-79.127	-26.896	0.697	0	0	0	0	6	55	-82.264	-24.127	11.914	0	0	0	0	7	55	-82.518	-22.732	-10.836	0	0	0	0	8	55	-72.143	-45.414	-2.355	0	0	0	0	9	55	-151.335	0.748	1.599	0	0	0	0	10	55	3.662761E+28	-4.105924E+28	-3.276578E+28	0	0	0	0	1	0	-79.096	-19.595	0.977	5	5	5	4	2	0	-78.277	-10.303	0.035	5	5	5	1	0	0	-87.203	-5.704	-0.466	0	0	0	0	54575867	54575875	54575875
482	0	0	4	55	-84.603	-16.921	-0.101	0	0	0	0	5	55	-78.869	-26.914	0.739	0	0	0	0	6	55	-82.277	-24.148	11.974	0	0	0	0	7	55	-82.437	-22.67	-10.784	0	0	0	0	8	55	-72.077	-45.319	-2.368	0	0	0	0	9	55	-151.309	0.813	1.636	0	0	0	0	10	55	3.661261E+28	-4.105391E+28	-3.278922E+28	0	0	0	0	1	0	-79.096	-19.595	0.977	5	5	5	4	2	0	-78.277	-10.303	0.035	5	5	5	1	0	0	-87.203	-5.704	-0.466	0	0	0	0	54575884	54575892	0
482	0	0	4	55	-84.603	-16.921	-0.101	0	0	0	0	5	55	-78.869	-26.914	0.739	0	0	0	0	6	55	-82.277	-24.148	11.974	0	0	0	0	7	55	-82.437	-22.67	-10.784	0	0	0	0	8	55	-72.077	-45.319	-2.368	0	0	0	0	9	55	-151.309	0.813	1.636	0	0	0	0	10	55	3.66126E+28	-4.105392E+28	-3.278922E+28	0	0	0	0	1	0	-79.096	-19.595	0.977	5	5	5	4	2	0	-78.277	-10.303	0.035	5	5	5	1	0	0	-87.203	-5.704	-0.466	0	0	0	0	54575884	54575892	54575892
498	0	0	4	55	-84.245	-16.903	0.136	0	0	0	0	5	55	-78.569	-26.973	0.783	0	0	0	0	6	55	-82.251	-24.169	12.046	0	0	0	0	7	55	-82.484	-22.322	-10.593	0	0	0	0	8	55	-72.157	-45.097	-2.523	0	0	0	0	9	55	-151.286	0.905	1.674	0	0	0	0	10	55	3.657471E+28	-4.112629E+28	-3.274077E+28	0	0	0	0	1	0	-79.096	-19.595	0.977	5	5	5	4	2	0	-78.277	-10.303	0.035	5	5	5	1	0	0	-87.203	-5.704	-0.466	0	0	0	0	54575900	54575908	0
499	0	0	4	55	-84.245	-16.903	0.136	0	0	0	0	5	55	-78.569	-26.973	0.783	0	0	0	0	6	55	-82.251	-24.169	12.046	0	0	0	0	7	55	-82.484	-22.322	-10.593	0	0	0	0	8	55	-72.157	-45.097	-2.523	0	0	0	0	9	55	-151.286	0.905	1.674	0	0	0	0	10	55	3.657471E+28	-4.11263E+28	-3.274077E+28	0	0	0	0	1	0	-79.096	-19.595	0.977	5	5	5	4	2	0	-78.277	-10.303	0.035	5	5	5	1	0	0	-87.203	-5.704	-0.466	0	0	0	0	54575900	54575909	54575909
515	0	0	4	55	-83.789	-17.06	0.168	0	0	0	0	5	55	-78.134	-27.229	0.687	0	0	0	0	6	55	-82.246	-24.354	12.19	0	0	0	0	7	55	-82.512	-22.648	-10.668	0	0	0	0	8	55	-72.206	-45.138	-2.609	0	0	0	0	9	55	-151.355	0.789	1.739	0	0	0	0	10	55	3.660477E+28	-4.111319E+28	-3.272362E+28	0	0	0	0	1	0	-79.096	-19.595	0.977	5	5	5	4	2	0	-78.277	-10.303	0.035	5	5	5	1	0	0	-87.203	-5.704	-0.466	0	0	0	0	54575917	54575925	54575925
532	0	0	4	55	-83.606	-17.242	0.272	0	0	0	0	5	55	-78.035	-27.342	0.693	0	0	0	0	6	55	-82.311	-24.405	12.19	0	0	0	0	7	55	-82.627	-22.535	-10.785	0	0	0	0	8	55	-72.327	-45.163	-2.618	0	0	0	0	9	55	-152.048	0.411	1.625	0	0	0	0	10	55	3.660175E+28	-4.111775E+28	-3.272127E+28	0	0	0	0	1	0	-79.096	-19.595	0.977	5	5	5	4	2	0	-78.277	-10.303	0.035	5	5	5	1	0	0	-87.203	-5.704	-0.466	0	0	0	0	54575933	54575942	0
532	0	0	4	55	-83.606	-17.242	0.272	0	0	0	0	5	55	-78.035	-27.342	0.693	0	0	0	0	6	55	-82.311	-24.405	12.19	0	0	0	0	7	55	-82.627	-22.535	-10.785	0	0	0	0	8	55	-72.327	-45.163	-2.618	0	0	0	0	9	55	-152.048	0.411	1.625	0	0	0	0	10	55	3.660175E+28	-4.111775E+28	-3.272127E+28	0	0	0	0	1	0	-79.096	-19.595	0.977	5	5	5	4	2	0	-78.277	-10.303	0.035	5	5	5	1	0	0	-87.203	-5.704	-0.466	0	0	0	0	54575933	54575942	54575942
549	0	0	4	55	-83.1	-17.64	0.229	0	0	0	0	5	55	-77.98	-27.609	0.71	0	0	0	0	6	55	-82.307	-24.727	12.255	0	0	0	0	7	55	-82.396	-23.173	-10.681	0	0	0	0	8	55	-72.632	-45.27	-2.846	0	0	0	0	9	55	-152.139	0.245	1.576	0	0	0	0	10	55	3.658791E+28	-4.115037E+28	-3.269574E+28	0	0	0	0	1	1	-79.096	-19.595	0.977	5	5	5	4	2	0	-78.277	-10.303	0.035	5	5	5	1	0	0	-87.203	-5.704	-0.466	0	0	0	0	54575950	54575959	0
549	0	0	4	55	-83.1	-17.64	0.229	0	0	0	0	5	55	-77.98	-27.609	0.71	0	0	0	0	6	55	-82.307	-24.727	12.255	0	0	0	0	7	55	-82.396	-23.173	-10.681	0	0	0	0	8	55	-72.632	-45.27	-2.846	0	0	0	0	9	55	-152.139	0.245	1.576	0	0	0	0	10	55	3.658791E+28	-4.115037E+28	-3.269574E+28	0	0	0	0	1	2	-79.096	-19.595	0.977	5	5	5	4	2	0	-78.277	-10.303	0.035	5	5	5	1	0	0	-87.203	-5.704	-0.466	0	0	0	0	54575950	54575959	54575959
565	0	0	4	55	-82.938	-18.114	0.075	0	0	0	0	5	55	-77.889	-28.26	0.504	0	0	0	0	6	55	-82.254	-24.89	12.308	0	0	0	0	7	55	-82.321	-22.813	-10.999	0	0	0	0	8	55	-72.86	-45.835	-3.011	0	0	0	0	9	55	-151.965	0.176	1.444	0	0	0	0	10	55	3.667761E+28	-4.111999E+28	-3.26334E+28	0	0	0	0	1	2	-79.096	-19.595	0.977	5	5	5	4	2	0	-78.277	-10.303	0.035	5	5	5	1	0	0	-87.203	-5.704	-0.466	0	0	0	0	54575967	54575975	54575975
582	0	0	4	55	-82.735	-18.428	0.073	0	0	0	0	5	55	-77.958	-28.504	0.152	0	0	0	0	6	55	-82.349	-25.27	12.136	0	0	0	0	7	55	-82.437	-23.388	-10.962	0	0	0	0	8	55	-73.141	-46.05	-3.098	0	0	0	0	9	55	-151.945	0.039	1.325	0	0	0	0	10	55	3.667909E+28	-4.107506E+28	-3.268827E+28	0	0	0	0	1	2	-79.096	-19.595	0.977	5	5	5	4	2	0	-78.277	-10.303	0.035	5	5	5	1	0	0	-87.203	-5.704	-0.466	0	0	0	0	54575984	54575992	0
582	0	0	4	55	-82.735	-18.428	0.073	0	0	0	0	5	55	-77.958	-28.504	0.152	0	0	0	0	6	55	-82.349	-25.27	12.136	0	0	0	0	7	55	-82.437	-23.388	-10.962	0	0	0	0	8	55	-73.141	-46.05	-3.098	0	0	0	0	9	55	-151.945	0.039	1.325	0	0	0	0	10	55	3.667909E+28	-4.107507E+28	-3.268827E+28	0	0	0	0	1	2	-79.096	-19.595	0.977	5	5	5	4	2	0	-78.277	-10.303	0.035	5	5	5	1	0	0	-87.203	-5.704	-0.466	0	0	0	0	54575984	54575992	54575992
598	0	0	4	55	-82.344	-19.145	0.038	0	0	0	0	5	55	-77.926	-29.176	-0.051	0	0	0	0	6	55	-82.276	-25.672	12.197	0	0	0	0	7	55	-82.374	-23.236	-10.963	0	0	0	0	8	55	-73.468	-46.766	-2.991	0	0	0	0	9	55	-151.778	0.13	1.211	0	0	0	0	10	55	3.665803E+28	-4.108062E+28	-3.270491E+28	0	0	0	0	1	2	-79.096	-19.595	0.977	5	5	5	4	2	0	-78.277	-10.303	0.035	5	5	5	1	0	0	-87.203	-5.704	-0.466	0	0	0	0	54576000	54576008	0
599	0	0	4	55	-82.344	-19.145	0.038	0	0	0	0	5	55	-77.926	-29.176	-0.05	0	0	0	0	6	55	-82.276	-25.672	12.197	0	0	0	0	7	55	-82.374	-23.236	-10.963	0	0	0	0	8	55	-73.468	-46.766	-2.991	0	0	0	0	9	55	-151.778	0.13	1.211	0	0	0	0	10	55	3.665801E+28	-4.108062E+28	-3.270493E+28	0	0	0	0	1	2	-79.096	-19.595	0.977	5	5	5	4	2	0	-78.277	-10.303	0.035	5	5	5	1	0	0	-87.203	-5.704	-0.466	0	0	0	0	54576000	54576009	54576009
615	0	0	4	55	-82.216	-19.281	0.151	0	0	0	0	5	55	-77.85	-29.356	0.146	0	0	0	0	6	55	-82.208	-25.774	12.324	0	0	0	0	7	55	-81.977	-24.6	-10.817	0	0	0	0	8	55	-73.652	-46.942	-2.972	0	0	0	0	9	55	-151.654	0.085	1.349	0	0	0	0	10	55	3.663622E+28	-4.108404E+28	-3.272505E+28	0	0	0	0	1	2	-79.096	-19.595	0.977	5	5	5	4	2	0	-78.277	-10.303	0.035	5	5	5	1	0	0	-87.203	-5.704	-0.466	0	0	0	0	54576017	54576025	54576025
632	0	0	4	55	-81.609	-19.643	0.098	0	0	0	0	5	55	-77.626	-29.922	0.043	0	0	0	0	6	55	-82.111	-26.091	12.215	0	0	0	0	7	55	-81.821	-24.411	-10.896	0	0	0	0	8	55	-73.796	-47.539	-2.959	0	0	0	0	9	55	-151.76	-0.038	1.246	0	0	0	0	10	55	3.668286E+28	-4.108488E+28	-3.26717E+28	0	0	0	0	1	2	-79.096	-19.595	0.977	5	5	5	4	2	0	-78.277	-10.303	0.035	5	5	5	1	0	0	-87.203	-5.704	-0.466	0	0	0	0	54576033	54576042	0
632	0	0	4	55	-81.609	-19.643	0.098	0	0	0	0	5	55	-77.626	-29.922	0.043	0	0	0	0	6	55	-82.111	-26.091	12.215	0	0	0	0	7	55	-81.821	-24.411	-10.896	0	0	0	0	8	55	-73.796	-47.539	-2.959	0	0	0	0	9	55	-151.76	-0.038	1.246	0	0	0	0	10	55	3.668287E+28	-4.108488E+28	-3.26717E+28	0	0	0	0	1	2	-79.096	-19.595	0.977	5	5	5	4	2	0	-78.277	-10.303	0.035	5	5	5	1	0	0	-87.203	-5.704	-0.466	0	0	0	0	54576033	54576042	54576042
650	0	0	4	55	-81.276	-19.793	-0.014	0	0	0	0	5	55	-77.434	-30.384	-0.023	0	0	0	0	6	55	-82.006	-26.079	12.263	0	0	0	0	7	55	-81.84	-25.039	-11.19	0	0	0	0	8	55	-74.056	-48.073	-2.938	0	0	0	0	9	55	-151.754	-0.094	1.332	0	0	0	0	10	55	3.672021E+28	-4.11299E+28	-3.257294E+28	0	0	0	0	1	2	-79.096	-19.595	0.977	5	5	5	4	2	0	-78.277	-10.303	0.035	5	5	5	1	0	0	-87.203	-5.704	-0.466	0	0	0	0	54576052	54576061	0
651	0	0	4	55	-81.276	-19.793	-0.014	0	0	0	0	5	55	-77.434	-30.384	-0.023	0	0	0	0	6	55	-82.006	-26.079	12.263	0	0	0	0	7	55	-81.84	-25.039	-11.19	0	0	0	0	8	55	-74.056	-48.073	-2.938	0	0	0	0	9	55	-151.754	-0.094	1.332	0	0	0	0	10	55	3.672022E+28	-4.11299E+28	-3.257294E+28	0	0	0	0	1	2	-79.096	-19.595	0.977	5	5	5	4	2	0	-78.277	-10.303	0.035	5	5	5	1	0	0	-87.203	-5.704	-0.466	0	0	0	0	54576052	54576061	54576061
665	0	0	4	55	-81.229	-19.744	0.056	0	0	0	0	5	55	-77.384	-30.584	0.056	0	0	0	0	6	55	-81.934	-26.039	12.256	0	0	0	0	7	55	-81.988	-24.861	-11.162	0	0	0	0	8	55	-74.029	-48.311	-3.002	0	0	0	0	9	55	-151.854	-0.154	1.234	0	0	0	0	10	55	3.670427E+28	-4.113715E+28	-3.258176E+28	0	0	0	0	1	2	-79.096	-19.595	0.977	5	5	5	4	2	0	-78.277	-10.303	0.035	5	5	5	1	0	0	-87.203	-5.704	-0.466	0	0	0	0	54576066	54576075	54576075
682	0	0	4	55	-81.264	-19.712	0.222	0	0	0	0	5	55	-77.511	-30.729	0.126	0	0	0	0	6	55	-81.899	-26.038	12.329	0	0	0	0	7	55	-81.75	-25.271	-10.957	0	0	0	0	8	55	-74.365	-48.646	-2.824	0	0	0	0	9	55	-151.999	-0.138	1.422	0	0	0	0	10	55	3.665187E+28	-4.1157E+28	-3.261565E+28	0	0	0	0	1	2	-79.096	-19.595	0.977	5	5	5	4	2	0	-78.277	-10.303	0.035	5	5	5	1	0	0	-87.203	-5.704	-0.466	0	0	0	0	54576083	54576092	0
682	0	0	4	55	-81.264	-19.712	0.222	0	0	0	0	5	55	-77.511	-30.729	0.126	0	0	0	0	6	55	-81.899	-26.038	12.329	0	0	0	0	7	55	-81.75	-25.271	-10.958	0	0	0	0	8	55	-74.365	-48.646	-2.824	0	0	0	0	9	55	-151.999	-0.138	1.422	0	0	0	0	10	55	3.665187E+28	-4.1157E+28	-3.261567E+28	0	0	0	0	1	2	-79.096	-19.595	0.977	5	5	5	4	2	0	-78.277	-10.303	0.035	5	5	5	1	0	0	-87.203	-5.704	-0.466	0	0	0	0	54576084	54576092	54576092
698	0	0	4	55	-81.132	-19.954	0.187	0	0	0	0	5	55	-77.342	-31.118	-0.064	0	0	0	0	6	55	-81.851	-26.315	12.198	0	0	0	0	7	55	-81.384	-25.019	-10.892	0	0	0	0	8	55	-74.574	-48.942	-3.003	0	0	0	0	9	55	-152.152	-0.409	1.286	0	0	0	0	10	55	3.669057E+28	-4.110197E+28	-3.264153E+28	0	0	0	0	1	2	-79.096	-19.595	0.977	5	5	5	4	2	0	-78.277	-10.303	0.035	5	5	5	1	0	0	-87.203	-5.704	-0.466	0	0	0	0	54576099	54576109	0
699	0	0	4	55	-81.132	-19.954	0.187	0	0	0	0	5	55	-77.342	-31.118	-0.064	0	0	0	0	6	55	-81.851	-26.315	12.198	0	0	0	0	7	55	-81.384	-25.019	-10.892	0	0	0	0	8	55	-74.574	-48.942	-3.003	0	0	0	0	9	55	-152.152	-0.409	1.286	0	0	0	0	10	55	3.669057E+28	-4.110197E+28	-3.264153E+28	0	0	0	0	1	2	-79.096	-19.595	0.977	5	5	5	4	2	0	-78.277	-10.303	0.035	5	5	5	1	0	0	-87.203	-5.704	-0.466	0	0	0	0	54576099	54576109	54576109
715	0	0	4	55	-81.224	-19.998	0.269	0	0	0	0	5	55	-77.489	-31.275	0.14	0	0	0	0	6	55	-81.654	-26.343	12.306	0	0	0	0	7	55	-81.46	-25.397	-10.851	0	0	0	0	8	55	-74.867	-49.213	-2.896	0	0	0	0	9	55	-152.083	-0.39	1.469	0	0	0	0	10	55	3.659979E+28	-4.113581E+28	-3.270076E+28	0	0	0	0	1	2	-79.096	-19.595	0.977	5	5	5	4	2	0	-78.277	-10.303	0.035	5	5	5	1	0	0	-87.203	-5.704	-0.466	0	0	0	0	54576117	54576125	54576125
732	0	0	4	55	-81.272	-19.942	0.254	0	0	0	0	5	55	-77.621	-31.353	0.362	0	0	0	0	6	55	-81.72	-26.272	12.276	0	0	0	0	7	55	-81.296	-25.044	-10.662	0	0	0	0	8	55	-75.014	-49.254	-2.851	0	0	0	0	9	55	-152.107	-0.315	1.511	0	0	0	0	10	55	3.65288E+28	-4.118202E+28	-3.272198E+28	0	0	0	0	1	2	-79.096	-19.595	0.977	5	5	5	4	2	0	-78.277	-10.303	0.035	5	5	5	1	0	0	-87.203	-5.704	-0.466	0	0	0	0	54576133	54576142	0
732	0	0	4	55	-81.272	-19.942	0.254	0	0	0	0	5	55	-77.621	-31.353	0.362	0	0	0	0	6	55	-81.72	-26.272	12.276	0	0	0	0	7	55	-81.296	-25.044	-10.662	0	0	0	0	8	55	-75.014	-49.254	-2.851	0	0	0	0	9	55	-152.107	-0.315	1.511	0	0	0	0	10	55	3.65288E+28	-4.118201E+28	-3.272199E+28	0	0	0	0	1	2	-79.096	-19.595	0.977	5	5	5	4	2	0	-78.277	-10.303	0.035	5	5	5	1	0	0	-87.203	-5.704	-0.466	0	0	0	0	54576133	54576142	54576142
748	0	0	4	55	-81.597	-20.026	0.245	0	0	0	0	5	55	-77.902	-31.546	0.507	0	0	0	0	6	55	-81.709	-26.295	12.311	0	0	0	0	7	55	-81.669	-25.101	-10.697	0	0	0	0	8	55	-75.425	-49.391	-2.917	0	0	0	0	9	55	-152.135	-0.4	1.418	0	0	0	0	10	55	3.651785E+28	-4.117292E+28	-3.274564E+28	0	0	0	0	1	2	-79.096	-19.595	0.977	5	5	5	4	2	0	-78.277	-10.303	0.035	5	5	5	1	0	0	-87.203	-5.704	-0.466	0	0	0	0	54576150	54576159	0
749	0	0	4	55	-81.597	-20.026	0.245	0	0	0	0	5	55	-77.902	-31.546	0.507	0	0	0	0	6	55	-81.709	-26.295	12.311	0	0	0	0	7	55	-81.669	-25.101	-10.697	0	0	0	0	8	55	-75.425	-49.391	-2.917	0	0	0	0	9	55	-152.135	-0.4	1.418	0	0	0	0	10	55	3.651784E+28	-4.117292E+28	-3.274566E+28	0	0	0	0	1	2	-79.096	-19.595	0.977	5	5	5	4	2	0	-78.277	-10.303	0.035	5	5	5	1	0	0	-87.203	-5.704	-0.466	0	0	0	0	54576150	54576159	54576159
765	0	0	4	55	-81.702	-20.02	0.291	0	0	0	0	5	55	-78.083	-31.654	0.491	0	0	0	0	6	55	-81.621	-26.413	12.319	0	0	0	0	7	55	-81.689	-25.599	-10.839	0	0	0	0	8	55	-75.473	-49.614	-2.912	0	0	0	0	9	55	-152.126	-0.453	1.442	0	0	0	0	10	55	3.65295E+28	-4.118795E+28	-3.271373E+28	0	0	0	0	1	2	-79.096	-19.595	0.977	5	5	5	4	2	0	-78.277	-10.303	0.035	5	5	5	1	0	0	-87.203	-5.704	-0.466	0	0	0	0	54576166	54576175	54576175
782	0	0	4	55	-81.751	-20.138	0.185	0	0	0	0	5	55	-78.153	-31.921	0.447	0	0	0	0	6	55	-81.696	-26.557	12.152	0	0	0	0	7	55	-81.589	-25.629	-10.846	0	0	0	0	8	55	-75.628	-49.865	-2.959	0	0	0	0	9	55	-152.169	-0.622	1.173	0	0	0	0	10	55	3.658544E+28	-4.116636E+28	-3.267836E+28	0	0	0	0	1	2	-79.096	-19.595	0.977	5	5	5	4	2	0	-78.277	-10.303	0.035	5	5	5	1	0	0	-87.203	-5.704	-0.466	0	0	0	0	54576184	54576192	0
782	0	0	4	55	-81.751	-20.138	0.185	0	0	0	0	5	55	-78.153	-31.921	0.448	0	0	0	0	6	55	-81.696	-26.557	12.152	0	0	0	0	7	55	-81.589	-25.629	-10.846	0	0	0	0	8	55	-75.628	-49.865	-2.959	0	0	0	0	9	55	-152.169	-0.622	1.173	0	0	0	0	10	55	3.658545E+28	-4.116637E+28	-3.267835E+28	0	0	0	0	1	2	-79.096	-19.595	0.977	5	5	5	4	2	0	-78.277	-10.303	0.035	5	5	5	1	0	0	-87.203	-5.704	-0.466	0	0	0	0	54576184	54576192	54576192
798	0	0	4	55	-81.869	-20.093	0.283	0	0	0	0	5	55	-78.181	-31.992	0.715	0	0	0	0	6	55	-81.667	-26.583	12.169	0	0	0	0	7	55	-81.445	-25.156	-10.795	0	0	0	0	8	55	-75.758	-50.032	-2.801	0	0	0	0	9	55	-152.167	-0.682	1.348	0	0	0	0	10	55	3.65224E+28	-4.124753E+28	-3.264652E+28	0	0	0	0	1	2	-79.096	-19.595	0.977	5	5	5	4	2	0	-78.277	-10.303	0.035	5	5	5	1	0	0	-87.203	-5.704	-0.466	0	0	0	0	54576199	54576209	0
799	0	0	4	55	-81.869	-20.093	0.283	0	0	0	0	5	55	-78.181	-31.992	0.715	0	0	0	0	6	55	-81.667	-26.583	12.169	0	0	0	0	7	55	-81.445	-25.156	-10.795	0	0	0	0	8	55	-75.758	-50.032	-2.801	0	0	0	0	9	55	-152.167	-0.682	1.348	0	0	0	0	10	55	3.652241E+28	-4.124753E+28	-3.264651E+28	0	0	0	0	1	2	-79.096	-19.595	0.977	5	5	5	4	2	0	-78.277	-10.303	0.035	5	5	5	1	0	0	-87.203	-5.704	-0.466	0	0	0	0	54576200	54576209	54576209
815	0	0	4	55	-82.079	-20.29	0.284	0	0	0	0	5	55	-78.272	-32.376	0.683	0	0	0	0	6	55	-81.665	-26.822	12.134	0	0	0	0	7	55	-81.769	-25.513	-10.855	0	0	0	0	8	55	-75.837	-50.382	-2.799	0	0	0	0	9	55	-152.231	-0.964	1.274	0	0	0	0	10	55	3.664891E+28	-4.125671E+28	-3.249277E+28	0	0	0	0	1	2	-79.096	-19.595	0.977	5	5	5	4	2	0	-78.277	-10.303	0.035	5	5	5	1	0	0	-87.203	-5.704	-0.466	0	0	0	0	54576216	54576225	54576225
832	0	0	4	55	-82.031	-20.469	0.364	0	0	0	0	5	55	-78.422	-32.432	0.724	0	0	0	0	6	55	-81.636	-26.891	12.1	0	0	0	0	7	55	-81.712	-25.968	-10.78	0	0	0	0	8	55	-75.895	-50.594	-2.712	0	0	0	0	9	55	-152.058	-0.87	1.275	0	0	0	0	10	55	3.670742E+28	-4.122636E+28	-3.246524E+28	0	0	0	0	1	2	-79.096	-19.595	0.977	5	5	5	4	2	0	-78.277	-10.303	0.035	5	5	5	1	0	0	-87.203	-5.704	-0.466	0	0	0	0	54576233	54576242	0
832	0	0	4	55	-82.031	-20.469	0.364	0	0	0	0	5	55	-78.422	-32.432	0.724	0	0	0	0	6	55	-81.636	-26.891	12.1	0	0	0	0	7	55	-81.712	-25.968	-10.78	0	0	0	0	8	55	-75.895	-50.594	-2.712	0	0	0	0	9	55	-152.058	-0.87	1.275	0	0	0	0	10	55	3.670742E+28	-4.122637E+28	-3.246524E+28	0	0	0	0	1	2	-79.096	-19.595	0.977	5	5	5	4	2	0	-78.277	-10.303	0.035	5	5	5	1	0	0	-87.203	-5.704	-0.466	0	0	0	0	54576233	54576242	54576242
848	0	0	4	55	-82.14	-20.307	0.396	0	0	0	0	5	55	-78.466	-32.427	0.658	0	0	0	0	6	55	-81.71	-26.72	12.114	0	0	0	0	7	55	-81.685	-25.895	-10.889	0	0	0	0	8	55	-76.085	-50.524	-2.825	0	0	0	0	9	55	-151.963	-0.658	1.362	0	0	0	0	10	55	3.660171E+28	-4.123297E+28	-3.257601E+28	0	0	0	0	1	2	-79.096	-19.595	0.977	5	5	5	4	2	0	-78.277	-10.303	0.035	5	5	5	1	0	0	-87.203	-5.704	-0.466	0	0	0	0	54576249	54576259	0
849	0	0	4	55	-82.14	-20.307	0.396	0	0	0	0	5	55	-78.466	-32.427	0.658	0	0	0	0	6	55	-81.71	-26.72	12.114	0	0	0	0	7	55	-81.685	-25.895	-10.889	0	0	0	0	8	55	-76.085	-50.524	-2.825	0	0	0	0	9	55	-151.963	-0.658	1.362	0	0	0	0	10	55	3.660171E+28	-4.123297E+28	-3.2576E+28	0	0	0	0	1	2	-79.096	-19.595	0.977	5	5	5	4	2	0	-78.277	-10.303	0.035	5	5	5	1	0	0	-87.203	-5.704	-0.466	0	0	0	0	54576249	54576259	54576259
865	0	0	4	55	-82.206	-20.143	0.42	0	0	0	0	5	55	-78.468	-32.461	0.634	0	0	0	0	6	55	-81.657	-26.606	12.165	0	0	0	0	7	55	-81.55	-25.323	-10.583	0	0	0	0	8	55	-76.317	-50.641	-2.799	0	0	0	0	9	55	-151.918	-0.571	1.434	0	0	0	0	10	55	3.652557E+28	-4.127951E+28	-3.260251E+28	0	0	0	0	1	2	-79.096	-19.595	0.977	5	5	5	4	2	0	-78.277	-10.303	0.035	5	5	5	1	0	0	-87.203	-5.704	-0.466	0	0	0	0	54576267	54576275	54576275
882	0	0	4	55	-82.113	-20.207	0.488	0	0	0	0	5	55	-78.444	-32.56	0.916	0	0	0	0	6	55	-81.612	-26.68	12.208	0	0	0	0	7	55	-81.731	-25.291	-10.491	0	0	0	0	8	55	-76.297	-50.808	-2.624	0	0	0	0	9	55	-151.897	-0.638	1.541	0	0	0	0	10	55	3.650935E+28	-4.126629E+28	-3.263741E+28	0	0	0	0	1	2	-79.096	-19.595	0.977	5	5	5	4	2	0	-78.277	-10.303	0.035	5	5	5	1	0	0	-87.203	-5.704	-0.466	0	0	0	0	54576282	54576292	0
882	0	0	4	55	-82.113	-20.207	0.488	0	0	0	0	5	55	-78.444	-32.56	0.916	0	0	0	0	6	55	-81.612	-26.68	12.208	0	0	0	0	7	55	-81.731	-25.291	-10.491	0	0	0	0	8	55	-76.297	-50.808	-2.624	0	0	0	0	9	55	-151.897	-0.638	1.541	0	0	0	0	10	55	3.650936E+28	-4.126629E+28	-3.26374E+28	0	0	0	0	1	2	-79.096	-19.595	0.977	5	5	5	4	2	0	-78.277	-10.303	0.035	5	5	5	1	0	0	-87.203	-5.704	-0.466	0	0	0	0	54576282	54576292	54576292
898	0	0	4	55	-82.244	-20.05	0.503	0	0	0	0	5	55	-78.504	-32.629	0.931	0	0	0	0	6	55	-81.646	-26.544	12.21	0	0	0	0	7	55	-81.793	-25.55	-10.659	0	0	0	0	8	55	-76.404	-50.992	-2.618	0	0	0	0	9	55	-151.888	-0.63	1.461	0	0	0	0	10	55	3.650477E+28	-4.12684E+28	-3.263985E+28	0	0	0	0	1	2	-79.096	-19.595	0.977	5	5	5	4	2	0	-78.277	-10.303	0.035	5	5	5	1	0	0	-87.203	-5.704	-0.466	0	0	0	0	54576299	54576308	0
899	0	0	4	55	-82.244	-20.05	0.503	0	0	0	0	5	55	-78.504	-32.629	0.931	0	0	0	0	6	55	-81.646	-26.544	12.21	0	0	0	0	7	55	-81.793	-25.55	-10.659	0	0	0	0	8	55	-76.404	-50.992	-2.618	0	0	0	0	9	55	-151.888	-0.63	1.461	0	0	0	0	10	55	3.650477E+28	-4.12684E+28	-3.263986E+28	0	0	0	0	1	2	-79.096	-19.595	0.977	5	5	5	4	2	0	-78.277	-10.303	0.035	5	5	5	1	0	0	-87.203	-5.704	-0.466	0	0	0	0	54576299	54576309	54576309
915	0	0	4	55	-82.484	-19.754	0.658	0	0	0	0	5	55	-78.594	-32.538	0.813	0	0	0	0	6	55	-81.66	-26.482	12.205	0	0	0	0	7	55	-81.68	-24.717	-10.398	0	0	0	0	8	55	-76.65	-50.824	-2.59	0	0	0	0	9	55	-151.874	-0.538	1.481	0	0	0	0	10	55	3.64574E+28	-4.127034E+28	-3.269033E+28	0	0	0	0	1	2	-79.096	-19.595	0.977	5	5	5	4	2	0	-78.277	-10.303	0.035	5	5	5	1	0	0	-87.203	-5.704	-0.466	0	0	0	0	54576317	54576325	54576325
932	0	0	4	55	-82.551	-19.519	0.64	0	0	0	0	5	55	-78.757	-32.394	0.951	0	0	0	0	6	55	-81.646	-26.337	12.235	0	0	0	0	7	55	-81.591	-25.068	-10.41	0	0	0	0	8	55	-76.647	-50.824	-2.623	0	0	0	0	9	55	-151.874	-0.44	1.591	0	0	0	0	10	55	3.638613E+28	-4.128577E+28	-3.275019E+28	0	0	0	0	1	2	-79.096	-19.595	0.977	5	5	5	4	2	0	-78.277	-10.303	0.035	5	5	5	1	0	0	-87.203	-5.704	-0.466	0	0	0	0	54576334	54576342	0
932	0	0	4	55	-82.551	-19.519	0.64	0	0	0	0	5	55	-78.757	-32.394	0.951	0	0	0	0	6	55	-81.646	-26.337	12.235	0	0	0	0	7	55	-81.591	-25.068	-10.41	0	0	0	0	8	55	-76.647	-50.824	-2.623	0	0	0	0	9	55	-151.874	-0.44	1.591	0	0	0	0	10	55	3.638613E+28	-4.128576E+28	-3.275019E+28	0	0	0	0	1	2	-79.096	-19.595	0.977	5	5	5	4	2	0	-78.277	-10.303	0.035	5	5	5	1	0	0	-87.203	-5.704	-0.466	0	0	0	0	54576334	54576342	54576342
948	0	0	4	55	-82.683	-19.455	0.79	0	0	0	0	5	55	-78.772	-32.415	0.991	0	0	0	0	6	55	-81.694	-26.354	12.257	0	0	0	0	7	55	-81.804	-24.58	-10.174	0	0	0	0	8	55	-76.677	-51.052	-2.364	0	0	0	0	9	55	-152.051	-0.595	1.687	0	0	0	0	10	55	3.645492E+28	-4.12998E+28	-3.265585E+28	0	0	0	0	1	2	-79.096	-19.595	0.977	5	5	5	4	2	0	-78.277	-10.303	0.035	5	5	5	1	0	0	-87.203	-5.704	-0.466	0	0	0	0	54576349	54576358	0
949	0	0	4	55	-82.683	-19.455	0.79	0	0	0	0	5	55	-78.772	-32.415	0.991	0	0	0	0	6	55	-81.694	-26.354	12.257	0	0	0	0	7	55	-81.804	-24.58	-10.174	0	0	0	0	8	55	-76.677	-51.052	-2.364	0	0	0	0	9	55	-152.051	-0.595	1.687	0	0	0	0	10	55	3.645492E+28	-4.12998E+28	-3.265585E+28	0	0	0	0	1	2	-79.096	-19.595	0.977	5	5	5	4	2	0	-78.277	-10.303	0.035	5	5	5	1	0	0	-87.203	-5.704	-0.466	0	0	0	0	54576349	54576359	54576359
965	0	0	4	55	-82.926	-19.357	0.821	0	0	0	0	5	55	-78.966	-32.356	1.179	0	0	0	0	6	55	-81.722	-26.262	12.281	0	0	0	0	7	55	-81.885	-24.8	-10.37	0	0	0	0	8	55	-76.898	-50.896	-2.592	0	0	0	0	9	55	-152.068	-0.54	1.845	0	0	0	0	10	55	3.644683E+28	-4.128828E+28	-3.267943E+28	0	0	0	0	1	2	-79.096	-19.595	0.977	5	5	5	4	2	0	-78.277	-10.303	0.035	5	5	5	1	0	0	-87.203	-5.704	-0.466	0	0	0	0	54576367	54576375	54576375
982	0	0	4	55	-82.86	-19.313	0.793	0	0	0	0	5	55	-79.061	-32.326	1.272	0	0	0	0	6	55	-81.779	-26.226	12.349	0	0	0	0	7	55	-81.705	-24.654	-10.139	0	0	0	0	8	55	-76.978	-50.868	-2.62	0	0	0	0	9	55	-152.1	-0.597	1.79	0	0	0	0	10	55	3.642479E+28	-4.131257E+28	-3.26733E+28	0	0	0	0	1	2	-79.096	-19.595	0.977	5	5	5	4	2	0	-78.277	-10.303	0.035	5	5	5	1	0	0	-87.203	-5.704	-0.466	0	0	0	0	54576383	54576392	0
982	0	0	4	55	-82.86	-19.313	0.793	0	0	0	0	5	55	-79.061	-32.326	1.272	0	0	0	0	6	55	-81.779	-26.226	12.349	0	0	0	0	7	55	-81.705	-24.654	-10.139	0	0	0	0	8	55	-76.978	-50.868	-2.62	0	0	0	0	9	55	-152.1	-0.597	1.79	0	0	0	0	10	55	3.642481E+28	-4.131257E+28	-3.267329E+28	0	0	0	0	1	2	-79.096	-19.595	0.977	5	5	5	4	2	0	-78.277	-10.303	0.035	5	5	5	1	0	0	-87.203	-5.704	-0.466	0	0	0	0	54576383	54576392	54576392
999	0	0	4	55	-82.931	-19.387	0.966	0	0	0	0	5	55	-79.074	-32.526	1.364	0	0	0	0	6	55	-81.868	-26.301	12.378	0	0	0	0	7	55	-81.71	-24.944	-10.314	0	0	0	0	8	55	-76.744	-51.065	-2.347	0	0	0	0	9	55	-152.076	-0.719	1.94	0	0	0	0	10	55	3.649288E+28	-4.132841E+28	-3.257716E+28	0	0	0	0	1	2	-79.096	-19.595	0.977	5	5	5	4	2	0	-78.277	-10.303	0.035	5	5	5	1	0	0	-87.203	-5.704	-0.466	0	0	0	0	54576399	54576409	0
999	0	0	4	55	-82.931	-19.387	0.966	0	0	0	0	5	55	-79.074	-32.526	1.364	0	0	0	0	6	55	-81.868	-26.301	12.378	0	0	0	0	7	55	-81.71	-24.944	-10.314	0	0	0	0	8	55	-76.744	-51.065	-2.347	0	0	0	0	9	55	-152.076	-0.719	1.94	0	0	0	0	10	55	3.649288E+28	-4.132842E+28	-3.257716E+28	0	0	0	0	1	2	-79.096	-19.595	0.977	5	5	5	4	2	0	-78.277	-10.303	0.035	5	5	5	1	0	0	-87.203	-5.704	-0.466	0	0	0	0	54576399	54576409	54576409
1015	0	0	4	55	-83.19	-19.139	1.04	0	0	0	0	5	55	-79.116	-32.428	1.31	0	0	0	0	6	55	-82.032	-26.236	12.375	0	0	0	0	7	55	-81.966	-24.805	-9.925	0	0	0	0	8	55	-76.877	-51.076	-2.431	0	0	0	0	9	55	-152.228	-0.717	2.01	0	0	0	0	10	55	3.644982E+28	-4.129944E+28	-3.2662E+28	0	0	0	0	1	2	-79.096	-19.595	0.977	5	5	5	4	2	0	-78.277	-10.303	0.035	5	5	5	1	0	0	-87.203	-5.704	-0.466	0	0	0	0	54576417	54576425	54576425
1032	0	0	4	55	-83.29	-19.104	0.986	0	0	0	0	5	55	-79.059	-32.483	1.32	0	0	0	0	6	55	-82.087	-26.302	12.307	0	0	0	0	7	55	-82.018	-24.769	-10.297	0	0	0	0	8	55	-77.067	-51.188	-2.442	0	0	0	0	9	55	-152.349	-0.81	1.901	0	0	0	0	10	55	3.645668E+28	-4.129327E+28	-3.266216E+28	0	0	0	0	1	2	-79.096	-19.595	0.977	5	5	5	4	2	0	-78.277	-10.303	0.035	5	5	5	1	0	0	-87.203	-5.704	-0.466	0	0	0	0	54576434	54576442	0
1033	0	0	4	55	-83.29	-19.104	0.986	0	0	0	0	5	55	-79.059	-32.483	1.32	0	0	0	0	6	55	-82.087	-26.302	12.307	0	0	0	0	7	55	-82.018	-24.769	-10.297	0	0	0	0	8	55	-77.067	-51.188	-2.442	0	0	0	0	9	55	-152.349	-0.81	1.901	0	0	0	0	10	55	3.645667E+28	-4.129326E+28	-3.266217E+28	0	0	0	0	1	2	-79.096	-19.595	0.977	5	5	5	4	2	0	-78.277	-10.303	0.035	5	5	5	1	0	0	-87.203	-5.704	-0.466	0	0	0	0	54576434	54576443	54576443
1048	0	0	4	55	-83.399	-18.999	1.096	0	0	0	0	5	55	-79.344	-32.278	1.437	0	0	0	0	6	55	-82.228	-26.22	12.35	0	0	0	0	7	55	-82.023	-25.255	-10.108	0	0	0	0	8	55	-77.142	-51.236	-2.312	0	0	0	0	9	55	-152.315	-0.807	2.055	0	0	0	0	10	55	3.640651E+28	-4.130904E+28	-3.269814E+28	0	0	0	0	1	2	-79.096	-19.595	0.977	5	5	5	4	2	0	-78.277	-10.303	0.035	5	5	5	1	0	0	-87.203	-5.704	-0.466	0	0	0	0	54576450	54576458	0
1049	0	0	4	55	-83.399	-18.999	1.096	0	0	0	0	5	55	-79.344	-32.278	1.437	0	0	0	0	6	55	-82.228	-26.22	12.35	0	0	0	0	7	55	-82.023	-25.255	-10.108	0	0	0	0	8	55	-77.142	-51.236	-2.312	0	0	0	0	9	55	-152.315	-0.807	2.055	0	0	0	0	10	55	3.640651E+28	-4.130904E+28	-3.269815E+28	0	0	0	0	1	2	-79.096	-19.595	0.977	5	5	5	4	2	0	-78.277	-10.303	0.035	5	5	5	1	0	0	-87.203	-5.704	-0.466	0	0	0	0	54576450	54576459	54576459
1065	0	0	4	55	-83.705	-19.158	0.781	0	0	0	0	5	55	-79.422	-32.675	0.986	0	0	0	0	6	55	-82.347	-26.529	12.058	0	0	0	0	7	55	-82.39	-24.753	-10.234	0	0	0	0	8	55	-77.324	-51.537	-2.658	0	0	0	0	9	55	-152.568	-1.173	1.606	0	0	0	0	10	55	3.639244E+28	-4.132819E+28	-3.268961E+28	0	0	0	0	1	2	-79.096	-19.595	0.977	5	5	5	4	2	0	-78.277	-10.303	0.035	5	5	5	1	0	0	-87.203	-5.704	-0.466	0	0	0	0	54576467	54576475	54576475
1082	0	0	4	55	-83.607	-19	0.806	0	0	0	0	5	55	-79.43	-32.421	1.223	0	0	0	0	6	55	-82.377	-26.31	12.041	0	0	0	0	7	55	-82.203	-24.602	-10.345	0	0	0	0	8	55	-77.233	-51.429	-2.546	0	0	0	0	9	55	-152.559	-0.901	1.694	0	0	0	0	10	55	3.636964E+28	-4.137105E+28	-3.266075E+28	0	0	0	0	1	2	-79.096	-19.595	0.977	5	5	5	4	2	0	-78.277	-10.303	0.035	5	5	5	1	0	0	-87.203	-5.704	-0.466	0	0	0	0	54576483	54576492	0
1082	0	0	4	55	-83.607	-19	0.806	0	0	0	0	5	55	-79.43	-32.421	1.223	0	0	0	0	6	55	-82.377	-26.31	12.041	0	0	0	0	7	55	-82.203	-24.602	-10.345	0	0	0	0	8	55	-77.233	-51.429	-2.546	0	0	0	0	9	55	-152.559	-0.901	1.694	0	0	0	0	10	55	3.636964E+28	-4.137105E+28	-3.266075E+28	0	0	0	0	1	2	-79.096	-19.595	0.977	5	5	5	4	2	0	-78.277	-10.303	0.035	5	5	5	1	0	0	-87.203	-5.704	-0.466	0	0	0	0	54576483	54576492	54576492
1099	0	0	4	55	-83.697	-19.16	0.958	0	0	0	0	5	55	-79.518	-32.581	1.162	0	0	0	0	6	55	-82.488	-26.444	12.123	0	0	0	0	7	55	-82.336	-24.752	-10.121	0	0	0	0	8	55	-77.305	-51.511	-2.638	0	0	0	0	9	55	-152.634	-1.215	1.636	0	0	0	0	10	55	3.643475E+28	-4.125828E+28	-3.273077E+28	0	0	0	0	1	2	-79.096	-19.595	0.977	5	5	5	4	2	0	-78.277	-10.303	0.035	5	5	5	1	0	0	-87.203	-5.704	-0.466	0	0	0	0	54576501	54576509	0
1099	0	0	4	55	-83.697	-19.16	0.958	0	0	0	0	5	55	-79.518	-32.581	1.162	0	0	0	0	6	55	-82.488	-26.444	12.123	0	0	0	0	7	55	-82.336	-24.752	-10.121	0	0	0	0	8	55	-77.305	-51.511	-2.638	0	0	0	0	9	55	-152.634	-1.215	1.636	0	0	0	0	10	55	3.643474E+28	-4.125827E+28	-3.273078E+28	0	0	0	0	1	2	-79.096	-19.595	0.977	5	5	5	4	2	0	-78.277	-10.303	0.035	5	5	5	1	0	0	-87.203	-5.704	-0.466	0	0	0	0	54576501	54576509	54576509
1115	0	0	4	55	-83.843	-19.081	0.99	0	0	0	0	5	55	-79.43	-32.641	1.289	0	0	0	0	6	55	-82.521	-26.488	12.092	0	0	0	0	7	55	-82.349	-24.449	-10.079	0	0	0	0	8	55	-77.228	-51.602	-2.501	0	0	0	0	9	55	-152.526	-1.101	1.733	0	0	0	0	10	55	3.643557E+28	-4.127545E+28	-3.270819E+28	0	0	0	0	1	2	-79.096	-19.595	0.977	5	5	5	4	2	0	-78.277	-10.303	0.035	5	5	5	1	0	0	-87.203	-5.704	-0.466	0	0	0	0	54576517	54576525	54576525
1132	0	0	4	55	-83.95	-19.089	0.963	0	0	0	0	5	55	-79.571	-32.603	1.391	0	0	0	0	6	55	-82.531	-26.686	12.047	0	0	0	0	7	55	-82.399	-24.737	-10.206	0	0	0	0	8	55	-77.256	-51.656	-2.53	0	0	0	0	9	55	-152.528	-1.286	1.755	0	0	0	0	10	55	3.647759E+28	-4.134064E+28	-3.257878E+28	0	0	0	0	1	2	-79.096	-19.595	0.977	5	5	5	4	2	0	-78.277	-10.303	0.035	5	5	5	1	0	0	-87.203	-5.704	-0.466	0	0	0	0	54576533	54576542	0
1132	0	0	4	55	-83.95	-19.089	0.963	0	0	0	0	5	55	-79.571	-32.603	1.391	0	0	0	0	6	55	-82.531	-26.686	12.047	0	0	0	0	7	55	-82.399	-24.737	-10.206	0	0	0	0	8	55	-77.256	-51.656	-2.53	0	0	0	0	9	55	-152.528	-1.286	1.755	0	0	0	0	10	55	3.647758E+28	-4.134064E+28	-3.257879E+28	0	0	0	0	1	2	-79.096	-19.595	0.977	5	5	5	4	2	0	-78.277	-10.303	0.035	5	5	5	1	0	0	-87.203	-5.704	-0.466	0	0	0	0	54576533	54576542	54576542
1149	0	0	4	55	-84.087	-19.041	0.927	0	0	0	0	5	55	-79.513	-32.757	1.084	0	0	0	0	6	55	-82.601	-26.634	11.967	0	0	0	0	7	55	-82.57	-24.668	-10.212	0	0	0	0	8	55	-77.278	-51.682	-2.626	0	0	0	0	9	55	-152.482	-1.236	1.565	0	0	0	0	10	55	3.646325E+28	-4.131692E+28	-3.262488E+28	0	0	0	0	1	0	-79.096	-19.595	0.977	5	5	5	4	2	0	-78.277	-10.303	0.035	5	5	5	1	0	0	-87.203	-5.704	-0.466	0	0	0	0	54576550	54576559	0
1149	0	0	4	55	-84.087	-19.041	0.927	0	0	0	0	5	55	-79.513	-32.757	1.084	0	0	0	0	6	55	-82.601	-26.634	11.967	0	0	0	0	7	55	-82.57	-24.668	-10.212	0	0	0	0	8	55	-77.278	-51.682	-2.626	0	0	0	0	9	55	-152.482	-1.236	1.565	0	0	0	0	10	55	3.646325E+28	-4.131692E+28	-3.262487E+28	0	0	0	0	1	0	-79.096	-19.595	0.977	5	5	5	4	2	0	-78.277	-10.303	0.035	5	5	5	1	0	0	-87.203	-5.704	-0.466	0	0	0	0	54576550	54576559	54576559
1165	0	0	4	55	-84.199	-18.852	0.948	0	0	0	0	5	55	-79.709	-32.582	1.17	0	0	0	0	6	55	-82.601	-26.503	12.014	0	0	0	0	7	55	-82.161	-24.657	-10.217	0	0	0	0	8	55	-77.362	-51.58	-2.596	0	0	0	0	9	55	-152.504	-1.103	1.659	0	0	0	0	10	55	3.635689E+28	-4.136143E+28	-3.268713E+28	0	0	0	0	1	0	-79.096	-19.595	0.977	5	5	5	4	2	0	-78.277	-10.303	0.035	5	5	5	1	0	0	-87.203	-5.704	-0.466	0	0	0	0	54576567	54576575	54576575
1182	0	0	4	55	-84.225	-18.929	0.981	0	0	0	0	5	55	-79.802	-32.538	1.24	0	0	0	0	6	55	-82.658	-26.527	12.054	0	0	0	0	7	55	-82.202	-24.892	-10.132	0	0	0	0	8	55	-77.344	-51.616	-2.567	0	0	0	0	9	55	-152.52	-1.115	1.667	0	0	0	0	10	55	3.634953E+28	-4.141388E+28	-3.262885E+28	0	0	0	0	1	0	-79.096	-19.595	0.977	5	5	5	4	2	0	-78.277	-10.303	0.035	5	5	5	1	0	0	-87.203	-5.704	-0.466	0	0	0	0	54576583	54576592	0
1182	0	0	4	55	-84.225	-18.929	0.981	0	0	0	0	5	55	-79.802	-32.538	1.24	0	0	0	0	6	55	-82.658	-26.527	12.054	0	0	0	0	7	55	-82.202	-24.892	-10.132	0	0	0	0	8	55	-77.344	-51.616	-2.567	0	0	0	0	9	55	-152.52	-1.115	1.667	0	0	0	0	10	55	3.634952E+28	-4.141389E+28	-3.262885E+28	0	0	0	0	1	0	-79.096	-19.595	0.977	5	5	5	4	2	0	-78.277	-10.303	0.035	5	5	5	1	0	0	-87.203	-5.704	-0.466	0	0	0	0	54576583	54576592	54576592
1198	0	0	4	55	-84.25	-18.946	0.937	0	0	0	0	5	55	-79.67	-32.681	1.347	0	0	0	0	6	55	-82.656	-26.532	12.102	0	0	0	0	7	55	-82.337	-24.809	-10.041	0	0	0	0	8	55	-77.303	-51.707	-2.568	0	0	0	0	9	55	-152.519	-1.154	1.698	0	0	0	0	10	55	3.633348E+28	-4.146594E+28	-3.258057E+28	0	0	0	0	1	0	-79.096	-19.595	0.977	5	5	5	4	2	0	-78.277	-10.303	0.035	5	5	5	1	0	0	-87.203	-5.704	-0.466	0	0	0	0	54576600	54576608	0
1198	0	0	4	55	-84.25	-18.946	0.937	0	0	0	0	5	55	-79.67	-32.681	1.347	0	0	0	0	6	55	-82.656	-26.532	12.102	0	0	0	0	7	55	-82.337	-24.809	-10.041	0	0	0	0	8	55	-77.303	-51.707	-2.568	0	0	0	0	9	55	-152.519	-1.154	1.698	0	0	0	0	10	55	3.633348E+28	-4.146594E+28	-3.258057E+28	0	0	0	0	1	0	-79.096	-19.595	0.977	5	5	5	4	2	0	-78.277	-10.303	0.035	5	5	5	1	0	0	-87.203	-5.704	-0.466	0	0	0	0	54576600	54576609	54576609
1215	0	0	4	55	-84.286	-18.855	0.958	0	0	0	0	5	55	-79.772	-32.513	1.376	0	0	0	0	6	55	-82.688	-26.492	12.084	0	0	0	0	7	55	-82.482	-24.521	-10.166	0	0	0	0	8	55	-77.378	-51.592	-2.574	0	0	0	0	9	55	-152.59	-1.042	1.756	0	0	0	0	10	55	3.627277E+28	-4.142852E+28	-3.269562E+28	0	0	0	0	1	0	-79.096	-19.595	0.977	5	5	5	4	2	0	-78.277	-10.303	0.035	5	5	5	1	0	0	-87.203	-5.704	-0.466	0	0	0	0	54576617	54576625	54576625
1232	0	0	4	55	-84.217	-18.912	0.904	0	0	0	0	5	55	-79.705	-32.627	1.167	0	0	0	0	6	55	-82.69	-26.451	12.067	0	0	0	0	7	55	-82.527	-24.489	-10.381	0	0	0	0	8	55	-77.431	-51.579	-2.666	0	0	0	0	9	55	-152.63	-1.055	1.707	0	0	0	0	10	55	3.628424E+28	-4.139267E+28	-3.272828E+28	0	0	0	0	1	0	-79.096	-19.595	0.977	5	5	5	4	2	0	-78.277	-10.303	0.035	5	5	5	1	0	0	-87.203	-5.704	-0.466	0	0	0	0	54576633	54576642	0
1232	0	0	4	55	-84.217	-18.912	0.904	0	0	0	0	5	55	-79.705	-32.627	1.167	0	0	0	0	6	55	-82.69	-26.451	12.067	0	0	0	0	7	55	-82.527	-24.489	-10.381	0	0	0	0	8	55	-77.431	-51.579	-2.666	0	0	0	0	9	55	-152.63	-1.055	1.707	0	0	0	0	10	55	3.628424E+28	-4.139266E+28	-3.272829E+28	0	0	0	0	1	0	-79.096	-19.595	0.977	5	5	5	4	2	0	-78.277	-10.303	0.035	5	5	5	1	0	0	-87.203	-5.704	-0.466	0	0	0	0	54576633	54576642	54576642
1248	0	0	4	55	-84.227	-18.878	1.01	0	0	0	0	5	55	-79.616	-32.587	1.367	0	0	0	0	6	55	-82.675	-26.531	12.123	0	0	0	0	7	55	-82.417	-25.093	-10.525	0	0	0	0	8	55	-77.377	-51.587	-2.566	0	0	0	0	9	55	-152.654	-1.111	1.743	0	0	0	0	10	55	3.629821E+28	-4.141939E+28	-3.267895E+28	0	0	0	0	1	0	-79.096	-19.595	0.977	5	5	5	4	2	0	-78.277	-10.303	0.035	5	5	5	1	0	0	-87.203	-5.704	-0.466	0	0	0	0	54576650	54576658	0
1249	0	0	4	55	-84.227	-18.878	1.01	0	0	0	0	5	55	-79.616	-32.587	1.367	0	0	0	0	6	55	-82.675	-26.531	12.123	0	0	0	0	7	55	-82.417	-25.093	-10.525	0	0	0	0	8	55	-77.377	-51.587	-2.566	0	0	0	0	9	55	-152.654	-1.111	1.743	0	0	0	0	10	55	3.629821E+28	-4.141939E+28	-3.267895E+28	0	0	0	0	1	0	-79.096	-19.595	0.977	5	5	5	4	2	0	-78.277	-10.303	0.035	5	5	5	1	0	0	-87.203	-5.704	-0.466	0	0	0	0	54576650	54576659	54576659
1265	0	0	4	55	-84.164	-19.295	0.86	0	0	0	0	5	55	-79.454	-32.843	1.091	0	0	0	0	6	55	-82.609	-26.994	12.03	0	0	0	0	7	55	-82.215	-25.56	-10.491	0	0	0	0	8	55	-77.432	-51.768	-2.648	0	0	0	0	9	55	-152.878	-1.754	1.48	0	0	0	0	10	55	3.65472E+28	-4.13577E+28	-3.247895E+28	0	0	0	0	1	0	-79.096	-19.595	0.977	5	5	5	4	2	0	-78.277	-10.303	0.035	5	5	5	1	0	0	-87.203	-5.704	-0.466	0	0	0	0	54576666	54576675	54576675
1282	0	0	4	55	-84.166	-19.395	0.857	0	0	0	0	5	55	-79.472	-32.966	1.048	0	0	0	0	6	55	-82.627	-27.223	12.018	0	0	0	0	7	55	-82.091	-25.383	-10.682	0	0	0	0	8	55	-77.574	-51.783	-2.789	0	0	0	0	9	55	-153.069	-1.775	1.474	0	0	0	0	10	55	3.656928E+28	-4.134113E+28	-3.24752E+28	0	0	0	0	1	0	-79.096	-19.595	0.977	5	5	5	4	2	0	-78.277	-10.303	0.035	5	5	5	1	0	0	-87.203	-5.704	-0.466	0	0	0	0	54576683	54576692	0
1282	0	0	4	55	-84.166	-19.395	0.857	0	0	0	0	5	55	-79.472	-32.966	1.048	0	0	0	0	6	55	-82.627	-27.223	12.018	0	0	0	0	7	55	-82.091	-25.383	-10.682	0	0	0	0	8	55	-77.574	-51.783	-2.789	0	0	0	0	9	55	-153.069	-1.775	1.474	0	0	0	0	10	55	3.656927E+28	-4.134113E+28	-3.24752E+28	0	0	0	0	1	0	-79.096	-19.595	0.977	5	5	5	4	2	0	-78.277	-10.303	0.035	5	5	5	1	0	0	-87.203	-5.704	-0.466	0	0	0	0	54576683	54576692	54576692
1299	0	0	4	55	-84.317	-19.743	0.867	0	0	0	0	5	55	-79.574	-33.249	1.295	0	0	0	0	6	55	-82.793	-27.527	12.107	0	0	0	0	7	55	-82.346	-25.378	-10.529	0	0	0	0	8	55	-78.078	-51.867	-2.82	0	0	0	0	9	55	-153.432	-2.112	1.446	0	0	0	0	10	55	3.661546E+28	-4.135571E+28	-3.240451E+28	0	0	0	0	1	0	-79.096	-19.595	0.977	5	5	5	4	2	0	-78.277	-10.303	0.035	5	5	5	1	0	0	-87.203	-5.704	-0.466	0	0	0	0	54576700	54576709	0
1299	0	0	4	55	-84.317	-19.743	0.867	0	0	0	0	5	55	-79.574	-33.249	1.295	0	0	0	0	6	55	-82.793	-27.527	12.107	0	0	0	0	7	55	-82.346	-25.378	-10.529	0	0	0	0	8	55	-78.078	-51.867	-2.82	0	0	0	0	9	55	-153.432	-2.112	1.446	0	0	0	0	10	55	3.661546E+28	-4.135571E+28	-3.240451E+28	0	0	0	0	1	0	-79.096	-19.595	0.977	5	5	5	4	2	0	-78.277	-10.303	0.035	5	5	5	1	0	0	-87.203	-5.704	-0.466	0	0	0	0	54576700	54576709	54576709
1315	0	0	4	55	-84.674	-19.964	0.984	0	0	0	0	5	55	-80.016	-33.297	1.323	0	0	0	0	6	55	-82.982	-27.76	12.252	0	0	0	0	7	55	-82.618	-25.672	-10.595	0	0	0	0	8	55	-78.651	-51.998	-2.846	0	0	0	0	9	55	-153.677	-1.93	1.774	0	0	0	0	10	55	3.651557E+28	-4.140297E+28	-3.245685E+28	0	0	0	0	1	0	-79.096	-19.595	0.977	5	5	5	4	2	0	-78.277	-10.303	0.035	5	5	5	1	0	0	-87.203	-5.704	-0.466	0	0	0	0	54576717	54576725	54576725
1332	0	0	4	55	-84.884	-20.106	0.979	0	0	0	0	5	55	-80.21	-33.553	1.347	0	0	0	0	6	55	-83.232	-27.988	12.269	0	0	0	0	7	55	-82.581	-25.455	-10.595	0	0	0	0	8	55	-79.01	-52.195	-2.751	0	0	0	0	9	55	-153.993	-2.032	1.805	0	0	0	0	10	55	3.649771E+28	-4.141676E+28	-3.245933E+28	0	0	0	0	1	0	-79.096	-19.595	0.977	5	5	5	4	2	0	-78.277	-10.303	0.035	5	5	5	1	0	0	-87.203	-5.704	-0.466	0	0	0	0	54576733	54576742	0
1332	0	0	4	55	-84.884	-20.106	0.979	0	0	0	0	5	55	-80.21	-33.553	1.347	0	0	0	0	6	55	-83.232	-27.988	12.269	0	0	0	0	7	55	-82.581	-25.455	-10.595	0	0	0	0	8	55	-79.01	-52.195	-2.751	0	0	0	0	9	55	-153.993	-2.032	1.805	0	0	0	0	10	55	3.649771E+28	-4.141676E+28	-3.245933E+28	0	0	0	0	1	0	-79.096	-19.595	0.977	5	5	5	4	2	0	-78.277	-10.303	0.035	5	5	5	1	0	0	-87.203	-5.704	-0.466	0	0	0	0	54576733	54576742	54576742
1348	0	0	4	55	-85.315	-20.554	0.996	0	0	0	0	5	55	-80.85	-33.921	1.367	0	0	0	0	6	55	-83.72	-28.389	12.431	0	0	0	0	7	55	-83.012	-26.23	-10.491	0	0	0	0	8	55	-79.85	-52.591	-2.692	0	0	0	0	9	55	-154.294	-2.182	1.968	0	0	0	0	10	55	3.649615E+28	-4.144886E+28	-3.242009E+28	0	0	0	0	1	0	-79.096	-19.595	0.977	5	5	5	4	2	0	-78.277	-10.303	0.035	5	5	5	1	0	0	-87.203	-5.704	-0.466	0	0	0	0	54576750	54576759	0
1349	0	0	4	55	-85.315	-20.554	0.996	0	0	0	0	5	55	-80.85	-33.921	1.367	0	0	0	0	6	55	-83.72	-28.389	12.431	0	0	0	0	7	55	-83.012	-26.23	-10.491	0	0	0	0	8	55	-79.85	-52.591	-2.692	0	0	0	0	9	55	-154.294	-2.182	1.968	0	0	0	0	10	55	3.649614E+28	-4.144886E+28	-3.24201E+28	0	0	0	0	1	0	-79.096	-19.595	0.977	5	5	5	4	2	0	-78.277	-10.303	0.035	5	5	5	1	0	0	-87.203	-5.704	-0.466	0	0	0	0	54576750	54576759	54576759
1365	0	0	4	55	-85.711	-21.005	1.02	0	0	0	0	5	55	-81.59	-34.27	1.446	0	0	0	0	6	55	-84.137	-28.905	12.481	0	0	0	0	7	55	-83.5	-26.535	-10.296	0	0	0	0	8	55	-80.816	-52.867	-2.781	0	0	0	0	9	55	-154.709	-2.292	2.006	0	0	0	0	10	55	3.641831E+28	-4.144586E+28	-3.251133E+28	0	0	0	0	1	0	-79.096	-19.595	0.977	5	5	5	4	2	0	-78.277	-10.303	0.035	5	5	5	1	0	0	-87.203	-5.704	-0.466	0	0	0	0	54576767	54576775	54576775
1382	0	0	4	55	-85.966	-21.135	0.982	0	0	0	0	5	55	-81.824	-34.413	1.429	0	0	0	0	6	55	-84.336	-29.001	12.504	0	0	0	0	7	55	-83.548	-26.851	-10.493	0	0	0	0	8	55	-81.111	-53.212	-2.815	0	0	0	0	9	55	-154.904	-2.164	1.972	0	0	0	0	10	55	3.637445E+28	-4.1434E+28	-3.257549E+28	0	0	0	0	1	0	-79.096	-19.595	0.977	5	5	5	4	2	0	-78.277	-10.303	0.035	5	5	5	1	0	0	-87.203	-5.704	-0.466	0	0	0	0	54576784	54576792	0
1382	0	0	4	55	-85.966	-21.135	0.983	0	0	0	0	5	55	-81.824	-34.413	1.429	0	0	0	0	6	55	-84.336	-29.001	12.504	0	0	0	0	7	55	-83.548	-26.851	-10.493	0	0	0	0	8	55	-81.111	-53.212	-2.815	0	0	0	0	9	55	-154.904	-2.164	1.972	0	0	0	0	10	55	3.637445E+28	-4.1434E+28	-3.257549E+28	0	0	0	0	1	0	-79.096	-19.595	0.977	5	5	5	4	2	0	-78.277	-10.303	0.035	5	5	5	1	0	0	-87.203	-5.704	-0.466	0	0	0	0	54576784	54576792	54576792
1398	0	0	4	55	-86.223	-21.542	0.96	0	0	0	0	5	55	-82.078	-35.052	1.246	0	0	0	0	6	55	-84.594	-29.451	12.465	0	0	0	0	7	55	-84.079	-27.161	-10.479	0	0	0	0	8	55	-81.866	-53.433	-2.935	0	0	0	0	9	55	-155.083	-2.191	2.023	0	0	0	0	10	55	3.635787E+28	-4.138416E+28	-3.265725E+28	0	0	0	0	1	0	-79.096	-19.595	0.977	5	5	5	4	2	0	-78.277	-10.303	0.035	5	5	5	1	0	0	-87.203	-5.704	-0.466	0	0	0	0	54576802	54576808	0
1399	0	0	4	55	-86.223	-21.542	0.96	0	0	0	0	5	55	-82.078	-35.052	1.246	0	0	0	0	6	55	-84.594	-29.451	12.465	0	0	0	0	7	55	-84.079	-27.161	-10.479	0	0	0	0	8	55	-81.866	-53.433	-2.935	0	0	0	0	9	55	-155.083	-2.191	2.023	0	0	0	0	10	55	3.635787E+28	-4.138416E+28	-3.265725E+28	0	0	0	0	1	0	-79.096	-19.595	0.977	5	5	5	4	2	0	-78.277	-10.303	0.035	5	5	5	1	0	0	-87.203	-5.704	-0.466	0	0	0	0	54576802	54576809	54576809
1415	0	0	4	55	-86.357	-22.083	0.859	0	0	0	0	5	55	-82.254	-35.582	1.045	0	0	0	0	6	55	-84.739	-29.935	12.34	0	0	0	0	7	55	-83.897	-27.654	-10.899	0	0	0	0	8	55	-81.999	-54.13	-2.847	0	0	0	0	9	55	-155.227	-2.428	1.923	0	0	0	0	10	55	3.652586E+28	-4.133261E+28	-3.253484E+28	0	0	0	0	1	0	-79.096	-19.595	0.977	5	5	5	4	2	0	-78.277	-10.303	0.035	5	5	5	1	0	0	-87.203	-5.704	-0.466	0	0	0	0	54576816	54576825	54576825
1433	0	0	4	55	-86.266	-22.256	0.785	0	0	0	0	5	55	-82.362	-35.721	1.172	0	0	0	0	6	55	-84.718	-30.131	12.385	0	0	0	0	7	55	-84.149	-28.085	-10.887	0	0	0	0	8	55	-82.231	-54.312	-2.83	0	0	0	0	9	55	-155.505	-2.686	1.722	0	0	0	0	10	55	3.656665E+28	-4.132446E+28	-3.249936E+28	0	0	0	0	1	0	-79.096	-19.595	0.977	5	5	5	4	2	0	-78.277	-10.303	0.035	5	5	5	1	0	0	-87.203	-5.704	-0.466	0	0	0	0	54576833	54576844	0
1434	0	0	4	55	-86.266	-22.256	0.785	0	0	0	0	5	55	-82.362	-35.721	1.172	0	0	0	0	6	55	-84.718	-30.131	12.385	0	0	0	0	7	55	-84.149	-28.085	-10.887	0	0	0	0	8	55	-82.231	-54.312	-2.83	0	0	0	0	9	55	-155.505	-2.686	1.722	0	0	0	0	10	55	3.656666E+28	-4.132446E+28	-3.249935E+28	0	0	0	0	1	0	-79.096	-19.595	0.977	5	5	5	4	2	0	-78.277	-10.303	0.035	5	5	5	1	0	0	-87.203	-5.704	-0.466	0	0	0	0	54576833	54576844	54576844
1449	0	0	4	55	-86.429	-22.358	0.685	0	0	0	0	5	55	-82.614	-35.87	1.077	0	0	0	0	6	55	-84.837	-30.213	12.344	0	0	0	0	7	55	-84.594	-28.402	-11.107	0	0	0	0	8	55	-82.643	-54.39	-2.962	0	0	0	0	9	55	-155.745	-2.762	1.719	0	0	0	0	10	55	3.652244E+28	-4.129154E+28	-3.259078E+28	0	0	0	0	1	0	-79.096	-19.595	0.977	5	5	5	4	2	0	-78.277	-10.303	0.035	5	5	5	1	0	0	-87.203	-5.704	-0.466	0	0	0	0	54576850	54576859	0
1449	0	0	4	55	-86.429	-22.358	0.685	0	0	0	0	5	55	-82.614	-35.87	1.077	0	0	0	0	6	55	-84.837	-30.213	12.344	0	0	0	0	7	55	-84.594	-28.402	-11.107	0	0	0	0	8	55	-82.643	-54.39	-2.962	0	0	0	0	9	55	-155.745	-2.762	1.719	0	0	0	0	10	55	3.652244E+28	-4.129154E+28	-3.259079E+28	0	0	0	0	1	0	-79.096	-19.595	0.977	5	5	5	4	2	0	-78.277	-10.303	0.035	5	5	5	1	0	0	-87.203	-5.704	-0.466	0	0	0	0	54576850	54576859	54576859
1465	0	0	4	55	-86.457	-22.489	0.609	0	0	0	0	5	55	-82.667	-36.036	1.007	0	0	0	0	6	55	-84.891	-30.281	12.346	0	0	0	0	7	55	-84.413	-28.714	-11.39	0	0	0	0	8	55	-82.854	-54.611	-2.849	0	0	0	0	9	55	-156.127	-2.883	1.681	0	0	0	0	10	55	3.653684E+28	-4.130348E+28	-3.255951E+28	0	0	0	0	1	0	-79.096	-19.595	0.977	5	5	5	4	2	0	-78.277	-10.303	0.035	5	5	5	1	0	0	-87.203	-5.704	-0.466	0	0	0	0	54576866	54576875	54576875
1482	0	0	4	55	-86.376	-22.522	0.542	0	0	0	0	5	55	-82.633	-36.113	0.921	0	0	0	0	6	55	-84.854	-30.364	12.356	0	0	0	0	7	55	-84.301	-28.924	-11.344	0	0	0	0	8	55	-82.889	-54.654	-2.969	0	0	0	0	9	55	-156.215	-3.116	1.506	0	0	0	0	10	55	3.657358E+28	-4.131217E+28	-3.250719E+28	0	0	0	0	1	0	-79.096	-19.595	0.977	5	5	5	4	2	0	-78.277	-10.303	0.035	5	5	5	1	0	0	-87.203	-5.704	-0.466	0	0	0	0	54576883	54576892	0
1482	0	0	4	55	-86.376	-22.522	0.542	0	0	0	0	5	55	-82.633	-36.113	0.921	0	0	0	0	6	55	-84.854	-30.364	12.356	0	0	0	0	7	55	-84.301	-28.924	-11.344	0	0	0	0	8	55	-82.889	-54.654	-2.969	0	0	0	0	9	55	-156.215	-3.116	1.506	0	0	0	0	10	55	3.657358E+28	-4.131217E+28	-3.250719E+28	0	0	0	0	1	0	-79.096	-19.595	0.977	5	5	5	4	2	0	-78.277	-10.303	0.035	5	5	5	1	0	0	-87.203	-5.704	-0.466	0	0	0	0	54576883	54576892	54576892
1498	0	0	4	55	-86.409	-22.445	0.574	0	0	0	0	5	55	-82.696	-36.094	0.732	0	0	0	0	6	55	-84.752	-30.321	12.471	0	0	0	0	7	55	-84.219	-29.035	-11.458	0	0	0	0	8	55	-83.099	-54.599	-2.843	0	0	0	0	9	55	-156.298	-2.916	1.724	0	0	0	0	10	55	3.651669E+28	-4.13528E+28	-3.251948E+28	0	0	0	0	1	0	-79.096	-19.595	0.977	5	5	5	4	2	0	-78.277	-10.303	0.035	5	5	5	1	0	0	-87.203	-5.704	-0.466	0	0	0	0	54576900	54576909	0
1499	0	0	4	55	-86.409	-22.445	0.574	0	0	0	0	5	55	-82.696	-36.094	0.732	0	0	0	0	6	55	-84.752	-30.321	12.471	0	0	0	0	7	55	-84.219	-29.035	-11.458	0	0	0	0	8	55	-83.099	-54.599	-2.843	0	0	0	0	9	55	-156.298	-2.916	1.724	0	0	0	0	10	55	3.65167E+28	-4.13528E+28	-3.251949E+28	0	0	0	0	1	0	-79.096	-19.595	0.977	5	5	5	4	2	0	-78.277	-10.303	0.035	5	5	5	1	0	0	-87.203	-5.704	-0.466	0	0	0	0	54576900	54576909	54576909
1515	0	0	4	55	-86.5	-22.684	0.489	0	0	0	0	5	55	-82.627	-36.261	0.646	0	0	0	0	6	55	-84.762	-30.363	12.506	0	0	0	0	7	55	-84.145	-28.759	-11.505	0	0	0	0	8	55	-83.247	-54.549	-2.833	0	0	0	0	9	55	-156.31	-2.942	1.821	0	0	0	0	10	55	3.651031E+28	-4.137052E+28	-3.25041E+28	0	0	0	0	1	0	-79.096	-19.595	0.977	5	5	5	4	2	0	-78.277	-10.303	0.035	5	5	5	1	0	0	-87.203	-5.704	-0.466	0	0	0	0	54576917	54576925	54576925
1532	0	0	4	55	-86.43	-22.732	0.313	0	0	0	0	5	55	-82.834	-36.142	0.797	0	0	0	0	6	55	-84.729	-30.616	12.458	0	0	0	0	7	55	-84.247	-29.246	-11.589	0	0	0	0	8	55	-83.4	-54.459	-2.865	0	0	0	0	9	55	-156.335	-2.832	1.859	0	0	0	0	10	55	3.647001E+28	-4.136592E+28	-3.255516E+28	0	0	0	0	1	0	-79.096	-19.595	0.977	5	5	5	4	2	0	-78.277	-10.303	0.035	5	5	5	1	0	0	-87.203	-5.704	-0.466	0	0	0	0	54576934	54576942	0
1532	0	0	4	55	-86.43	-22.732	0.313	0	0	0	0	5	55	-82.834	-36.142	0.797	0	0	0	0	6	55	-84.729	-30.616	12.458	0	0	0	0	7	55	-84.247	-29.246	-11.589	0	0	0	0	8	55	-83.4	-54.459	-2.865	0	0	0	0	9	55	-156.335	-2.832	1.859	0	0	0	0	10	55	3.647002E+28	-4.136592E+28	-3.255516E+28	0	0	0	0	1	0	-79.096	-19.595	0.977	5	5	5	4	2	0	-78.277	-10.303	0.035	5	5	5	1	0	0	-87.203	-5.704	-0.466	0	0	0	0	54576934	54576942	54576942
1548	0	0	4	55	-86.404	-23.263	0.408	0	0	0	0	5	55	-82.951	-36.153	0.58	0	0	0	0	6	55	-84.52	-31.232	12.578	0	0	0	0	7	55	-84.29	-28.957	-11.508	0	0	0	0	8	55	-83.433	-54.55	-3.01	0	0	0	0	9	55	-156.171	-2.778	1.921	0	0	0	0	10	55	3.64452E+28	-4.132838E+28	-3.263055E+28	0	0	0	0	1	0	-79.096	-19.595	0.977	5	5	5	4	2	0	-78.277	-10.303	0.035	5	5	5	1	0	0	-87.203	-5.704	-0.466	0	0	0	0	54576951	54576958	0
1549	0	0	4	55	-86.404	-23.263	0.408	0	0	0	0	5	55	-82.951	-36.153	0.58	0	0	0	0	6	55	-84.52	-31.232	12.578	0	0	0	0	7	55	-84.29	-28.957	-11.508	0	0	0	0	8	55	-83.433	-54.55	-3.01	0	0	0	0	9	55	-156.171	-2.778	1.921	0	0	0	0	10	55	3.64452E+28	-4.132837E+28	-3.263054E+28	0	0	0	0	1	0	-79.096	-19.595	0.977	5	5	5	4	2	0	-78.277	-10.303	0.035	5	5	5	1	0	0	-87.203	-5.704	-0.466	0	0	0	0	54576951	54576959	54576959
1565	0	0	4	55	-85.873	-24.181	0.25	0	0	0	0	5	55	-82.836	-36.412	0.461	0	0	0	0	6	55	-84.131	-31.991	12.757	0	0	0	0	7	55	-84.141	-29.722	-11.994	0	0	0	0	8	55	-83.629	-54.506	-3.171	0	0	0	0	9	55	-155.885	-2.636	1.888	0	0	0	0	10	55	3.647977E+28	-4.134455E+28	-3.257136E+28	0	0	0	0	1	0	-79.096	-19.595	0.977	5	5	5	4	2	0	-78.277	-10.303	0.035	5	5	5	1	0	0	-87.203	-5.704	-0.466	0	0	0	0	54576966	54576975	54576975
1582	0	0	4	55	-85.828	-24.189	0.267	0	0	0	0	5	55	-82.643	-36.546	0.326	0	0	0	0	6	55	-83.972	-32.235	12.786	0	0	0	0	7	55	-83.82	-29.676	-11.815	0	0	0	0	8	55	-83.677	-54.524	-3.222	0	0	0	0	9	55	-155.625	-2.299	1.93	0	0	0	0	10	55	3.64169E+28	-4.137986E+28	-3.259687E+28	0	0	0	0	1	0	-79.096	-19.595	0.977	5	5	5	4	2	0	-78.277	-10.303	0.035	5	5	5	1	0	0	-87.203	-5.704	-0.466	0	0	0	0	54576982	54576992	0
1582	0	0	4	55	-85.828	-24.189	0.267	0	0	0	0	5	55	-82.643	-36.546	0.326	0	0	0	0	6	55	-83.972	-32.235	12.786	0	0	0	0	7	55	-83.82	-29.676	-11.815	0	0	0	0	8	55	-83.677	-54.524	-3.222	0	0	0	0	9	55	-155.625	-2.299	1.93	0	0	0	0	10	55	3.64169E+28	-4.137986E+28	-3.259687E+28	0	0	0	0	1	0	-79.096	-19.595	0.977	5	5	5	4	2	0	-78.277	-10.303	0.035	5	5	5	1	0	0	-87.203	-5.704	-0.466	0	0	0	0	54576982	54576992	54576992
1598	0	0	4	55	-85.256	-24.681	0.166	0	0	0	0	5	55	-82.66	-36.563	0.247	0	0	0	0	6	55	-83.758	-32.497	12.87	0	0	0	0	7	55	-83.689	-30.004	-12.016	0	0	0	0	8	55	-83.687	-54.626	-3.093	0	0	0	0	9	55	-154.711	-1.814	1.898	0	0	0	0	10	55	3.642974E+28	-4.137307E+28	-3.259114E+28	0	0	0	0	1	0	-79.096	-19.595	0.977	5	5	5	4	2	0	-78.277	-10.303	0.035	5	5	5	1	0	0	-87.203	-5.704	-0.466	0	0	0	0	54577000	54577008	0
1599	0	0	4	55	-85.256	-24.681	0.165	0	0	0	0	5	55	-82.66	-36.563	0.247	0	0	0	0	6	55	-83.758	-32.497	12.87	0	0	0	0	7	55	-83.689	-30.004	-12.016	0	0	0	0	8	55	-83.687	-54.626	-3.093	0	0	0	0	9	55	-154.711	-1.814	1.897	0	0	0	0	10	55	3.642974E+28	-4.137307E+28	-3.259115E+28	0	0	0	0	1	0	-79.096	-19.595	0.977	5	5	5	4	2	0	-78.277	-10.303	0.035	5	5	5	1	0	0	-87.203	-5.704	-0.466	0	0	0	0	54577000	54577009	54577009
1615	0	0	4	55	-84.312	-24.882	0.279	0	0	0	0	5	55	-82.132	-36.581	0.362	0	0	0	0	6	55	-83.467	-32.43	12.96	0	0	0	0	7	55	-82.467	-30.212	-11.728	0	0	0	0	8	55	-83.965	-54.311	-3.046	0	0	0	0	9	55	-153.125	-0.945	2.114	0	0	0	0	10	55	3.640715E+28	-4.133505E+28	-3.266455E+28	0	0	0	0	1	0	-79.096	-19.595	0.977	5	5	5	4	2	0	-78.277	-10.303	0.035	5	5	5	1	0	0	-87.203	-5.704	-0.466	0	0	0	0	54577016	54577025	54577025
1632	0	0	4	55	-83.612	-24.962	0.465	0	0	0	0	5	55	-81.816	-36.31	0.542	0	0	0	0	6	55	-82.804	-33.732	12.786	0	0	0	0	7	55	-82.601	-30.632	-11.365	0	0	0	0	8	55	-83.981	-54.028	-2.937	0	0	0	0	9	55	-152.412	-0.561	2.091	0	0	0	0	10	55	3.642426E+28	-4.131645E+28	-3.266901E+28	0	0	0	0	1	0	-79.096	-19.595	0.977	5	5	5	4	2	0	-78.277	-10.303	0.035	5	5	5	1	0	0	-87.203	-5.704	-0.466	0	0	0	0	54577033	54577042	0
1632	0	0	4	55	-83.612	-24.962	0.465	0	0	0	0	5	55	-81.816	-36.31	0.542	0	0	0	0	6	55	-82.804	-33.732	12.786	0	0	0	0	7	55	-82.601	-30.632	-11.365	0	0	0	0	8	55	-83.981	-54.028	-2.937	0	0	0	0	9	55	-152.412	-0.561	2.091	0	0	0	0	10	55	3.642426E+28	-4.131645E+28	-3.2669E+28	0	0	0	0	1	0	-79.096	-19.595	0.977	5	5	5	4	2	0	-78.277	-10.303	0.035	5	5	5	1	0	0	-87.203	-5.704	-0.466	0	0	0	0	54577033	54577042	54577042
1649	0	0	4	55	-80.104	-25.087	0.866	0	0	0	0	5	55	-80.143	-36.252	0.448	0	0	0	0	6	55	-81.25	-35.413	12.948	0	0	0	0	7	55	-81.097	-31.409	-11.96	0	0	0	0	8	55	-83.858	-53.371	-2.693	0	0	0	0	9	55	-151.03	0.186	2.187	0	0	0	0	10	55	3.64954E+28	-4.131223E+28	-3.259487E+28	0	0	0	0	1	0	-79.096	-19.595	0.977	5	5	5	4	2	0	-78.277	-10.303	0.035	5	5	5	1	0	0	-87.203	-5.704	-0.466	0	0	0	0	54577050	54577059	0
1649	0	0	4	55	-80.104	-25.087	0.866	0	0	0	0	5	55	-80.143	-36.252	0.448	0	0	0	0	6	55	-81.25	-35.413	12.948	0	0	0	0	7	55	-81.097	-31.409	-11.96	0	0	0	0	8	55	-83.858	-53.371	-2.693	0	0	0	0	9	55	-151.03	0.186	2.187	0	0	0	0	10	55	3.649539E+28	-4.131222E+28	-3.259488E+28	0	0	0	0	1	0	-79.096	-19.595	0.977	5	5	5	4	2	0	-78.277	-10.303	0.035	5	5	5	1	0	0	-87.203	-5.704	-0.466	0	0	0	0	54577050	54577059	54577059
1665	0	0	4	55	-78.261	-24.33	1.274	0	0	0	0	5	55	-78.324	-36.077	0.655	0	0	0	0	6	55	-81.215	-32.755	13.395	0	0	0	0	7	55	-80.508	-31.171	-11.462	0	0	0	0	8	55	-84.093	-52.302	-2.597	0	0	0	0	9	55	-150.002	0.981	2.498	0	0	0	0	10	55	3.640865E+28	-4.131548E+28	-3.268763E+28	0	0	0	0	1	1	-79.096	-19.595	0.977	5	5	5	4	2	0	-78.277	-10.303	0.035	5	5	5	1	0	0	-87.203	-5.704	-0.466	0	0	0	0	54577066	54577075	54577075
1682	0	0	4	55	-77.817	-24.442	0.901	0	0	0	0	5	55	-78.09	-36.001	0.815	0	0	0	0	6	55	-81.035	-32.819	13.461	0	0	0	0	7	55	-80.503	-31.036	-11.515	0	0	0	0	8	55	-84.381	-51.92	-2.44	0	0	0	0	9	55	-149.758	0.979	2.576	0	0	0	0	10	55	3.647064E+28	-4.126009E+28	-3.268849E+28	0	0	0	0	1	0	-79.096	-19.595	0.977	5	5	5	4	2	0	-78.277	-10.303	0.035	5	5	5	1	0	0	-87.203	-5.704	-0.466	0	0	0	0	54577084	54577092	0
1682	0	0	4	55	-77.817	-24.442	0.901	0	0	0	0	5	55	-78.09	-36.001	0.815	0	0	0	0	6	55	-81.035	-32.819	13.461	0	0	0	0	7	55	-80.503	-31.036	-11.515	0	0	0	0	8	55	-84.381	-51.92	-2.44	0	0	0	0	9	55	-149.758	0.979	2.576	0	0	0	0	10	55	3.647063E+28	-4.126008E+28	-3.26885E+28	0	0	0	0	1	0	-79.096	-19.595	0.977	5	5	5	4	2	0	-78.277	-10.303	0.035	5	5	5	1	0	0	-87.203	-5.704	-0.466	0	0	0	0	54577084	54577092	54577092
1698	0	0	4	55	-77.032	-24.155	1.147	0	0	0	0	5	55	-77.624	-35.526	0.777	0	0	0	0	6	55	-80.957	-32.652	13.429	0	0	0	0	7	55	-79.993	-31.42	-11.352	0	0	0	0	8	55	-84.922	-51.038	-2.465	0	0	0	0	9	55	-149.387	1.35	2.735	0	0	0	0	10	55	3.646831E+28	-4.122547E+28	-3.273473E+28	0	0	0	0	1	0	-79.096	-19.595	0.977	5	5	5	4	2	0	-78.277	-10.303	0.035	5	5	5	1	0	0	-87.203	-5.704	-0.466	0	0	0	0	54577101	54577108	0
1699	0	0	4	55	-77.032	-24.155	1.147	0	0	0	0	5	55	-77.624	-35.526	0.777	0	0	0	0	6	55	-80.957	-32.652	13.429	0	0	0	0	7	55	-79.993	-31.42	-11.352	0	0	0	0	8	55	-84.922	-51.038	-2.465	0	0	0	0	9	55	-149.387	1.35	2.735	0	0	0	0	10	55	3.646832E+28	-4.122546E+28	-3.273473E+28	0	0	0	0	1	0	-79.096	-19.595	0.977	5	5	5	4	2	0	-78.277	-10.303	0.035	5	5	5	1	0	0	-87.203	-5.704	-0.466	0	0	0	0	54577101	54577109	54577109
1715	0	0	4	55	-76.77	-23.807	1.427	0	0	0	0	5	55	-77.293	-35.232	0.881	0	0	0	0	6	55	-80.95	-32.43	13.533	0	0	0	0	7	55	-79.72	-31.552	-11.085	0	0	0	0	8	55	-85.429	-50.329	-2.19	0	0	0	0	9	55	-149.656	1.205	3.136	0	0	0	0	10	55	3.64883E+28	-4.12033E+28	-3.274037E+28	0	0	0	0	1	1	-79.096	-19.595	0.977	5	5	5	4	2	0	-78.277	-10.303	0.035	5	5	5	1	0	0	-87.203	-5.704	-0.466	0	0	0	0	54577117	54577125	54577125
1732	0	0	4	55	-76.846	-23.671	1.379	0	0	0	0	5	55	-77.334	-35.129	1.009	0	0	0	0	6	55	-80.97	-32.405	13.612	0	0	0	0	7	55	-79.686	-31.514	-11.085	0	0	0	0	8	55	-85.612	-50.086	-2.099	0	0	0	0	9	55	-149.953	0.951	3.25	0	0	0	0	10	55	3.649961E+28	-4.120118E+28	-3.273043E+28	0	0	0	0	1	2	-79.096	-19.595	0.977	5	5	5	4	2	0	-78.277	-10.303	0.035	5	5	5	1	0	0	-87.203	-5.704	-0.466	0	0	0	0	54577132	54577142	0
1732	0	0	4	55	-76.846	-23.671	1.379	0	0	0	0	5	55	-77.334	-35.129	1.009	0	0	0	0	6	55	-80.97	-32.405	13.612	0	0	0	0	7	55	-79.686	-31.514	-11.085	0	0	0	0	8	55	-85.612	-50.086	-2.099	0	0	0	0	9	55	-149.953	0.951	3.25	0	0	0	0	10	55	3.64996E+28	-4.120118E+28	-3.273045E+28	0	0	0	0	1	2	-79.096	-19.595	0.977	5	5	5	4	2	0	-78.277	-10.303	0.035	5	5	5	1	0	0	-87.203	-5.704	-0.466	0	0	0	0	54577132	54577142	54577142
1749	0	0	4	55	-77.138	-23.358	1.492	0	0	0	0	5	55	-77.6	-34.79	0.89	0	0	0	0	6	55	-80.854	-32.167	13.535	0	0	0	0	7	55	-79.687	-31.324	-11.062	0	0	0	0	8	55	-86.01	-49.709	-2.184	0	0	0	0	9	55	-150.681	0.814	3.372	0	0	0	0	10	55	3.647451E+28	-4.117884E+28	-3.278646E+28	0	0	0	0	1	2	-79.096	-19.595	0.977	5	5	5	4	2	0	-78.277	-10.303	0.035	5	5	5	1	0	0	-87.203	-5.704	-0.466	0	0	0	0	54577150	54577159	0
1749	0	0	4	55	-77.138	-23.358	1.492	0	0	0	0	5	55	-77.6	-34.79	0.89	0	0	0	0	6	55	-80.854	-32.167	13.535	0	0	0	0	7	55	-79.687	-31.324	-11.062	0	0	0	0	8	55	-86.01	-49.709	-2.184	0	0	0	0	9	55	-150.681	0.814	3.372	0	0	0	0	10	55	3.647452E+28	-4.117884E+28	-3.278646E+28	0	0	0	0	1	2	-79.096	-19.595	0.977	5	5	5	4	2	0	-78.277	-10.303	0.035	5	5	5	1	0	0	-87.203	-5.704	-0.466	0	0	0	0	54577150	54577159	54577159
1765	0	0	4	55	-77.723	-23.036	1.303	0	0	0	0	5	55	-78.245	-34.458	0.796	0	0	0	0	6	55	-80.776	-32.013	13.559	0	0	0	0	7	55	-79.623	-30.725	-11.009	0	0	0	0	8	55	-86.351	-49.538	-2.226	0	0	0	0	9	55	-151.869	0.387	3.339	0	0	0	0	10	55	3.648119E+28	-4.111917E+28	-3.285386E+28	0	0	0	0	1	2	-79.096	-19.595	0.977	5	5	5	4	2	0	-78.277	-10.303	0.035	5	5	5	1	0	0	-87.203	-5.704	-0.466	0	0	0	0	54577167	54577175	54577175
1782	0	0	4	55	-78.293	-22.72	1.258	0	0	0	0	5	55	-78.814	-34.154	0.764	0	0	0	0	6	55	-80.712	-32.015	13.53	0	0	0	0	7	55	-79.684	-30.94	-11.122	0	0	0	0	8	55	-86.518	-49.569	-2.225	0	0	0	0	9	55	-152.549	0.121	3.146	0	0	0	0	10	55	3.652333E+28	-4.108569E+28	-3.284894E+28	0	0	0	0	1	2	-79.096	-19.595	0.977	5	5	5	4	2	0	-78.277	-10.303	0.035	5	5	5	1	0	0	-87.203	-5.704	-0.466	0	0	0	0	54577183	54577192	0
1782	0	0	4	55	-78.293	-22.72	1.258	0	0	0	0	5	55	-78.814	-34.154	0.764	0	0	0	0	6	55	-80.712	-32.015	13.53	0	0	0	0	7	55	-79.684	-30.94	-11.122	0	0	0	0	8	55	-86.518	-49.569	-2.225	0	0	0	0	9	55	-152.549	0.121	3.146	0	0	0	0	10	55	3.652332E+28	-4.108569E+28	-3.284894E+28	0	0	0	0	1	2	-79.096	-19.595	0.977	5	5	5	4	2	0	-78.277	-10.303	0.035	5	5	5	1	0	0	-87.203	-5.704	-0.466	0	0	0	0	54577183	54577192	54577192
1799	0	0	4	55	-81.076	-21.886	0.649	0	0	0	0	5	55	-80.465	-33.553	0.574	0	0	0	0	6	55	-80.979	-31.801	13.015	0	0	0	0	7	55	-79.368	-30.504	-11.207	0	0	0	0	8	55	-86.731	-49.701	-2.292	0	0	0	0	9	55	-153.609	-0.347	3.023	0	0	0	0	10	55	3.659822E+28	-4.102453E+28	-3.284201E+28	0	0	0	0	1	2	-79.096	-19.595	0.977	5	5	5	4	2	0	-78.277	-10.303	0.035	5	5	5	1	0	0	-87.203	-5.704	-0.466	0	0	0	0	54577201	54577209	0
1799	0	0	4	55	-81.076	-21.886	0.649	0	0	0	0	5	55	-80.465	-33.553	0.574	0	0	0	0	6	55	-80.979	-31.801	13.015	0	0	0	0	7	55	-79.368	-30.504	-11.207	0	0	0	0	8	55	-86.731	-49.701	-2.292	0	0	0	0	9	55	-153.609	-0.347	3.023	0	0	0	0	10	55	3.659822E+28	-4.102453E+28	-3.284201E+28	0	0	0	0	1	2	-79.096	-19.595	0.977	5	5	5	4	2	0	-78.277	-10.303	0.035	5	5	5	1	0	0	-87.203	-5.704	-0.466	0	0	0	0	54577201	54577209	54577209
1815	0	0	4	55	-84.495	-22.365	0.577	0	0	0	0	5	55	-82.723	-34.297	0.194	0	0	0	0	6	55	-82.052	-31.519	12.372	0	0	0	0	7	55	-80.224	-31.114	-11.527	0	0	0	0	8	55	-87.174	-51.311	-2.428	0	0	0	0	9	55	-155.607	-2.068	2.61	0	0	0	0	10	55	3.713592E+28	-4.05035E+28	-3.288509E+28	0	0	0	0	1	0	-79.096	-19.595	0.977	5	5	5	4	2	0	-78.277	-10.303	0.035	5	5	5	1	0	0	-87.203	-5.704	-0.466	0	0	0	0	54577220	54577225	54577225
1832	0	0	4	55	-85.707	-22.798	-0.097	0	0	0	0	5	55	-83.592	-34.758	-0.051	0	0	0	0	6	55	-82.212	-31.311	12.22	0	0	0	0	7	55	-81.025	-31.624	-11.581	0	0	0	0	8	55	-86.934	-52.121	-2.648	0	0	0	0	9	55	-155.923	-2.275	2.413	0	0	0	0	10	55	3.717889E+28	-4.042468E+28	-3.29335E+28	0	0	0	0	1	0	-79.096	-19.595	0.977	5	5	5	4	2	0	-78.277	-10.303	0.035	5	5	5	1	0	0	-87.203	-5.704	-0.466	0	0	0	0	54577233	54577242	0
1832	0	0	4	55	-85.707	-22.798	-0.097	0	0	0	0	5	55	-83.592	-34.758	-0.051	0	0	0	0	6	55	-82.212	-31.311	12.22	0	0	0	0	7	55	-81.025	-31.624	-11.581	0	0	0	0	8	55	-86.934	-52.121	-2.648	0	0	0	0	9	55	-155.923	-2.275	2.413	0	0	0	0	10	55	3.717889E+28	-4.042466E+28	-3.293351E+28	0	0	0	0	1	0	-79.096	-19.595	0.977	5	5	5	4	2	0	-78.277	-10.303	0.035	5	5	5	1	0	0	-87.203	-5.704	-0.466	0	0	0	0	54577233	54577242	54577242
1848	0	0	4	55	-87.658	-23.315	-0.254	0	0	0	0	5	55	-84.375	-35.772	-0.295	0	0	0	0	6	55	-82.985	-31.526	11.736	0	0	0	0	7	55	-81.701	-30.426	-11.411	0	0	0	0	8	55	-87.074	-53.115	-2.798	0	0	0	0	9	55	-156.685	-2.679	2.137	0	0	0	0	10	55	3.732379E+28	-4.024319E+28	-3.299181E+28	0	0	0	0	1	0	-79.096	-19.595	0.977	5	5	5	4	2	0	-78.277	-10.303	0.035	5	5	5	1	0	0	-87.203	-5.704	-0.466	0	0	0	0	54577250	54577258	0
1849	0	0	4	55	-87.658	-23.315	-0.254	0	0	0	0	5	55	-84.375	-35.772	-0.295	0	0	0	0	6	55	-82.985	-31.526	11.736	0	0	0	0	7	55	-81.701	-30.426	-11.411	0	0	0	0	8	55	-87.074	-53.115	-2.798	0	0	0	0	9	55	-156.685	-2.679	2.137	0	0	0	0	10	55	3.732378E+28	-4.02432E+28	-3.299181E+28	0	0	0	0	1	0	-79.096	-19.595	0.977	5	5	5	4	2	0	-78.277	-10.303	0.035	5	5	5	1	0	0	-87.203	-5.704	-0.466	0	0	0	0	54577250	54577259	54577259
1865	0	0	4	55	-88.642	-23.556	-0.493	0	0	0	0	5	55	-85.474	-35.881	-0.153	0	0	0	0	6	55	-83.837	-31.26	11.45	0	0	0	0	7	55	-82.653	-30.155	-11.122	0	0	0	0	8	55	-87.096	-53.718	-2.719	0	0	0	0	9	55	-156.983	-2.965	1.999	0	0	0	0	10	55	3.745572E+28	-4.01742E+28	-3.292632E+28	0	0	0	0	1	0	-79.096	-19.595	0.977	5	5	5	4	2	0	-78.277	-10.303	0.035	5	5	5	1	0	0	-87.203	-5.704	-0.466	0	0	0	0	54577267	54577275	54577275
1882	0	0	4	55	-89.181	-23.547	-0.924	0	0	0	0	5	55	-85.856	-36.026	-0.225	0	0	0	0	6	55	-84.35	-31.032	11.451	0	0	0	0	7	55	-83.092	-30.639	-11.262	0	0	0	0	8	55	-87.162	-53.914	-2.836	0	0	0	0	9	55	-157.229	-3.145	1.863	0	0	0	0	10	55	3.752695E+28	-4.011267E+28	-3.292023E+28	0	0	0	0	1	0	-79.096	-19.595	0.977	5	5	5	4	2	0	-78.277	-10.303	0.035	5	5	5	1	0	0	-87.203	-5.704	-0.466	0	0	0	0	54577284	54577292	0
1882	0	0	4	55	-89.181	-23.547	-0.924	0	0	0	0	5	55	-85.856	-36.026	-0.225	0	0	0	0	6	55	-84.35	-31.032	11.451	0	0	0	0	7	55	-83.092	-30.639	-11.262	0	0	0	0	8	55	-87.162	-53.914	-2.836	0	0	0	0	9	55	-157.229	-3.145	1.863	0	0	0	0	10	55	3.752695E+28	-4.011266E+28	-3.292023E+28	0	0	0	0	1	0	-79.096	-19.595	0.977	5	5	5	4	2	0	-78.277	-10.303	0.035	5	5	5	1	0	0	-87.203	-5.704	-0.466	0	0	0	0	54577284	54577292	54577292
1898	0	0	4	55	-89.906	-22.935	-1.35	0	0	0	0	5	55	-86.763	-35.898	-0.401	0	0	0	0	6	55	-85.368	-30.21	10.925	0	0	0	0	7	55	-83.9	-29.798	-11.275	0	0	0	0	8	55	-87.263	-53.932	-2.833	0	0	0	0	9	55	-157.361	-3.031	1.847	0	0	0	0	10	55	3.740427E+28	-4.019831E+28	-3.295537E+28	0	0	0	0	1	0	-79.096	-19.595	0.977	5	5	5	4	2	0	-78.277	-10.303	0.035	5	5	5	1	0	0	-87.203	-5.704	-0.466	0	0	0	0	54577300	54577308	0
1899	0	0	4	55	-89.906	-22.935	-1.35	0	0	0	0	5	55	-86.763	-35.898	-0.401	0	0	0	0	6	55	-85.368	-30.21	10.925	0	0	0	0	7	55	-83.9	-29.798	-11.275	0	0	0	0	8	55	-87.263	-53.932	-2.833	0	0	0	0	9	55	-157.361	-3.031	1.847	0	0	0	0	10	55	3.740427E+28	-4.019831E+28	-3.295537E+28	0	0	0	0	1	0	-79.096	-19.595	0.977	5	5	5	4	2	0	-78.277	-10.303	0.035	5	5	5	1	0	0	-87.203	-5.704	-0.466	0	0	0	0	54577301	54577309	54577309
1915	0	0	4	55	-90.884	-22.556	-1.515	0	0	0	0	5	55	-87.538	-36.039	-0.451	0	0	0	0	6	55	-86.241	-29.819	10.328	0	0	0	0	7	55	-84.871	-29.211	-11.312	0	0	0	0	8	55	-87.496	-54.189	-2.97	0	0	0	0	9	55	-157.457	-3.305	1.684	0	0	0	0	10	55	3.741321E+28	-4.011594E+28	-3.304547E+28	0	0	0	0	1	0	-79.096	-19.595	0.977	5	5	5	4	2	0	-78.277	-10.303	0.035	5	5	5	1	0	0	-87.203	-5.704	-0.466	0	0	0	0	54577316	54577325	54577325
1932	0	0	4	55	-90.918	-22.312	-1.64	0	0	0	0	5	55	-87.878	-35.907	-0.622	0	0	0	0	6	55	-86.431	-29.479	10.228	0	0	0	0	7	55	-85.108	-29.336	-11.29	0	0	0	0	8	55	-87.631	-54.092	-3.054	0	0	0	0	9	55	-157.508	-2.939	1.635	0	0	0	0	10	55	3.734569E+28	-4.019196E+28	-3.302946E+28	0	0	0	0	1	0	-79.096	-19.595	0.977	5	5	5	4	2	0	-78.277	-10.303	0.035	5	5	5	1	0	0	-87.203	-5.704	-0.466	0	0	0	0	54577333	54577342	0
1932	0	0	4	55	-90.918	-22.312	-1.64	0	0	0	0	5	55	-87.878	-35.907	-0.622	0	0	0	0	6	55	-86.431	-29.479	10.228	0	0	0	0	7	55	-85.108	-29.336	-11.29	0	0	0	0	8	55	-87.631	-54.092	-3.054	0	0	0	0	9	55	-157.508	-2.939	1.635	0	0	0	0	10	55	3.734569E+28	-4.019195E+28	-3.302946E+28	0	0	0	0	1	0	-79.096	-19.595	0.977	5	5	5	4	2	0	-78.277	-10.303	0.035	5	5	5	1	0	0	-87.203	-5.704	-0.466	0	0	0	0	54577333	54577342	54577342
1948	0	0	4	55	-91.183	-22.358	-1.932	0	0	0	0	5	55	-88.729	-36.019	-0.614	0	0	0	0	6	55	-86.812	-29.395	10.032	0	0	0	0	7	55	-85.596	-29.618	-11.479	0	0	0	0	8	55	-88.02	-54.317	-3.138	0	0	0	0	9	55	-157.726	-3.208	1.631	0	0	0	0	10	55	3.73873E+28	-4.017089E+28	-3.300802E+28	0	0	0	0	1	0	-79.096	-19.595	0.977	5	5	5	4	2	0	-78.277	-10.303	0.035	5	5	5	1	0	0	-87.203	-5.704	-0.466	0	0	0	0	54577350	54577358	0
1949	0	0	4	55	-91.183	-22.358	-1.932	0	0	0	0	5	55	-88.729	-36.019	-0.614	0	0	0	0	6	55	-86.812	-29.395	10.032	0	0	0	0	7	55	-85.596	-29.618	-11.479	0	0	0	0	8	55	-88.02	-54.317	-3.138	0	0	0	0	9	55	-157.726	-3.208	1.631	0	0	0	0	10	55	3.73873E+28	-4.017089E+28	-3.300802E+28	0	0	0	0	1	0	-79.096	-19.595	0.977	5	5	5	4	2	0	-78.277	-10.303	0.035	5	5	5	1	0	0	-87.203	-5.704	-0.466	0	0	0	0	54577350	54577359	54577359
1965	0	0	4	55	-91.263	-22.266	-1.847	0	0	0	0	5	55	-89.235	-36.108	-0.427	0	0	0	0	6	55	-87.158	-29.324	9.847	0	0	0	0	7	55	-85.677	-29.384	-10.927	0	0	0	0	8	55	-88.26	-54.639	-3.054	0	0	0	0	9	55	-157.817	-3.275	1.683	0	0	0	0	10	55	3.73612E+28	-4.015346E+28	-3.305874E+28	0	0	0	0	1	0	-79.096	-19.595	0.977	5	5	5	4	2	0	-78.277	-10.303	0.035	5	5	5	1	0	0	-87.203	-5.704	-0.466	0	0	0	0	54577367	54577375	54577375
1982	0	0	4	55	-91.299	-22.091	-1.915	0	0	0	0	5	55	-89.414	-36.097	-0.442	0	0	0	0	6	55	-87.296	-29.23	9.828	0	0	0	0	7	55	-85.899	-29.413	-11.003	0	0	0	0	8	55	-88.541	-54.526	-3.1	0	0	0	0	9	55	-157.947	-3.368	1.638	0	0	0	0	10	55	3.734224E+28	-4.016082E+28	-3.307121E+28	0	0	0	0	1	0	-79.096	-19.595	0.977	5	5	5	4	2	0	-78.277	-10.303	0.035	5	5	5	1	0	0	-87.203	-5.704	-0.466	0	0	0	0	54577383	54577392	0
1982	0	0	4	55	-91.299	-22.091	-1.915	0	0	0	0	5	55	-89.414	-36.097	-0.442	0	0	0	0	6	55	-87.296	-29.23	9.828	0	0	0	0	7	55	-85.899	-29.413	-11.003	0	0	0	0	8	55	-88.54	-54.526	-3.1	0	0	0	0	9	55	-157.947	-3.368	1.638	0	0	0	0	10	55	3.734224E+28	-4.016082E+28	-3.307121E+28	0	0	0	0	1	0	-79.096	-19.595	0.977	5	5	5	4	2	0	-78.277	-10.303	0.035	5	5	5	1	0	0	-87.203	-5.704	-0.466	0	0	0	0	54577383	54577392	54577392
1998	0	0	4	55	-91.127	-21.819	-1.807	0	0	0	0	5	55	-89.461	-35.947	-0.41	0	0	0	0	6	55	-87.299	-29.022	9.724	0	0	0	0	7	55	-85.562	-29.474	-10.97	0	0	0	0	8	55	-88.567	-54.539	-3.109	0	0	0	0	9	55	-157.588	-3.022	1.75	0	0	0	0	10	55	3.714988E+28	-4.032104E+28	-3.309289E+28	0	0	0	0	1	0	-79.096	-19.595	0.977	5	5	5	4	2	0	-78.277	-10.303	0.035	5	5	5	1	0	0	-87.203	-5.704	-0.466	0	0	0	0	54577400	54577408	0
1999	0	0	4	55	-91.127	-21.819	-1.807	0	0	0	0	5	55	-89.461	-35.947	-0.41	0	0	0	0	6	55	-87.299	-29.022	9.724	0	0	0	0	7	55	-85.562	-29.474	-10.97	0	0	0	0	8	55	-88.567	-54.539	-3.109	0	0	0	0	9	55	-157.588	-3.022	1.75	0	0	0	0	10	55	3.714988E+28	-4.032104E+28	-3.309289E+28	0	0	0	0	1	0	-79.096	-19.595	0.977	5	5	5	4	2	0	-78.277	-10.303	0.035	5	5	5	1	0	0	-87.203	-5.704	-0.466	0	0	0	0	54577400	54577409	54577409
2015	0	0	4	55	-91.176	-22.08	-1.72	0	0	0	0	5	55	-89.562	-36.252	-0.429	0	0	0	0	6	55	-87.4	-29.291	9.783	0	0	0	0	7	55	-85.878	-29.367	-10.845	0	0	0	0	8	55	-88.56	-54.829	-3.146	0	0	0	0	9	55	-157.488	-3.321	1.591	0	0	0	0	10	55	3.720317E+28	-4.032255E+28	-3.303113E+28	0	0	0	0	1	0	-79.096	-19.595	0.977	5	5	5	4	2	0	-78.277	-10.303	0.035	5	5	5	1	0	0	-87.203	-5.704	-0.466	0	0	0	0	54577417	54577425	54577425
2032	0	0	4	55	-91.26	-22.201	-1.778	0	0	0	0	5	55	-89.441	-36.372	-0.409	0	0	0	0	6	55	-87.387	-29.411	9.737	0	0	0	0	7	55	-85.879	-29.569	-10.88	0	0	0	0	8	55	-88.52	-55.103	-3.344	0	0	0	0	9	55	-157.497	-3.424	1.446	0	0	0	0	10	55	3.717526E+28	-4.032662E+28	-3.305758E+28	0	0	0	0	1	0	-79.096	-19.595	0.977	5	5	5	4	2	0	-78.277	-10.303	0.035	5	5	5	1	0	0	-87.203	-5.704	-0.466	0	0	0	0	54577433	54577442	0
2032	0	0	4	55	-91.26	-22.201	-1.778	0	0	0	0	5	55	-89.441	-36.372	-0.409	0	0	0	0	6	55	-87.387	-29.411	9.737	0	0	0	0	7	55	-85.879	-29.569	-10.88	0	0	0	0	8	55	-88.52	-55.103	-3.344	0	0	0	0	9	55	-157.497	-3.424	1.446	0	0	0	0	10	55	3.717527E+28	-4.032661E+28	-3.305758E+28	0	0	0	0	1	0	-79.096	-19.595	0.977	5	5	5	4	2	0	-78.277	-10.303	0.035	5	5	5	1	0	0	-87.203	-5.704	-0.466	0	0	0	0	54577434	54577442	54577442
2049	0	0	4	55	-90.739	-21.87	-1.701	0	0	0	0	5	55	-89.214	-36.001	-0.471	0	0	0	0	6	55	-87.123	-29.212	9.91	0	0	0	0	7	55	-85.615	-29.487	-11.148	0	0	0	0	8	55	-88.346	-54.937	-3.155	0	0	0	0	9	55	-156.996	-2.971	1.519	0	0	0	0	10	55	3.705549E+28	-4.044385E+28	-3.304883E+28	0	0	0	0	1	0	-79.096	-19.595	0.977	5	5	5	4	2	0	-78.277	-10.303	0.035	5	5	5	1	0	0	-87.203	-5.704	-0.466	0	0	0	0	54577450	54577459	0
2049	0	0	4	55	-90.739	-21.87	-1.701	0	0	0	0	5	55	-89.214	-36.001	-0.471	0	0	0	0	6	55	-87.123	-29.212	9.91	0	0	0	0	7	55	-85.615	-29.487	-11.148	0	0	0	0	8	55	-88.346	-54.937	-3.155	0	0	0	0	9	55	-156.996	-2.971	1.519	0	0	0	0	10	55	3.705548E+28	-4.044385E+28	-3.304884E+28	0	0	0	0	1	0	-79.096	-19.595	0.977	5	5	5	4	2	0	-78.277	-10.303	0.035	5	5	5	1	0	0	-87.203	-5.704	-0.466	0	0	0	0	54577450	54577459	54577459
2065	0	0	4	55	-90.597	-22.02	-1.742	0	0	0	0	5	55	-88.654	-36.2	-0.494	0	0	0	0	6	55	-86.988	-29.362	9.93	0	0	0	0	7	55	-85.184	-29.706	-11.273	0	0	0	0	8	55	-88.26	-55.038	-3.224	0	0	0	0	9	55	-156.606	-2.928	1.364	0	0	0	0	10	55	3.70897E+28	-4.03927E+28	-3.3073E+28	0	0	0	0	1	0	-79.096	-19.595	0.977	5	5	5	4	2	0	-78.277	-10.303	0.035	5	5	5	1	0	0	-87.203	-5.704	-0.466	0	0	0	0	54577466	54577475	54577475
2082	0	0	4	55	-90.29	-21.988	-1.77	0	0	0	0	5	55	-88.605	-36.251	-0.535	0	0	0	0	6	55	-86.786	-29.425	9.902	0	0	0	0	7	55	-85.253	-29.386	-11.256	0	0	0	0	8	55	-88.209	-55.243	-3.262	0	0	0	0	9	55	-156.262	-2.704	1.323	0	0	0	0	10	55	3.708962E+28	-4.03747E+28	-3.309506E+28	0	0	0	0	1	0	-79.096	-19.595	0.977	5	5	5	4	2	0	-78.277	-10.303	0.035	5	5	5	1	0	0	-87.203	-5.704	-0.466	0	0	0	0	54577483	54577492	0
2082	0	0	4	55	-90.29	-21.988	-1.77	0	0	0	0	5	55	-88.605	-36.251	-0.535	0	0	0	0	6	55	-86.786	-29.425	9.902	0	0	0	0	7	55	-85.253	-29.386	-11.256	0	0	0	0	8	55	-88.209	-55.243	-3.262	0	0	0	0	9	55	-156.262	-2.704	1.323	0	0	0	0	10	55	3.708962E+28	-4.037471E+28	-3.309505E+28	0	0	0	0	1	0	-79.096	-19.595	0.977	5	5	5	4	2	0	-78.277	-10.303	0.035	5	5	5	1	0	0	-87.203	-5.704	-0.466	0	0	0	0	54577484	54577492	54577492
2098	0	0	4	55	-89.901	-22.051	-1.786	0	0	0	0	5	55	-88.02	-36.308	-0.541	0	0	0	0	6	55	-86.298	-29.494	9.901	0	0	0	0	7	55	-84.656	-29.81	-11.525	0	0	0	0	8	55	-88.18	-55.362	-3.392	0	0	0	0	9	55	-155.414	-2.243	1.17	0	0	0	0	10	55	3.712704E+28	-4.031399E+28	-3.31271E+28	0	0	0	0	1	0	-79.096	-19.595	0.977	5	5	5	4	2	0	-78.277	-10.303	0.035	5	5	5	1	0	0	-87.203	-5.704	-0.466	0	0	0	0	54577500	54577509	0
2099	0	0	4	55	-89.901	-22.051	-1.786	0	0	0	0	5	55	-88.02	-36.308	-0.541	0	0	0	0	6	55	-86.298	-29.494	9.901	0	0	0	0	7	55	-84.656	-29.81	-11.525	0	0	0	0	8	55	-88.18	-55.362	-3.392	0	0	0	0	9	55	-155.414	-2.243	1.17	0	0	0	0	10	55	3.712703E+28	-4.031398E+28	-3.312712E+28	0	0	0	0	1	0	-79.096	-19.595	0.977	5	5	5	4	2	0	-78.277	-10.303	0.035	5	5	5	1	0	0	-87.203	-5.704	-0.466	0	0	0	0	54577500	54577509	54577509
2115	0	0	4	55	-89.077	-21.902	-1.678	0	0	0	0	5	55	-87.185	-36.25	-0.642	0	0	0	0	6	55	-85.662	-29.443	10.093	0	0	0	0	7	55	-84.361	-29.016	-11.28	0	0	0	0	8	55	-87.983	-55.33	-3.268	0	0	0	0	9	55	-154.609	-1.588	1.315	0	0	0	0	10	55	3.703807E+28	-4.027753E+28	-3.327073E+28	0	0	0	0	1	0	-79.096	-19.595	0.977	5	5	5	4	2	0	-78.277	-10.303	0.035	5	5	5	1	0	0	-87.203	-5.704	-0.466	0	0	0	0	54577516	54577525	54577525
2132	0	0	4	55	-88.435	-21.734	-1.513	0	0	0	0	5	55	-86.734	-36.082	-0.446	0	0	0	0	6	55	-85.198	-29.294	10.224	0	0	0	0	7	55	-83.73	-29.345	-11.329	0	0	0	0	8	55	-87.707	-55.301	-3.06	0	0	0	0	9	55	-154.081	-1.142	1.452	0	0	0	0	10	55	3.695761E+28	-4.036243E+28	-3.325732E+28	0	0	0	0	1	0	-79.096	-19.595	0.977	5	5	5	4	2	0	-78.277	-10.303	0.035	5	5	5	1	0	0	-87.203	-5.704	-0.466	0	0	0	0	54577534	54577542	0
2132	0	0	4	55	-88.435	-21.734	-1.513	0	0	0	0	5	55	-86.734	-36.082	-0.446	0	0	0	0	6	55	-85.198	-29.294	10.224	0	0	0	0	7	55	-83.73	-29.345	-11.329	0	0	0	0	8	55	-87.707	-55.301	-3.06	0	0	0	0	9	55	-154.081	-1.142	1.452	0	0	0	0	10	55	3.695761E+28	-4.036243E+28	-3.325733E+28	0	0	0	0	1	0	-79.096	-19.595	0.977	5	5	5	4	2	0	-78.277	-10.303	0.035	5	5	5	1	0	0	-87.203	-5.704	-0.466	0	0	0	0	54577534	54577542	54577542
2148	0	0	4	55	-87.761	-21.854	-1.46	0	0	0	0	5	55	-86.107	-36.204	-0.473	0	0	0	0	6	55	-84.643	-29.552	10.17	0	0	0	0	7	55	-83.041	-29.027	-11.308	0	0	0	0	8	55	-87.487	-55.375	-3.126	0	0	0	0	9	55	-153.785	-1.209	1.3	0	0	0	0	10	55	3.704899E+28	-4.028967E+28	-3.324386E+28	0	0	0	0	1	0	-79.096	-19.595	0.977	5	5	5	4	2	0	-78.277	-10.303	0.035	5	5	5	1	0	0	-87.203	-5.704	-0.466	0	0	0	0	54577550	54577559	0
2149	0	0	4	55	-87.761	-21.854	-1.46	0	0	0	0	5	55	-86.107	-36.204	-0.473	0	0	0	0	6	55	-84.643	-29.552	10.17	0	0	0	0	7	55	-83.041	-29.027	-11.308	0	0	0	0	8	55	-87.487	-55.375	-3.126	0	0	0	0	9	55	-153.785	-1.209	1.3	0	0	0	0	10	55	3.704898E+28	-4.028967E+28	-3.324387E+28	0	0	0	0	1	0	-79.096	-19.595	0.977	5	5	5	4	2	0	-78.277	-10.303	0.035	5	5	5	1	0	0	-87.203	-5.704	-0.466	0	0	0	0	54577550	54577559	54577559
2165	0	0	4	55	-87.161	-21.796	-1.501	0	0	0	0	5	55	-85.609	-36.135	-0.396	0	0	0	0	6	55	-84.117	-29.545	10.206	0	0	0	0	7	55	-82.984	-29.229	-11.736	0	0	0	0	8	55	-87.479	-55.194	-3.229	0	0	0	0	9	55	-153.316	-0.821	1.469	0	0	0	0	10	55	3.697336E+28	-4.032042E+28	-3.329075E+28	0	0	0	0	1	0	-79.096	-19.595	0.977	5	5	5	4	2	0	-78.277	-10.303	0.035	5	5	5	1	0	0	-87.203	-5.704	-0.466	0	0	0	0	54577566	54577575	54577575
2182	0	0	4	55	-86.912	-21.619	-1.619	0	0	0	0	5	55	-85.411	-36.038	-0.418	0	0	0	0	6	55	-83.93	-29.32	10.111	0	0	0	0	7	55	-82.484	-29.053	-11.68	0	0	0	0	8	55	-87.33	-55.082	-3.233	0	0	0	0	9	55	-153.194	-0.639	1.409	0	0	0	0	10	55	3.69843E+28	-4.035223E+28	-3.324002E+28	0	0	0	0	1	0	-79.096	-19.595	0.977	5	5	5	4	2	0	-78.277	-10.303	0.035	5	5	5	1	0	0	-87.203	-5.704	-0.466	0	0	0	0	54577583	54577592	0
2182	0	0	4	55	-86.912	-21.619	-1.619	0	0	0	0	5	55	-85.411	-36.037	-0.418	0	0	0	0	6	55	-83.93	-29.32	10.111	0	0	0	0	7	55	-82.484	-29.053	-11.68	0	0	0	0	8	55	-87.33	-55.082	-3.233	0	0	0	0	9	55	-153.194	-0.639	1.409	0	0	0	0	10	55	3.698429E+28	-4.035223E+28	-3.324002E+28	0	0	0	0	1	0	-79.096	-19.595	0.977	5	5	5	4	2	0	-78.277	-10.303	0.035	5	5	5	1	0	0	-87.203	-5.704	-0.466	0	0	0	0	54577584	54577592	54577592
2198	0	0	4	55	-86.397	-21.645	-1.469	0	0	0	0	5	55	-84.916	-35.936	-0.198	0	0	0	0	6	55	-83.507	-29.274	10.307	0	0	0	0	7	55	-82.305	-28.965	-11.777	0	0	0	0	8	55	-87.059	-55.074	-3	0	0	0	0	9	55	-152.951	-0.57	1.646	0	0	0	0	10	55	3.697046E+28	-4.038693E+28	-3.321326E+28	0	0	0	0	1	0	-79.096	-19.595	0.977	5	5	5	4	2	0	-78.277	-10.303	0.035	5	5	5	1	0	0	-87.203	-5.704	-0.466	0	0	0	0	54577600	54577608	0
2199	0	0	4	55	-86.397	-21.645	-1.469	0	0	0	0	5	55	-84.916	-35.936	-0.198	0	0	0	0	6	55	-83.507	-29.274	10.307	0	0	0	0	7	55	-82.305	-28.965	-11.777	0	0	0	0	8	55	-87.059	-55.074	-3	0	0	0	0	9	55	-152.951	-0.57	1.646	0	0	0	0	10	55	3.697046E+28	-4.038693E+28	-3.321325E+28	0	0	0	0	1	0	-79.096	-19.595	0.977	5	5	5	4	2	0	-78.277	-10.303	0.035	5	5	5	1	0	0	-87.203	-5.704	-0.466	0	0	0	0	54577600	54577609	54577609
2215	0	0	4	55	-86.166	-21.508	-1.36	0	0	0	0	5	55	-84.558	-35.836	-0.179	0	0	0	0	6	55	-83.353	-29.221	10.366	0	0	0	0	7	55	-82.035	-29.068	-11.295	0	0	0	0	8	55	-86.836	-54.912	-2.882	0	0	0	0	9	55	-152.977	-0.773	1.429	0	0	0	0	10	55	3.702093E+28	-4.038959E+28	-3.315375E+28	0	0	0	0	1	0	-79.096	-19.595	0.977	5	5	5	4	2	0	-78.277	-10.303	0.035	5	5	5	1	0	0	-87.203	-5.704	-0.466	0	0	0	0	54577617	54577625	54577625
2232	0	0	4	55	-86.02	-21.536	-1.217	0	0	0	0	5	55	-84.346	-35.834	-0.037	0	0	0	0	6	55	-83.24	-29.175	10.516	0	0	0	0	7	55	-82.349	-29.051	-11.396	0	0	0	0	8	55	-86.887	-54.798	-2.832	0	0	0	0	9	55	-152.892	-0.716	1.686	0	0	0	0	10	55	3.702271E+28	-4.040648E+28	-3.313117E+28	0	0	0	0	1	0	-79.096	-19.595	0.977	5	5	5	4	2	0	-78.277	-10.303	0.035	5	5	5	1	0	0	-87.203	-5.704	-0.466	0	0	0	0	54577634	54577642	0
2232	0	0	4	55	-86.02	-21.536	-1.217	0	0	0	0	5	55	-84.346	-35.834	-0.037	0	0	0	0	6	55	-83.24	-29.175	10.516	0	0	0	0	7	55	-82.349	-29.051	-11.396	0	0	0	0	8	55	-86.887	-54.798	-2.832	0	0	0	0	9	55	-152.892	-0.716	1.686	0	0	0	0	10	55	3.702273E+28	-4.040647E+28	-3.313117E+28	0	0	0	0	1	0	-79.096	-19.595	0.977	5	5	5	4	2	0	-78.277	-10.303	0.035	5	5	5	1	0	0	-87.203	-5.704	-0.466	0	0	0	0	54577634	54577642	54577642
2249	0	0	4	55	-85.734	-21.556	-1.094	0	0	0	0	5	55	-84.044	-35.765	0.182	0	0	0	0	6	55	-83.101	-29.171	10.653	0	0	0	0	7	55	-82.113	-29.331	-11.316	0	0	0	0	8	55	-86.667	-54.826	-2.786	0	0	0	0	9	55	-152.773	-0.677	1.82	0	0	0	0	10	55	3.700061E+28	-4.043613E+28	-3.311967E+28	0	0	0	0	1	0	-79.096	-19.595	0.977	5	5	5	4	2	0	-78.277	-10.303	0.035	5	5	5	1	0	0	-87.203	-5.704	-0.466	0	0	0	0	54577650	54577659	0
2249	0	0	4	55	-85.734	-21.556	-1.094	0	0	0	0	5	55	-84.044	-35.765	0.182	0	0	0	0	6	55	-83.101	-29.171	10.653	0	0	0	0	7	55	-82.113	-29.331	-11.316	0	0	0	0	8	55	-86.667	-54.826	-2.786	0	0	0	0	9	55	-152.773	-0.677	1.82	0	0	0	0	10	55	3.700062E+28	-4.043613E+28	-3.311967E+28	0	0	0	0	1	0	-79.096	-19.595	0.977	5	5	5	4	2	0	-78.277	-10.303	0.035	5	5	5	1	0	0	-87.203	-5.704	-0.466	0	0	0	0	54577651	54577659	54577659
2265	0	0	4	55	-85.658	-21.532	-1	0	0	0	0	5	55	-83.74	-35.86	0.057	0	0	0	0	6	55	-82.924	-29.204	10.758	0	0	0	0	7	55	-82.078	-28.782	-11.25	0	0	0	0	8	55	-86.589	-54.754	-2.843	0	0	0	0	9	55	-152.882	-0.94	1.557	0	0	0	0	10	55	3.707073E+28	-4.046589E+28	-3.300473E+28	0	0	0	0	1	0	-79.096	-19.595	0.977	5	5	5	4	2	0	-78.277	-10.303	0.035	5	5	5	1	0	0	-87.203	-5.704	-0.466	0	0	0	0	54577667	54577675	54577675
2282	0	0	4	55	-85.358	-21.334	-0.86	0	0	0	0	5	55	-83.499	-35.568	0.522	0	0	0	0	6	55	-82.832	-28.94	10.946	0	0	0	0	7	55	-82.088	-28.397	-11.117	0	0	0	0	8	55	-86.485	-54.504	-2.653	0	0	0	0	9	55	-152.748	-0.674	1.793	0	0	0	0	10	55	3.697486E+28	-4.054911E+28	-3.301013E+28	0	0	0	0	1	0	-79.096	-19.595	0.977	5	5	5	4	2	0	-78.277	-10.303	0.035	5	5	5	1	0	0	-87.203	-5.704	-0.466	0	0	0	0	54577683	54577692	0
2282	0	0	4	55	-85.358	-21.334	-0.86	0	0	0	0	5	55	-83.499	-35.568	0.522	0	0	0	0	6	55	-82.832	-28.94	10.946	0	0	0	0	7	55	-82.088	-28.397	-11.117	0	0	0	0	8	55	-86.485	-54.504	-2.653	0	0	0	0	9	55	-152.748	-0.674	1.793	0	0	0	0	10	55	3.697486E+28	-4.054911E+28	-3.301012E+28	0	0	0	0	1	0	-79.096	-19.595	0.977	5	5	5	4	2	0	-78.277	-10.303	0.035	5	5	5	1	0	0	-87.203	-5.704	-0.466	0	0	0	0	54577683	54577692	54577692
2298	0	0	4	55	-85.228	-21.212	-0.98	0	0	0	0	5	55	-83.313	-35.521	0.048	0	0	0	0	6	55	-82.764	-29.031	10.772	0	0	0	0	7	55	-82.172	-28.42	-11.071	0	0	0	0	8	55	-86.412	-54.471	-2.879	0	0	0	0	9	55	-152.779	-0.677	1.783	0	0	0	0	10	55	3.699515E+28	-4.049357E+28	-3.305554E+28	0	0	0	0	1	0	-79.096	-19.595	0.977	5	5	5	4	2	0	-78.277	-10.303	0.035	5	5	5	1	0	0	-87.203	-5.704	-0.466	0	0	0	0	54577700	54577709	0
2299	0	0	4	55	-85.228	-21.212	-0.98	0	0	0	0	5	55	-83.313	-35.521	0.048	0	0	0	0	6	55	-82.764	-29.031	10.772	0	0	0	0	7	55	-82.172	-28.42	-11.071	0	0	0	0	8	55	-86.412	-54.471	-2.879	0	0	0	0	9	55	-152.779	-0.677	1.783	0	0	0	0	10	55	3.699515E+28	-4.049357E+28	-3.305554E+28	0	0	0	0	1	0	-79.096	-19.595	0.977	5	5	5	4	2	0	-78.277	-10.303	0.035	5	5	5	1	0	0	-87.203	-5.704	-0.466	0	0	0	0	54577700	54577709	54577709
2315	0	0	4	55	-85.228	-21.01	-0.754	0	0	0	0	5	55	-83.02	-35.451	0.358	0	0	0	0	6	55	-82.675	-29.003	10.831	0	0	0	0	7	55	-81.965	-28.08	-10.786	0	0	0	0	8	55	-86.313	-54.41	-2.745	0	0	0	0	9	55	-152.844	-0.738	1.567	0	0	0	0	10	55	3.699985E+28	-4.051721E+28	-3.302129E+28	0	0	0	0	1	0	-79.096	-19.595	0.977	5	5	5	4	2	0	-78.277	-10.303	0.035	5	5	5	1	0	0	-87.203	-5.704	-0.466	0	0	0	0	54577716	54577725	54577725
2332	0	0	4	55	-84.687	-20.98	-0.63	0	0	0	0	5	55	-82.559	-35.412	0.374	0	0	0	0	6	55	-82.729	-28.877	10.968	0	0	0	0	7	55	-82.01	-27.865	-10.561	0	0	0	0	8	55	-86.164	-54.251	-2.648	0	0	0	0	9	55	-152.784	-0.854	1.562	0	0	0	0	10	55	3.700892E+28	-4.052753E+28	-3.299846E+28	0	0	0	0	1	0	-79.096	-19.595	0.977	5	5	5	4	2	0	-78.277	-10.303	0.035	5	5	5	1	0	0	-87.203	-5.704	-0.466	0	0	0	0	54577733	54577742	0
2332	0	0	4	55	-84.687	-20.98	-0.63	0	0	0	0	5	55	-82.559	-35.412	0.374	0	0	0	0	6	55	-82.729	-28.877	10.968	0	0	0	0	7	55	-82.01	-27.865	-10.561	0	0	0	0	8	55	-86.164	-54.251	-2.648	0	0	0	0	9	55	-152.784	-0.854	1.562	0	0	0	0	10	55	3.700892E+28	-4.052753E+28	-3.299847E+28	0	0	0	0	1	0	-79.096	-19.595	0.977	5	5	5	4	2	0	-78.277	-10.303	0.035	5	5	5	1	0	0	-87.203	-5.704	-0.466	0	0	0	0	54577733	54577742	54577742
2348	0	0	4	55	-84.483	-20.812	-0.581	0	0	0	0	5	55	-82.203	-35.433	0.4	0	0	0	0	6	55	-82.891	-28.903	10.902	0	0	0	0	7	55	-81.753	-27.937	-10.397	0	0	0	0	8	55	-86.171	-54.247	-2.813	0	0	0	0	9	55	-152.775	-0.878	1.511	0	0	0	0	10	55	3.698759E+28	-4.05247E+28	-3.302585E+28	0	0	0	0	1	0	-79.096	-19.595	0.977	5	5	5	4	2	0	-78.277	-10.303	0.035	5	5	5	1	0	0	-87.203	-5.704	-0.466	0	0	0	0	54577750	54577758	0
2349	0	0	4	55	-84.483	-20.812	-0.581	0	0	0	0	5	55	-82.203	-35.433	0.4	0	0	0	0	6	55	-82.891	-28.903	10.902	0	0	0	0	7	55	-81.753	-27.937	-10.397	0	0	0	0	8	55	-86.171	-54.247	-2.813	0	0	0	0	9	55	-152.775	-0.878	1.511	0	0	0	0	10	55	3.69876E+28	-4.05247E+28	-3.302584E+28	0	0	0	0	1	0	-79.096	-19.595	0.977	5	5	5	4	2	0	-78.277	-10.303	0.035	5	5	5	1	0	0	-87.203	-5.704	-0.466	0	0	0	0	54577750	54577759	54577759
2365	0	0	4	55	-84.255	-20.699	-0.384	0	0	0	0	5	55	-81.752	-35.546	0.781	0	0	0	0	6	55	-82.811	-28.933	10.878	0	0	0	0	7	55	-81.643	-27.537	-10.245	0	0	0	0	8	55	-86.102	-54.255	-2.713	0	0	0	0	9	55	-153.004	-1.071	1.247	0	0	0	0	10	55	3.706041E+28	-4.05029E+28	-3.297091E+28	0	0	0	0	1	0	-79.096	-19.595	0.977	5	5	5	4	2	0	-78.277	-10.303	0.035	5	5	5	1	0	0	-87.203	-5.704	-0.466	0	0	0	0	54577766	54577775	54577775
2382	0	0	4	55	-83.946	-20.46	-0.134	0	0	0	0	5	55	-81.425	-35.267	0.938	0	0	0	0	6	55	-82.659	-28.655	11.093	0	0	0	0	7	55	-81.496	-27.416	-9.887	0	0	0	0	8	55	-85.6	-54.248	-2.357	0	0	0	0	9	55	-153.063	-1.03	1.313	0	0	0	0	10	55	3.707482E+28	-4.051022E+28	-3.29457E+28	0	0	0	0	1	0	-79.096	-19.595	0.977	5	5	5	4	2	0	-78.277	-10.303	0.035	5	5	5	1	0	0	-87.203	-5.704	-0.466	0	0	0	0	54577783	54577792	0
2382	0	0	4	55	-83.946	-20.46	-0.134	0	0	0	0	5	55	-81.425	-35.267	0.938	0	0	0	0	6	55	-82.659	-28.655	11.093	0	0	0	0	7	55	-81.496	-27.416	-9.887	0	0	0	0	8	55	-85.6	-54.248	-2.357	0	0	0	0	9	55	-153.063	-1.03	1.313	0	0	0	0	10	55	3.707482E+28	-4.051022E+28	-3.29457E+28	0	0	0	0	1	0	-79.096	-19.595	0.977	5	5	5	4	2	0	-78.277	-10.303	0.035	5	5	5	1	0	0	-87.203	-5.704	-0.466	0	0	0	0	54577783	54577792	54577792
2398	0	0	4	55	-83.813	-20.481	-0.247	0	0	0	0	5	55	-81.114	-35.327	0.974	0	0	0	0	6	55	-82.65	-28.711	11.025	0	0	0	0	7	55	-81.148	-27.254	-9.688	0	0	0	0	8	55	-85.739	-54.074	-2.339	0	0	0	0	9	55	-152.92	-1.192	1.283	0	0	0	0	10	55	3.712218E+28	-4.049317E+28	-3.291332E+28	0	0	0	0	1	1	-79.096	-19.595	0.977	5	5	5	4	2	0	-78.277	-10.303	0.035	5	5	5	1	0	0	-87.203	-5.704	-0.466	0	0	0	0	54577799	54577808	0
2398	0	0	4	55	-83.813	-20.481	-0.247	0	0	0	0	5	55	-81.114	-35.327	0.974	0	0	0	0	6	55	-82.65	-28.711	11.025	0	0	0	0	7	55	-81.148	-27.254	-9.688	0	0	0	0	8	55	-85.739	-54.074	-2.339	0	0	0	0	9	55	-152.92	-1.193	1.284	0	0	0	0	10	55	3.712219E+28	-4.049316E+28	-3.291332E+28	0	0	0	0	1	2	-79.096	-19.595	0.977	5	5	5	4	2	0	-78.277	-10.303	0.035	5	5	5	1	0	0	-87.203	-5.704	-0.466	0	0	0	0	54577800	54577809	54577809
2415	0	0	4	55	-83.557	-20.285	-0.133	0	0	0	0	5	55	-80.776	-35.165	1.012	0	0	0	0	6	55	-82.592	-28.635	10.925	0	0	0	0	7	55	-81.329	-26.974	-9.795	0	0	0	0	8	55	-85.4	-54.104	-2.418	0	0	0	0	9	55	-152.949	-0.798	1.324	0	0	0	0	10	55	3.704992E+28	-4.052409E+28	-3.295666E+28	0	0	0	0	1	2	-79.096	-19.595	0.977	5	5	5	4	2	0	-78.277	-10.303	0.035	5	5	5	1	0	0	-87.203	-5.704	-0.466	0	0	0	0	54577816	54577825	54577825
2432	0	0	4	55	-83.24	-20.214	-0.118	0	0	0	0	5	55	-80.543	-35.091	0.989	0	0	0	0	6	55	-82.407	-28.71	11.074	0	0	0	0	7	55	-81.208	-27.032	-9.793	0	0	0	0	8	55	-85.265	-53.976	-2.33	0	0	0	0	9	55	-152.938	-0.831	1.34	0	0	0	0	10	55	3.705401E+28	-4.049422E+28	-3.298875E+28	0	0	0	0	1	2	-79.096	-19.595	0.977	5	5	5	4	2	0	-78.277	-10.303	0.035	5	5	5	1	0	0	-87.203	-5.704	-0.466	0	0	0	0	54577832	54577842	0
2432	0	0	4	55	-83.24	-20.214	-0.118	0	0	0	0	5	55	-80.544	-35.091	0.989	0	0	0	0	6	55	-82.407	-28.71	11.074	0	0	0	0	7	55	-81.208	-27.032	-9.793	0	0	0	0	8	55	-85.265	-53.976	-2.33	0	0	0	0	9	55	-152.938	-0.831	1.34	0	0	0	0	10	55	3.7054E+28	-4.049423E+28	-3.298875E+28	0	0	0	0	1	2	-79.096	-19.595	0.977	5	5	5	4	2	0	-78.277	-10.303	0.035	5	5	5	1	0	0	-87.203	-5.704	-0.466	0	0	0	0	54577833	54577842	54577842
2448	0	0	4	55	-83.312	-20.144	0.058	0	0	0	0	5	55	-80.349	-35.07	1.144	0	0	0	0	6	55	-82.266	-28.461	11.25	0	0	0	0	7	55	-80.92	-26.955	-9.655	0	0	0	0	8	55	-85.302	-53.762	-2.18	0	0	0	0	9	55	-152.754	-0.761	1.41	0	0	0	0	10	55	3.70849E+28	-4.05338E+28	-3.290534E+28	0	0	0	0	1	2	-79.096	-19.595	0.977	5	5	5	4	2	0	-78.277	-10.303	0.035	5	5	5	1	0	0	-87.203	-5.704	-0.466	0	0	0	0	54577850	54577858	0
2449	0	0	4	55	-83.312	-20.144	0.058	0	0	0	0	5	55	-80.349	-35.07	1.144	0	0	0	0	6	55	-82.266	-28.461	11.25	0	0	0	0	7	55	-80.92	-26.955	-9.655	0	0	0	0	8	55	-85.302	-53.762	-2.18	0	0	0	0	9	55	-152.754	-0.761	1.41	0	0	0	0	10	55	3.708491E+28	-4.05338E+28	-3.290533E+28	0	0	0	0	1	2	-79.096	-19.595	0.977	5	5	5	4	2	0	-78.277	-10.303	0.035	5	5	5	1	0	0	-87.203	-5.704	-0.466	0	0	0	0	54577850	54577859	54577859
2465	0	0	4	55	-83.125	-20.252	0.18	0	0	0	0	5	55	-80.179	-35.163	1.309	0	0	0	0	6	55	-82.134	-28.469	11.421	0	0	0	0	7	55	-81.127	-26.662	-9.368	0	0	0	0	8	55	-85.309	-53.763	-2.075	0	0	0	0	9	55	-152.954	-0.782	1.431	0	0	0	0	10	55	3.707651E+28	-4.05108E+28	-3.294309E+28	0	0	0	0	1	2	-79.096	-19.595	0.977	5	5	5	4	2	0	-78.277	-10.303	0.035	5	5	5	1	0	0	-87.203	-5.704	-0.466	0	0	0	0	54577865	54577875	54577875
2482	0	0	4	55	-83.25	-20.334	0.199	0	0	0	0	5	55	-80.313	-35.161	1.347	0	0	0	0	6	55	-82.176	-28.49	11.405	0	0	0	0	7	55	-80.875	-27.066	-9.597	0	0	0	0	8	55	-85.226	-53.878	-2.122	0	0	0	0	9	55	-152.959	-0.801	1.408	0	0	0	0	10	55	3.710793E+28	-4.048515E+28	-3.293924E+28	0	0	0	0	1	2	-79.096	-19.595	0.977	5	5	5	4	2	0	-78.277	-10.303	0.035	5	5	5	1	0	0	-87.203	-5.704	-0.466	0	0	0	0	54577884	54577892	0
2482	0	0	4	55	-83.25	-20.334	0.199	0	0	0	0	5	55	-80.313	-35.161	1.347	0	0	0	0	6	55	-82.176	-28.49	11.405	0	0	0	0	7	55	-80.875	-27.066	-9.597	0	0	0	0	8	55	-85.226	-53.878	-2.122	0	0	0	0	9	55	-152.959	-0.801	1.408	0	0	0	0	10	55	3.710793E+28	-4.048515E+28	-3.293924E+28	0	0	0	0	1	2	-79.096	-19.595	0.977	5	5	5	4	2	0	-78.277	-10.303	0.035	5	5	5	1	0	0	-87.203	-5.704	-0.466	0	0	0	0	54577884	54577892	54577892
2498	0	0	4	55	-83.51	-20.602	0.12	0	0	0	0	5	55	-80.503	-35.381	1.233	0	0	0	0	6	55	-82.31	-28.669	11.458	0	0	0	0	7	55	-81.169	-27.045	-9.488	0	0	0	0	8	55	-85.242	-54.051	-2.164	0	0	0	0	9	55	-153.055	-1.077	1.322	0	0	0	0	10	55	3.725804E+28	-4.042316E+28	-3.284578E+28	0	0	0	0	1	2	-79.096	-19.595	0.977	5	5	5	4	2	0	-78.277	-10.303	0.035	5	5	5	1	0	0	-87.203	-5.704	-0.466	0	0	0	0	54577899	54577908	0
2499	0	0	4	55	-83.51	-20.602	0.12	0	0	0	0	5	55	-80.503	-35.381	1.233	0	0	0	0	6	55	-82.31	-28.669	11.458	0	0	0	0	7	55	-81.169	-27.045	-9.488	0	0	0	0	8	55	-85.242	-54.051	-2.164	0	0	0	0	9	55	-153.055	-1.077	1.322	0	0	0	0	10	55	3.725804E+28	-4.042317E+28	-3.284578E+28	0	0	0	0	1	2	-79.096	-19.595	0.977	5	5	5	4	2	0	-78.277	-10.303	0.035	5	5	5	1	0	0	-87.203	-5.704	-0.466	0	0	0	0	54577899	54577909	54577909
2515	0	0	4	55	-83.726	-20.743	0.149	0	0	0	0	5	55	-80.649	-35.508	1.362	0	0	0	0	6	55	-82.264	-28.88	11.527	0	0	0	0	7	55	-81.193	-27.464	-9.88	0	0	0	0	8	55	-85.403	-54.085	-2.187	0	0	0	0	9	55	-153.309	-1.387	1.475	0	0	0	0	10	55	3.72752E+28	-4.039325E+28	-3.286312E+28	0	0	0	0	1	2	-79.096	-19.595	0.977	5	5	5	4	2	0	-78.277	-10.303	0.035	5	5	5	1	0	0	-87.203	-5.704	-0.466	0	0	0	0	54577917	54577925	54577925
2532	0	0	4	55	-83.711	-20.771	0.104	0	0	0	0	5	55	-80.692	-35.621	1.248	0	0	0	0	6	55	-82.409	-28.87	11.564	0	0	0	0	7	55	-81.163	-27.396	-9.674	0	0	0	0	8	55	-85.39	-54.123	-2.246	0	0	0	0	9	55	-153.482	-1.42	1.481	0	0	0	0	10	55	3.727037E+28	-4.036401E+28	-3.290449E+28	0	0	0	0	1	2	-79.096	-19.595	0.977	5	5	5	4	2	0	-78.277	-10.303	0.035	5	5	5	1	0	0	-87.203	-5.704	-0.466	0	0	0	0	54577933	54577942	0
2532	0	0	4	55	-83.711	-20.771	0.104	0	0	0	0	5	55	-80.692	-35.621	1.248	0	0	0	0	6	55	-82.409	-28.87	11.564	0	0	0	0	7	55	-81.163	-27.396	-9.674	0	0	0	0	8	55	-85.39	-54.123	-2.246	0	0	0	0	9	55	-153.482	-1.42	1.481	0	0	0	0	10	55	3.727036E+28	-4.036402E+28	-3.29045E+28	0	0	0	0	1	2	-79.096	-19.595	0.977	5	5	5	4	2	0	-78.277	-10.303	0.035	5	5	5	1	0	0	-87.203	-5.704	-0.466	0	0	0	0	54577933	54577942	54577942
2548	0	0	4	55	-83.894	-20.717	-0.003	0	0	0	0	5	55	-80.911	-35.644	0.98	0	0	0	0	6	55	-82.51	-28.903	11.398	0	0	0	0	7	55	-81.399	-27.612	-10.004	0	0	0	0	8	55	-85.491	-54.155	-2.352	0	0	0	0	9	55	-153.66	-1.432	1.47	0	0	0	0	10	55	3.722922E+28	-4.025691E+28	-3.308181E+28	0	0	0	0	1	0	-79.096	-19.595	0.977	5	5	5	4	2	0	-78.277	-10.303	0.035	5	5	5	1	0	0	-87.203	-5.704	-0.466	0	0	0	0	54577950	54577958	0
2549	0	0	4	55	-83.894	-20.717	-0.003	0	0	0	0	5	55	-80.911	-35.644	0.98	0	0	0	0	6	55	-82.51	-28.903	11.398	0	0	0	0	7	55	-81.399	-27.612	-10.004	0	0	0	0	8	55	-85.491	-54.155	-2.352	0	0	0	0	9	55	-153.66	-1.432	1.47	0	0	0	0	10	55	3.722922E+28	-4.02569E+28	-3.308182E+28	0	0	0	0	1	0	-79.096	-19.595	0.977	5	5	5	4	2	0	-78.277	-10.303	0.035	5	5	5	1	0	0	-87.203	-5.704	-0.466	0	0	0	0	54577950	54577959	54577959
2565	0	0	4	55	-84.061	-20.645	-0.02	0	0	0	0	5	55	-81.062	-35.545	1.148	0	0	0	0	6	55	-82.65	-28.82	11.383	0	0	0	0	7	55	-81.735	-27.529	-9.896	0	0	0	0	8	55	-85.749	-53.973	-2.488	0	0	0	0	9	55	-153.832	-1.225	1.518	0	0	0	0	10	55	3.715667E+28	-4.029006E+28	-3.312298E+28	0	0	0	0	1	0	-79.096	-19.595	0.977	5	5	5	4	2	0	-78.277	-10.303	0.035	5	5	5	1	0	0	-87.203	-5.704	-0.466	0	0	0	0	54577967	54577975	54577975
2582	0	0	4	55	-84.133	-20.643	0.121	0	0	0	0	5	55	-81.144	-35.599	1.065	0	0	0	0	6	55	-82.603	-28.771	11.504	0	0	0	0	7	55	-81.623	-27.395	-10.057	0	0	0	0	8	55	-85.851	-53.838	-2.495	0	0	0	0	9	55	-153.754	-1.186	1.697	0	0	0	0	10	55	3.709542E+28	-4.028009E+28	-3.320367E+28	0	0	0	0	1	0	-79.096	-19.595	0.977	5	5	5	4	2	0	-78.277	-10.303	0.035	5	5	5	1	0	0	-87.203	-5.704	-0.466	0	0	0	0	54577983	54577992	0
2582	0	0	4	55	-84.133	-20.643	0.121	0	0	0	0	5	55	-81.144	-35.599	1.065	0	0	0	0	6	55	-82.603	-28.771	11.504	0	0	0	0	7	55	-81.623	-27.395	-10.057	0	0	0	0	8	55	-85.851	-53.838	-2.495	0	0	0	0	9	55	-153.754	-1.186	1.697	0	0	0	0	10	55	3.709541E+28	-4.028009E+28	-3.320367E+28	0	0	0	0	1	0	-79.096	-19.595	0.977	5	5	5	4	2	0	-78.277	-10.303	0.035	5	5	5	1	0	0	-87.203	-5.704	-0.466	0	0	0	0	54577984	54577992	54577992
2598	0	0	4	55	-84.095	-20.558	0.35	0	0	0	0	5	55	-81.152	-35.332	1.413	0	0	0	0	6	55	-82.847	-28.606	11.657	0	0	0	0	7	55	-81.921	-27.013	-9.465	0	0	0	0	8	55	-85.775	-53.832	-2.391	0	0	0	0	9	55	-153.705	-0.946	1.906	0	0	0	0	10	55	3.694177E+28	-4.036712E+28	-3.326921E+28	0	0	0	0	1	0	-79.096	-19.595	0.977	5	5	5	4	2	0	-78.277	-10.303	0.035	5	5	5	1	0	0	-87.203	-5.704	-0.466	0	0	0	0	54578000	54578008	0
2599	0	0	4	55	-84.095	-20.558	0.35	0	0	0	0	5	55	-81.152	-35.332	1.413	0	0	0	0	6	55	-82.847	-28.606	11.657	0	0	0	0	7	55	-81.921	-27.013	-9.465	0	0	0	0	8	55	-85.775	-53.832	-2.391	0	0	0	0	9	55	-153.705	-0.946	1.906	0	0	0	0	10	55	3.694177E+28	-4.036712E+28	-3.326922E+28	0	0	0	0	1	0	-79.096	-19.595	0.977	5	5	5	4	2	0	-78.277	-10.303	0.035	5	5	5	1	0	0	-87.203	-5.704	-0.466	0	0	0	0	54578000	54578009	54578009
2615	0	0	4	55	-84.229	-20.388	0.481	0	0	0	0	5	55	-81.128	-35.29	1.418	0	0	0	0	6	55	-82.787	-28.596	11.775	0	0	0	0	7	55	-82.133	-26.894	-9.656	0	0	0	0	8	55	-85.853	-53.719	-2.292	0	0	0	0	9	55	-153.577	-0.8	2.04	0	0	0	0	10	55	3.69008E+28	-4.039412E+28	-3.328191E+28	0	0	0	0	1	0	-79.096	-19.595	0.977	5	5	5	4	2	0	-78.277	-10.303	0.035	5	5	5	1	0	0	-87.203	-5.704	-0.466	0	0	0	0	54578015	54578025	54578025
2632	0	0	4	55	-84.047	-20.429	0.505	0	0	0	0	5	55	-81.096	-35.33	1.482	0	0	0	0	6	55	-82.8	-28.872	11.749	0	0	0	0	7	55	-81.883	-27.206	-9.595	0	0	0	0	8	55	-85.77	-53.764	-2.312	0	0	0	0	9	55	-153.596	-0.867	2.006	0	0	0	0	10	55	3.689348E+28	-4.045026E+28	-3.32218E+28	0	0	0	0	1	0	-79.096	-19.595	0.977	5	5	5	4	2	0	-78.277	-10.303	0.035	5	5	5	1	0	0	-87.203	-5.704	-0.466	0	0	0	0	54578033	54578042	0
2632	0	0	4	55	-84.047	-20.429	0.505	0	0	0	0	5	55	-81.096	-35.33	1.482	0	0	0	0	6	55	-82.8	-28.872	11.749	0	0	0	0	7	55	-81.883	-27.206	-9.595	0	0	0	0	8	55	-85.77	-53.764	-2.312	0	0	0	0	9	55	-153.596	-0.867	2.006	0	0	0	0	10	55	3.689347E+28	-4.045026E+28	-3.32218E+28	0	0	0	0	1	0	-79.096	-19.595	0.977	5	5	5	4	2	0	-78.277	-10.303	0.035	5	5	5	1	0	0	-87.203	-5.704	-0.466	0	0	0	0	54578033	54578042	54578042
2648	0	0	4	55	-84.015	-20.515	0.629	0	0	0	0	5	55	-81.121	-35.325	1.728	0	0	0	0	6	55	-82.776	-28.84	11.969	0	0	0	0	7	55	-81.969	-26.991	-9.242	0	0	0	0	8	55	-85.747	-53.769	-2.039	0	0	0	0	9	55	-153.594	-0.763	2.157	0	0	0	0	10	55	3.683669E+28	-4.056303E+28	-3.314722E+28	0	0	0	0	1	0	-79.096	-19.595	0.977	5	5	5	4	2	0	-78.277	-10.303	0.035	5	5	5	1	0	0	-87.203	-5.704	-0.466	0	0	0	0	54578049	54578058	0
2649	0	0	4	55	-84.015	-20.515	0.629	0	0	0	0	5	55	-81.121	-35.325	1.728	0	0	0	0	6	55	-82.776	-28.84	11.969	0	0	0	0	7	55	-81.969	-26.991	-9.242	0	0	0	0	8	55	-85.747	-53.769	-2.039	0	0	0	0	9	55	-153.594	-0.763	2.157	0	0	0	0	10	55	3.683669E+28	-4.056303E+28	-3.314723E+28	0	0	0	0	1	0	-79.096	-19.595	0.977	5	5	5	4	2	0	-78.277	-10.303	0.035	5	5	5	1	0	0	-87.203	-5.704	-0.466	0	0	0	0	54578049	54578059	54578059
2665	0	0	4	55	-84.052	-20.574	0.466	0	0	0	0	5	55	-81.065	-35.418	1.58	0	0	0	0	6	55	-82.702	-28.775	11.996	0	0	0	0	7	55	-81.698	-27.39	-9.735	0	0	0	0	8	55	-85.683	-53.836	-2.056	0	0	0	0	9	55	-153.453	-0.874	1.933	0	0	0	0	10	55	3.683076E+28	-4.061264E+28	-3.309302E+28	0	0	0	0	1	0	-79.096	-19.595	0.977	5	5	5	4	2	0	-78.277	-10.303	0.035	5	5	5	1	0	0	-87.203	-5.704	-0.466	0	0	0	0	54578066	54578075	54578075
2682	0	0	4	55	-84.082	-20.773	0.412	0	0	0	0	5	55	-81.053	-35.705	1.536	0	0	0	0	6	55	-82.67	-29.007	12.042	0	0	0	0	7	55	-81.853	-27.469	-9.719	0	0	0	0	8	55	-85.608	-53.966	-2.034	0	0	0	0	9	55	-153.492	-1.088	1.945	0	0	0	0	10	55	3.687853E+28	-4.060556E+28	-3.304849E+28	0	0	0	0	1	0	-79.096	-19.595	0.977	5	5	5	4	2	0	-78.277	-10.303	0.035	5	5	5	1	0	0	-87.203	-5.704	-0.466	0	0	0	0	54578084	54578092	0
2682	0	0	4	55	-84.082	-20.773	0.412	0	0	0	0	5	55	-81.053	-35.705	1.536	0	0	0	0	6	55	-82.67	-29.007	12.042	0	0	0	0	7	55	-81.853	-27.469	-9.719	0	0	0	0	8	55	-85.608	-53.966	-2.034	0	0	0	0	9	55	-153.492	-1.088	1.945	0	0	0	0	10	55	3.687852E+28	-4.060555E+28	-3.30485E+28	0	0	0	0	1	0	-79.096	-19.595	0.977	5	5	5	4	2	0	-78.277	-10.303	0.035	5	5	5	1	0	0	-87.203	-5.704	-0.466	0	0	0	0	54578084	54578092	54578092
2698	0	0	4	55	-84.082	-20.971	0.332	0	0	0	0	5	55	-81.105	-35.774	1.542	0	0	0	0	6	55	-82.702	-29.052	11.965	0	0	0	0	7	55	-81.499	-28.031	-10.076	0	0	0	0	8	55	-85.546	-54.07	-2.164	0	0	0	0	9	55	-153.507	-1.202	1.735	0	0	0	0	10	55	3.696157E+28	-4.06301E+28	-3.292532E+28	0	0	0	0	1	0	-79.096	-19.595	0.977	5	5	5	4	2	0	-78.277	-10.303	0.035	5	5	5	1	0	0	-87.203	-5.704	-0.466	0	0	0	0	54578100	54578108	0
2699	0	0	4	55	-84.082	-20.971	0.332	0	0	0	0	5	55	-81.105	-35.774	1.542	0	0	0	0	6	55	-82.702	-29.052	11.965	0	0	0	0	7	55	-81.499	-28.031	-10.076	0	0	0	0	8	55	-85.546	-54.07	-2.164	0	0	0	0	9	55	-153.507	-1.202	1.735	0	0	0	0	10	55	3.696157E+28	-4.06301E+28	-3.292532E+28	0	0	0	0	1	0	-79.096	-19.595	0.977	5	5	5	4	2	0	-78.277	-10.303	0.035	5	5	5	1	0	0	-87.203	-5.704	-0.466	0	0	0	0	54578100	54578109	54578109
2715	0	0	4	55	-84.101	-21.013	0.358	0	0	0	0	5	55	-81.183	-35.741	1.507	0	0	0	0	6	55	-82.711	-29.19	11.964	0	0	0	0	7	55	-81.37	-27.754	-10.009	0	0	0	0	8	55	-85.539	-54.08	-2.255	0	0	0	0	9	55	-153.531	-1.209	1.847	0	0	0	0	10	55	3.691737E+28	-4.05586E+28	-3.306278E+28	0	0	0	0	1	0	-79.096	-19.595	0.977	5	5	5	4	2	0	-78.277	-10.303	0.035	5	5	5	1	0	0	-87.203	-5.704	-0.466	0	0	0	0	54578116	54578125	54578125
2732	0	0	4	55	-84.115	-21.025	0.24	0	0	0	0	5	55	-81.129	-35.837	1.392	0	0	0	0	6	55	-82.681	-29.118	11.995	0	0	0	0	7	55	-81.353	-28.228	-10.19	0	0	0	0	8	55	-85.546	-54.082	-2.222	0	0	0	0	9	55	-153.533	-1.211	1.784	0	0	0	0	10	55	3.693094E+28	-4.061386E+28	-3.297969E+28	0	0	0	0	1	0	-79.096	-19.595	0.977	5	5	5	4	2	0	-78.277	-10.303	0.035	5	5	5	1	0	0	-87.203	-5.704	-0.466	0	0	0	0	54578133	54578142	0
2732	0	0	4	55	-84.115	-21.025	0.24	0	0	0	0	5	55	-81.129	-35.837	1.392	0	0	0	0	6	55	-82.681	-29.118	11.995	0	0	0	0	7	55	-81.353	-28.228	-10.19	0	0	0	0	8	55	-85.546	-54.082	-2.222	0	0	0	0	9	55	-153.533	-1.211	1.784	0	0	0	0	10	55	3.693093E+28	-4.061387E+28	-3.29797E+28	0	0	0	0	1	0	-79.096	-19.595	0.977	5	5	5	4	2	0	-78.277	-10.303	0.035	5	5	5	1	0	0	-87.203	-5.704	-0.466	0	0	0	0	54578133	54578142	54578142
2748	0	0	4	55	-84.172	-21.144	0.058	0	0	0	0	5	55	-81.165	-35.978	1.382	0	0	0	0	6	55	-82.732	-29.375	11.843	0	0	0	0	7	55	-81.483	-28.163	-10.148	0	0	0	0	8	55	-85.54	-54.129	-2.303	0	0	0	0	9	55	-153.583	-1.304	1.703	0	0	0	0	10	55	3.696257E+28	-4.056841E+28	-3.300017E+28	0	0	0	0	1	0	-79.096	-19.595	0.977	5	5	5	4	2	0	-78.277	-10.303	0.035	5	5	5	1	0	0	-87.203	-5.704	-0.466	0	0	0	0	54578149	54578158	0
2749	0	0	4	55	-84.172	-21.144	0.058	0	0	0	0	5	55	-81.165	-35.978	1.382	0	0	0	0	6	55	-82.732	-29.375	11.843	0	0	0	0	7	55	-81.483	-28.164	-10.148	0	0	0	0	8	55	-85.54	-54.129	-2.303	0	0	0	0	9	55	-153.583	-1.304	1.703	0	0	0	0	10	55	3.696258E+28	-4.056841E+28	-3.300018E+28	0	0	0	0	1	0	-79.096	-19.595	0.977	5	5	5	4	2	0	-78.277	-10.303	0.035	5	5	5	1	0	0	-87.203	-5.704	-0.466	0	0	0	0	54578150	54578159	54578159
2766	0	0	4	55	-84.167	-21.365	0.103	0	0	0	0	5	55	-81.218	-36.124	1.313	0	0	0	0	6	55	-82.723	-29.57	11.865	0	0	0	0	7	55	-81.334	-28.682	-10.54	0	0	0	0	8	55	-85.52	-54.243	-2.303	0	0	0	0	9	55	-153.914	-1.608	1.581	0	0	0	0	10	55	3.702943E+28	-4.053154E+28	-3.297052E+28	0	0	0	0	1	0	-79.096	-19.595	0.977	5	5	5	4	2	0	-78.277	-10.303	0.035	5	5	5	1	0	0	-87.203	-5.704	-0.466	0	0	0	0	54578165	54578176	54578176
2782	0	0	4	55	-84.128	-21.417	0.038	0	0	0	0	5	55	-81.073	-36.268	1.212	0	0	0	0	6	55	-82.708	-29.673	11.907	0	0	0	0	7	55	-81.221	-28.71	-10.432	0	0	0	0	8	55	-85.449	-54.344	-2.292	0	0	0	0	9	55	-153.904	-1.714	1.637	0	0	0	0	10	55	3.708251E+28	-4.050563E+28	-3.294269E+28	0	0	0	0	1	0	-79.096	-19.595	0.977	5	5	5	4	2	0	-78.277	-10.303	0.035	5	5	5	1	0	0	-87.203	-5.704	-0.466	0	0	0	0	54578182	54578192	0
2782	0	0	4	55	-84.128	-21.417	0.038	0	0	0	0	5	55	-81.073	-36.268	1.212	0	0	0	0	6	55	-82.708	-29.673	11.907	0	0	0	0	7	55	-81.221	-28.71	-10.432	0	0	0	0	8	55	-85.449	-54.344	-2.292	0	0	0	0	9	55	-153.904	-1.714	1.637	0	0	0	0	10	55	3.708251E+28	-4.050562E+28	-3.29427E+28	0	0	0	0	1	0	-79.096	-19.595	0.977	5	5	5	4	2	0	-78.277	-10.303	0.035	5	5	5	1	0	0	-87.203	-5.704	-0.466	0	0	0	0	54578183	54578192	54578192
2798	0	0	4	55	-84.359	-21.243	0.225	0	0	0	0	5	55	-81.194	-35.973	1.306	0	0	0	0	6	55	-82.765	-29.538	11.939	0	0	0	0	7	55	-81.61	-28.82	-10.461	0	0	0	0	8	55	-85.622	-54.137	-2.297	0	0	0	0	9	55	-153.874	-1.355	2.006	0	0	0	0	10	55	3.691722E+28	-4.055598E+28	-3.306616E+28	0	0	0	0	1	0	-79.096	-19.595	0.977	5	5	5	4	2	0	-78.277	-10.303	0.035	5	5	5	1	0	0	-87.203	-5.704	-0.466	0	0	0	0	54578200	54578208	0
2799	0	0	4	55	-84.359	-21.243	0.225	0	0	0	0	5	55	-81.194	-35.973	1.306	0	0	0	0	6	55	-82.765	-29.538	11.939	0	0	0	0	7	55	-81.61	-28.82	-10.461	0	0	0	0	8	55	-85.622	-54.137	-2.297	0	0	0	0	9	55	-153.874	-1.355	2.006	0	0	0	0	10	55	3.691722E+28	-4.055598E+28	-3.306616E+28	0	0	0	0	1	0	-79.096	-19.595	0.977	5	5	5	4	2	0	-78.277	-10.303	0.035	5	5	5	1	0	0	-87.203	-5.704	-0.466	0	0	0	0	54578200	54578209	54578209
2815	0	0	4	55	-84.262	-21.442	0.053	0	0	0	0	5	55	-81.22	-36.081	1.239	0	0	0	0	6	55	-82.835	-29.628	11.946	0	0	0	0	7	55	-81.482	-29.094	-10.547	0	0	0	0	8	55	-85.624	-54.227	-2.307	0	0	0	0	9	55	-153.968	-1.53	1.733	0	0	0	0	10	55	3.694902E+28	-4.057564E+28	-3.300646E+28	0	0	0	0	1	0	-79.096	-19.595	0.977	5	5	5	4	2	0	-78.277	-10.303	0.035	5	5	5	1	0	0	-87.203	-5.704	-0.466	0	0	0	0	54578216	54578225	54578225
2832	0	0	4	55	-84.356	-21.323	0.016	0	0	0	0	5	55	-81.43	-36.043	1.25	0	0	0	0	6	55	-82.794	-29.573	11.97	0	0	0	0	7	55	-81.482	-28.507	-10.7	0	0	0	0	8	55	-85.691	-54.141	-2.402	0	0	0	0	9	55	-153.832	-1.383	1.665	0	0	0	0	10	55	3.690894E+28	-4.057115E+28	-3.305679E+28	0	0	0	0	1	0	-79.096	-19.595	0.977	5	5	5	4	2	0	-78.277	-10.303	0.035	5	5	5	1	0	0	-87.203	-5.704	-0.466	0	0	0	0	54578233	54578242	0
2832	0	0	4	55	-84.356	-21.323	0.016	0	0	0	0	5	55	-81.43	-36.043	1.25	0	0	0	0	6	55	-82.794	-29.573	11.97	0	0	0	0	7	55	-81.482	-28.507	-10.7	0	0	0	0	8	55	-85.691	-54.141	-2.402	0	0	0	0	9	55	-153.832	-1.383	1.665	0	0	0	0	10	55	3.690894E+28	-4.057114E+28	-3.305679E+28	0	0	0	0	1	0	-79.096	-19.595	0.977	5	5	5	4	2	0	-78.277	-10.303	0.035	5	5	5	1	0	0	-87.203	-5.704	-0.466	0	0	0	0	54578233	54578242	54578242
2848	0	0	4	55	-84.323	-21.404	0.086	0	0	0	0	5	55	-81.262	-36.153	1.339	0	0	0	0	6	55	-82.755	-29.63	11.854	0	0	0	0	7	55	-81.46	-28.532	-10.77	0	0	0	0	8	55	-85.658	-54.176	-2.488	0	0	0	0	9	55	-153.777	-1.419	1.543	0	0	0	0	10	55	3.694049E+28	-4.059193E+28	-3.299599E+28	0	0	0	0	1	0	-79.096	-19.595	0.977	5	5	5	4	2	0	-78.277	-10.303	0.035	5	5	5	1	0	0	-87.203	-5.704	-0.466	0	0	0	0	54578250	54578258	0
2849	0	0	4	55	-84.323	-21.404	0.086	0	0	0	0	5	55	-81.262	-36.153	1.339	0	0	0	0	6	55	-82.755	-29.63	11.854	0	0	0	0	7	55	-81.46	-28.532	-10.77	0	0	0	0	8	55	-85.658	-54.176	-2.488	0	0	0	0	9	55	-153.777	-1.419	1.543	0	0	0	0	10	55	3.694049E+28	-4.059192E+28	-3.299599E+28	0	0	0	0	1	0	-79.096	-19.595	0.977	5	5	5	4	2	0	-78.277	-10.303	0.035	5	5	5	1	0	0	-87.203	-5.704	-0.466	0	0	0	0	54578250	54578259	54578259
2865	0	0	4	55	-84.255	-21.53	-0.051	0	0	0	0	5	55	-81.306	-36.179	1.338	0	0	0	0	6	55	-82.82	-29.775	11.81	0	0	0	0	7	55	-81.541	-28.767	-10.716	0	0	0	0	8	55	-85.65	-54.26	-2.487	0	0	0	0	9	55	-153.79	-1.499	1.567	0	0	0	0	10	55	3.693927E+28	-4.058363E+28	-3.300755E+28	0	0	0	0	1	0	-79.096	-19.595	0.977	5	5	5	4	2	0	-78.277	-10.303	0.035	5	5	5	1	0	0	-87.203	-5.704	-0.466	0	0	0	0	54578266	54578275	54578275
2882	0	0	4	55	-84.281	-21.457	-0.07	0	0	0	0	5	55	-81.419	-36.081	1.16	0	0	0	0	6	55	-82.79	-29.637	11.807	0	0	0	0	7	55	-81.512	-28.268	-10.657	0	0	0	0	8	55	-85.741	-54.151	-2.554	0	0	0	0	9	55	-153.76	-1.329	1.618	0	0	0	0	10	55	3.686645E+28	-4.058191E+28	-3.309098E+28	0	0	0	0	1	0	-79.096	-19.595	0.977	5	5	5	4	2	0	-78.277	-10.303	0.035	5	5	5	1	0	0	-87.203	-5.704	-0.466	0	0	0	0	54578283	54578292	0
2882	0	0	4	55	-84.281	-21.457	-0.07	0	0	0	0	5	55	-81.419	-36.081	1.16	0	0	0	0	6	55	-82.79	-29.637	11.807	0	0	0	0	7	55	-81.512	-28.268	-10.657	0	0	0	0	8	55	-85.741	-54.151	-2.554	0	0	0	0	9	55	-153.76	-1.329	1.618	0	0	0	0	10	55	3.686645E+28	-4.05819E+28	-3.309099E+28	0	0	0	0	1	0	-79.096	-19.595	0.977	5	5	5	4	2	0	-78.277	-10.303	0.035	5	5	5	1	0	0	-87.203	-5.704	-0.466	0	0	0	0	54578283	54578292	54578292
2898	0	0	4	55	-84.295	-21.411	-0.189	0	0	0	0	5	55	-81.322	-36.173	1.11	0	0	0	0	6	55	-82.719	-29.758	11.722	0	0	0	0	7	55	-81.356	-28.848	-10.755	0	0	0	0	8	55	-85.718	-54.202	-2.549	0	0	0	0	9	55	-153.678	-1.389	1.52	0	0	0	0	10	55	3.692012E+28	-4.058075E+28	-3.303252E+28	0	0	0	0	1	0	-79.096	-19.595	0.977	5	5	5	4	2	0	-78.277	-10.303	0.035	5	5	5	1	0	0	-87.203	-5.704	-0.466	0	0	0	0	54578300	54578308	0
2899	0	0	4	55	-84.295	-21.411	-0.189	0	0	0	0	5	55	-81.322	-36.173	1.11	0	0	0	0	6	55	-82.719	-29.758	11.722	0	0	0	0	7	55	-81.356	-28.848	-10.755	0	0	0	0	8	55	-85.718	-54.202	-2.549	0	0	0	0	9	55	-153.678	-1.389	1.52	0	0	0	0	10	55	3.692012E+28	-4.058075E+28	-3.303251E+28	0	0	0	0	1	0	-79.096	-19.595	0.977	5	5	5	4	2	0	-78.277	-10.303	0.035	5	5	5	1	0	0	-87.203	-5.704	-0.466	0	0	0	0	54578300	54578309	54578309
2915	0	0	4	55	-84.292	-21.434	-0.245	0	0	0	0	5	55	-81.274	-36.178	0.944	0	0	0	0	6	55	-82.758	-29.693	11.664	0	0	0	0	7	55	-81.081	-28.953	-10.789	0	0	0	0	8	55	-85.729	-54.219	-2.553	0	0	0	0	9	55	-153.625	-1.366	1.483	0	0	0	0	10	55	3.694634E+28	-4.057164E+28	-3.301439E+28	0	0	0	0	1	0	-79.096	-19.595	0.977	5	5	5	4	2	0	-78.277	-10.303	0.035	5	5	5	1	0	0	-87.203	-5.704	-0.466	0	0	0	0	54578317	54578325	54578325
2932	0	0	4	55	-84.237	-21.472	-0.271	0	0	0	0	5	55	-81.247	-36.242	0.998	0	0	0	0	6	55	-82.711	-29.799	11.658	0	0	0	0	7	55	-81.134	-28.845	-10.968	0	0	0	0	8	55	-85.68	-54.312	-2.537	0	0	0	0	9	55	-153.614	-1.441	1.481	0	0	0	0	10	55	3.698162E+28	-4.054296E+28	-3.301011E+28	0	0	0	0	1	0	-79.096	-19.595	0.977	5	5	5	4	2	0	-78.277	-10.303	0.035	5	5	5	1	0	0	-87.203	-5.704	-0.466	0	0	0	0	54578333	54578342	0
2932	0	0	4	55	-84.237	-21.472	-0.271	0	0	0	0	5	55	-81.247	-36.242	0.998	0	0	0	0	6	55	-82.711	-29.799	11.658	0	0	0	0	7	55	-81.134	-28.845	-10.968	0	0	0	0	8	55	-85.68	-54.312	-2.537	0	0	0	0	9	55	-153.614	-1.441	1.481	0	0	0	0	10	55	3.698162E+28	-4.054296E+28	-3.301011E+28	0	0	0	0	1	0	-79.096	-19.595	0.977	5	5	5	4	2	0	-78.277	-10.303	0.035	5	5	5	1	0	0	-87.203	-5.704	-0.466	0	0	0	0	54578333	54578342	54578342
2949	0	0	4	55	-84.275	-21.288	-0.3	0	0	0	0	5	55	-81.45	-35.944	0.936	0	0	0	0	6	55	-82.819	-29.598	11.531	0	0	0	0	7	55	-81.224	-28.667	-10.88	0	0	0	0	8	55	-85.836	-54.124	-2.637	0	0	0	0	9	55	-153.65	-1.124	1.498	0	0	0	0	10	55	3.688088E+28	-4.055965E+28	-3.310219E+28	0	0	0	0	1	0	-79.096	-19.595	0.977	5	5	5	4	2	0	-78.277	-10.303	0.035	5	5	5	1	0	0	-87.203	-5.704	-0.466	0	0	0	0	54578349	54578358	0
2949	0	0	4	55	-84.275	-21.288	-0.3	0	0	0	0	5	55	-81.45	-35.944	0.936	0	0	0	0	6	55	-82.819	-29.598	11.531	0	0	0	0	7	55	-81.224	-28.667	-10.88	0	0	0	0	8	55	-85.836	-54.124	-2.637	0	0	0	0	9	55	-153.65	-1.124	1.498	0	0	0	0	10	55	3.688088E+28	-4.055965E+28	-3.310218E+28	0	0	0	0	1	0	-79.096	-19.595	0.977	5	5	5	4	2	0	-78.277	-10.303	0.035	5	5	5	1	0	0	-87.203	-5.704	-0.466	0	0	0	0	54578349	54578359	54578359
2965	0	0	4	55	-84.319	-21.344	-0.149	0	0	0	0	5	55	-81.251	-36.085	0.979	0	0	0	0	6	55	-82.727	-29.684	11.733	0	0	0	0	7	55	-81.219	-28.533	-10.764	0	0	0	0	8	55	-85.746	-54.224	-2.52	0	0	0	0	9	55	-153.609	-1.238	1.622	0	0	0	0	10	55	3.691024E+28	-4.052614E+28	-3.311051E+28	0	0	0	0	1	0	-79.096	-19.595	0.977	5	5	5	4	2	0	-78.277	-10.303	0.035	5	5	5	1	0	0	-87.203	-5.704	-0.466	0	0	0	0	54578367	54578375	54578375
2982	0	0	4	55	-84.353	-21.46	-0.16	0	0	0	0	5	55	-81.244	-36.184	0.977	0	0	0	0	6	55	-82.787	-29.696	11.676	0	0	0	0	7	55	-81.354	-28.678	-10.783	0	0	0	0	8	55	-85.753	-54.273	-2.513	0	0	0	0	9	55	-153.648	-1.292	1.604	0	0	0	0	10	55	3.693556E+28	-4.052172E+28	-3.308767E+28	0	0	0	0	1	0	-79.096	-19.595	0.977	5	5	5	4	2	0	-78.277	-10.303	0.035	5	5	5	1	0	0	-87.203	-5.704	-0.466	0	0	0	0	54578383	54578392	0
2982	0	0	4	55	-84.353	-21.46	-0.16	0	0	0	0	5	55	-81.244	-36.184	0.977	0	0	0	0	6	55	-82.787	-29.696	11.676	0	0	0	0	7	55	-81.354	-28.678	-10.783	0	0	0	0	8	55	-85.753	-54.273	-2.513	0	0	0	0	9	55	-153.648	-1.292	1.604	0	0	0	0	10	55	3.693556E+28	-4.052171E+28	-3.308768E+28	0	0	0	0	1	0	-79.096	-19.595	0.977	5	5	5	4	2	0	-78.277	-10.303	0.035	5	5	5	1	0	0	-87.203	-5.704	-0.466	0	0	0	0	54578383	54578392	54578392
2998	0	0	4	55	-84.329	-21.486	-0.184	0	0	0	0	5	55	-81.333	-36.194	1.004	0	0	0	0	6	55	-82.811	-29.731	11.682	0	0	0	0	7	55	-81.597	-28.933	-10.897	0	0	0	0	8	55	-85.718	-54.32	-2.486	0	0	0	0	9	55	-153.662	-1.315	1.629	0	0	0	0	10	55	3.694161E+28	-4.054041E+28	-3.305801E+28	0	0	0	0	1	0	-79.096	-19.595	0.977	5	5	5	4	2	0	-78.277	-10.303	0.035	5	5	5	1	0	0	-87.203	-5.704	-0.466	0	0	0	0	54578400	54578408	0
2999	0	0	4	55	-84.329	-21.486	-0.184	0	0	0	0	5	55	-81.333	-36.194	1.004	0	0	0	0	6	55	-82.811	-29.731	11.682	0	0	0	0	7	55	-81.597	-28.933	-10.897	0	0	0	0	8	55	-85.718	-54.32	-2.486	0	0	0	0	9	55	-153.662	-1.315	1.629	0	0	0	0	10	55	3.69416E+28	-4.054041E+28	-3.305801E+28	0	0	0	0	1	0	-79.096	-19.595	0.977	5	5	5	4	2	0	-78.277	-10.303	0.035	5	5	5	1	0	0	-87.203	-5.704	-0.466	0	0	0	0	54578400	54578409	54578409
3015	0	0	4	55	-84.375	-21.422	-0.115	0	0	0	0	5	55	-81.438	-36.139	1.117	0	0	0	0	6	55	-82.84	-29.77	11.721	0	0	0	0	7	55	-81.384	-28.734	-10.764	0	0	0	0	8	55	-85.77	-54.264	-2.407	0	0	0	0	9	55	-153.708	-1.221	1.758	0	0	0	0	10	55	3.68766E+28	-4.058528E+28	-3.307553E+28	0	0	0	0	1	0	-79.096	-19.595	0.977	5	5	5	4	2	0	-78.277	-10.303	0.035	5	5	5	1	0	0	-87.203	-5.704	-0.466	0	0	0	0	54578417	54578425	54578425
3032	0	0	4	55	-84.346	-21.457	-0.095	0	0	0	0	5	55	-81.42	-36.155	1.142	0	0	0	0	6	55	-82.839	-29.779	11.76	0	0	0	0	7	55	-81.395	-28.728	-10.757	0	0	0	0	8	55	-85.74	-54.294	-2.397	0	0	0	0	9	55	-153.696	-1.261	1.775	0	0	0	0	10	55	3.688483E+28	-4.057714E+28	-3.307635E+28	0	0	0	0	1	0	-79.096	-19.595	0.977	5	5	5	4	2	0	-78.277	-10.303	0.035	5	5	5	1	0	0	-87.203	-5.704	-0.466	0	0	0	0	54578433	54578442	0
3032	0	0	4	55	-84.346	-21.457	-0.095	0	0	0	0	5	55	-81.42	-36.155	1.142	0	0	0	0	6	55	-82.839	-29.779	11.76	0	0	0	0	7	55	-81.395	-28.728	-10.757	0	0	0	0	8	55	-85.74	-54.294	-2.397	0	0	0	0	9	55	-153.696	-1.261	1.775	0	0	0	0	10	55	3.688483E+28	-4.057713E+28	-3.307635E+28	0	0	0	0	1	0	-79.096	-19.595	0.977	5	5	5	4	2	0	-78.277	-10.303	0.035	5	5	5	1	0	0	-87.203	-5.704	-0.466	0	0	0	0	54578433	54578442	54578442
3048	0	0	4	55	-84.308	-21.548	-0.054	0	0	0	0	5	55	-81.421	-36.251	1.125	0	0	0	0	6	55	-82.779	-29.823	11.845	0	0	0	0	7	55	-81.337	-28.89	-10.75	0	0	0	0	8	55	-85.693	-54.386	-2.318	0	0	0	0	9	55	-153.678	-1.388	1.715	0	0	0	0	10	55	3.695514E+28	-4.060688E+28	-3.296117E+28	0	0	0	0	1	0	-79.096	-19.595	0.977	5	5	5	4	2	0	-78.277	-10.303	0.035	5	5	5	1	0	0	-87.203	-5.704	-0.466	0	0	0	0	54578450	54578458	0
3049	0	0	4	55	-84.308	-21.548	-0.054	0	0	0	0	5	55	-81.421	-36.251	1.125	0	0	0	0	6	55	-82.779	-29.823	11.845	0	0	0	0	7	55	-81.337	-28.89	-10.75	0	0	0	0	8	55	-85.693	-54.386	-2.318	0	0	0	0	9	55	-153.678	-1.388	1.715	0	0	0	0	10	55	3.695513E+28	-4.060688E+28	-3.296117E+28	0	0	0	0	1	0	-79.096	-19.595	0.977	5	5	5	4	2	0	-78.277	-10.303	0.035	5	5	5	1	0	0	-87.203	-5.704	-0.466	0	0	0	0	54578451	54578459	54578459
3065	0	0	4	55	-84.405	-21.653	-0.179	0	0	0	0	5	55	-81.5	-36.366	0.968	0	0	0	0	6	55	-82.848	-29.907	11.668	0	0	0	0	7	55	-81.422	-28.911	-10.812	0	0	0	0	8	55	-85.801	-54.442	-2.524	0	0	0	0	9	55	-153.717	-1.463	1.629	0	0	0	0	10	55	3.700141E+28	-4.057176E+28	-3.29525E+28	0	0	0	0	1	0	-79.096	-19.595	0.977	5	5	5	4	2	0	-78.277	-10.303	0.035	5	5	5	1	0	0	-87.203	-5.704	-0.466	0	0	0	0	54578466	54578475	54578475
3082	0	0	4	55	-84.337	-21.617	-0.246	0	0	0	0	5	55	-81.392	-36.337	1.036	0	0	0	0	6	55	-82.78	-29.96	11.639	0	0	0	0	7	55	-81.345	-28.988	-10.801	0	0	0	0	8	55	-85.7	-54.496	-2.491	0	0	0	0	9	55	-153.708	-1.535	1.379	0	0	0	0	10	55	3.700439E+28	-4.056837E+28	-3.295334E+28	0	0	0	0	1	0	-79.096	-19.595	0.977	5	5	5	4	2	0	-78.277	-10.303	0.035	5	5	5	1	0	0	-87.203	-5.704	-0.466	0	0	0	0	54578484	54578492	0
3082	0	0	4	55	-84.337	-21.617	-0.246	0	0	0	0	5	55	-81.392	-36.337	1.036	0	0	0	0	6	55	-82.78	-29.96	11.639	0	0	0	0	7	55	-81.345	-28.988	-10.801	0	0	0	0	8	55	-85.7	-54.496	-2.491	0	0	0	0	9	55	-153.708	-1.535	1.379	0	0	0	0	10	55	3.700438E+28	-4.056837E+28	-3.295334E+28	0	0	0	0	1	0	-79.096	-19.595	0.977	5	5	5	4	2	0	-78.277	-10.303	0.035	5	5	5	1	0	0	-87.203	-5.704	-0.466	0	0	0	0	54578484	54578492	54578492
3098	0	0	4	55	-84.449	-21.584	-0.132	0	0	0	0	5	55	-81.449	-36.211	1.09	0	0	0	0	6	55	-82.777	-29.884	11.615	0	0	0	0	7	55	-81.262	-28.53	-10.775	0	0	0	0	8	55	-85.601	-54.447	-2.626	0	0	0	0	9	55	-153.543	-1.417	1.53	0	0	0	0	10	55	3.700818E+28	-4.055857E+28	-3.296113E+28	0	0	0	0	1	0	-79.096	-19.595	0.977	5	5	5	4	2	0	-78.277	-10.303	0.035	5	5	5	1	0	0	-87.203	-5.704	-0.466	0	0	0	0	54578500	54578508	0
3099	0	0	4	55	-84.449	-21.584	-0.132	0	0	0	0	5	55	-81.449	-36.211	1.09	0	0	0	0	6	55	-82.777	-29.884	11.615	0	0	0	0	7	55	-81.262	-28.53	-10.775	0	0	0	0	8	55	-85.601	-54.447	-2.626	0	0	0	0	9	55	-153.543	-1.417	1.53	0	0	0	0	10	55	3.700818E+28	-4.055857E+28	-3.296114E+28	0	0	0	0	1	0	-79.096	-19.595	0.977	5	5	5	4	2	0	-78.277	-10.303	0.035	5	5	5	1	0	0	-87.203	-5.704	-0.466	0	0	0	0	54578500	54578509	54578509
3115	0	0	4	55	-84.286	-21.563	-0.379	0	0	0	0	5	55	-81.372	-36.247	0.894	0	0	0	0	6	55	-82.792	-29.868	11.494	0	0	0	0	7	55	-81.238	-28.804	-11.09	0	0	0	0	8	55	-85.597	-54.457	-2.543	0	0	0	0	9	55	-153.744	-1.443	1.284	0	0	0	0	10	55	3.70599E+28	-4.056406E+28	-3.289622E+28	0	0	0	0	1	0	-79.096	-19.595	0.977	5	5	5	4	2	0	-78.277	-10.303	0.035	5	5	5	1	0	0	-87.203	-5.704	-0.466	0	0	0	0	54578517	54578525	54578525
3132	0	0	4	55	-84.382	-21.636	-0.389	0	0	0	0	5	55	-81.393	-36.329	1.009	0	0	0	0	6	55	-82.836	-29.876	11.499	0	0	0	0	7	55	-81.067	-28.753	-10.864	0	0	0	0	8	55	-85.571	-54.532	-2.507	0	0	0	0	9	55	-153.563	-1.425	1.453	0	0	0	0	10	55	3.708878E+28	-4.055995E+28	-3.286871E+28	0	0	0	0	1	0	-79.096	-19.595	0.977	5	5	5	4	2	0	-78.277	-10.303	0.035	5	5	5	1	0	0	-87.203	-5.704	-0.466	0	0	0	0	54578533	54578542	0
3132	0	0	4	55	-84.382	-21.636	-0.389	0	0	0	0	5	55	-81.393	-36.329	1.009	0	0	0	0	6	55	-82.836	-29.876	11.499	0	0	0	0	7	55	-81.067	-28.753	-10.864	0	0	0	0	8	55	-85.571	-54.531	-2.507	0	0	0	0	9	55	-153.563	-1.425	1.453	0	0	0	0	10	55	3.708878E+28	-4.055995E+28	-3.286871E+28	0	0	0	0	1	0	-79.096	-19.595	0.977	5	5	5	4	2	0	-78.277	-10.303	0.035	5	5	5	1	0	0	-87.203	-5.704	-0.466	0	0	0	0	54578533	54578542	54578542
3148	0	0	4	55	-84.399	-21.642	-0.245	0	0	0	0	5	55	-81.416	-36.383	1.012	0	0	0	0	6	55	-82.764	-29.944	11.566	0	0	0	0	7	55	-81.188	-29.094	-10.945	0	0	0	0	8	55	-85.48	-54.644	-2.502	0	0	0	0	9	55	-153.635	-1.684	1.356	0	0	0	0	10	55	3.714626E+28	-4.058113E+28	-3.277754E+28	0	0	0	0	1	0	-79.096	-19.595	0.977	5	5	5	4	2	0	-78.277	-10.303	0.035	5	5	5	1	0	0	-87.203	-5.704	-0.466	0	0	0	0	54578550	54578558	0
3149	0	0	4	55	-84.399	-21.642	-0.245	0	0	0	0	5	55	-81.416	-36.383	1.012	0	0	0	0	6	55	-82.764	-29.944	11.566	0	0	0	0	7	55	-81.188	-29.094	-10.945	0	0	0	0	8	55	-85.48	-54.644	-2.502	0	0	0	0	9	55	-153.635	-1.684	1.356	0	0	0	0	10	55	3.714626E+28	-4.058113E+28	-3.277754E+28	0	0	0	0	1	0	-79.096	-19.595	0.977	5	5	5	4	2	0	-78.277	-10.303	0.035	5	5	5	1	0	0	-87.203	-5.704	-0.466	0	0	0	0	54578550	54578559	54578559
3165	0	0	4	55	-84.387	-21.6	-0.246	0	0	0	0	5	55	-81.357	-36.279	0.936	0	0	0	0	6	55	-82.726	-29.892	11.594	0	0	0	0	7	55	-81.202	-28.905	-10.65	0	0	0	0	8	55	-85.452	-54.568	-2.511	0	0	0	0	9	55	-153.572	-1.566	1.411	0	0	0	0	10	55	3.710246E+28	-4.058802E+28	-3.28186E+28	0	0	0	0	1	0	-79.096	-19.595	0.977	5	5	5	4	2	0	-78.277	-10.303	0.035	5	5	5	1	0	0	-87.203	-5.704	-0.466	0	0	0	0	54578566	54578575	54578575
3182	0	0	4	55	-84.497	-21.607	-0.243	0	0	0	0	5	55	-81.39	-36.253	1.125	0	0	0	0	6	55	-82.733	-29.909	11.665	0	0	0	0	7	55	-81.316	-29.068	-10.891	0	0	0	0	8	55	-85.465	-54.558	-2.452	0	0	0	0	9	55	-153.6	-1.556	1.415	0	0	0	0	10	55	3.710507E+28	-4.063109E+28	-3.276231E+28	0	0	0	0	1	0	-79.096	-19.595	0.977	5	5	5	4	2	0	-78.277	-10.303	0.035	5	5	5	1	0	0	-87.203	-5.704	-0.466	0	0	0	0	54578583	54578592	0
3182	0	0	4	55	-84.497	-21.607	-0.243	0	0	0	0	5	55	-81.39	-36.253	1.125	0	0	0	0	6	55	-82.733	-29.908	11.665	0	0	0	0	7	55	-81.316	-29.068	-10.891	0	0	0	0	8	55	-85.465	-54.558	-2.452	0	0	0	0	9	55	-153.6	-1.556	1.415	0	0	0	0	10	55	3.710506E+28	-4.063109E+28	-3.27623E+28	0	0	0	0	1	0	-79.096	-19.595	0.977	5	5	5	4	2	0	-78.277	-10.303	0.035	5	5	5	1	0	0	-87.203	-5.704	-0.466	0	0	0	0	54578583	54578592	54578592
3200	0	0	4	55	-84.692	-21.552	-0.281	0	0	0	0	5	55	-81.522	-36.276	0.886	0	0	0	0	6	55	-82.868	-29.834	11.495	0	0	0	0	7	55	-81.252	-29.105	-10.819	0	0	0	0	8	55	-85.573	-54.541	-2.628	0	0	0	0	9	55	-153.615	-1.429	1.374	0	0	0	0	10	55	3.707691E+28	-4.060351E+28	-3.28283E+28	0	0	0	0	1	0	-79.096	-19.595	0.977	5	5	5	4	2	0	-78.277	-10.303	0.035	5	5	5	1	0	0	-87.203	-5.704	-0.466	0	0	0	0	54578598	54578610	0
3200	0	0	4	55	-84.692	-21.552	-0.281	0	0	0	0	5	55	-81.522	-36.276	0.886	0	0	0	0	6	55	-82.868	-29.834	11.495	0	0	0	0	7	55	-81.252	-29.105	-10.819	0	0	0	0	8	55	-85.573	-54.541	-2.628	0	0	0	0	9	55	-153.615	-1.429	1.374	0	0	0	0	10	55	3.70769E+28	-4.060352E+28	-3.28283E+28	0	0	0	0	1	0	-79.096	-19.595	0.977	5	5	5	4	2	0	-78.277	-10.303	0.035	5	5	5	1	0	0	-87.203	-5.704	-0.466	0	0	0	0	54578599	54578610	54578610
3215	0	0	4	55	-84.743	-21.669	-0.282	0	0	0	0	5	55	-81.786	-36.394	0.998	0	0	0	0	6	55	-82.913	-29.9	11.517	0	0	0	0	7	55	-81.499	-28.553	-10.44	0	0	0	0	8	55	-85.434	-54.808	-2.461	0	0	0	0	9	55	-153.605	-1.575	1.458	0	0	0	0	10	55	3.712292E+28	-4.055948E+28	-3.283072E+28	0	0	0	0	1	0	-79.096	-19.595	0.977	5	5	5	4	2	0	-78.277	-10.303	0.035	5	5	5	1	0	0	-87.203	-5.704	-0.466	0	0	0	0	54578617	54578625	54578625
3232	0	0	4	55	-84.917	-21.614	-0.261	0	0	0	0	5	55	-81.919	-36.312	0.928	0	0	0	0	6	55	-83.027	-29.813	11.576	0	0	0	0	7	55	-81.57	-28.326	-10.67	0	0	0	0	8	55	-85.766	-54.642	-2.59	0	0	0	0	9	55	-153.639	-1.435	1.52	0	0	0	0	10	55	3.70749E+28	-4.053652E+28	-3.291325E+28	0	0	0	0	1	0	-79.096	-19.595	0.977	5	5	5	4	2	0	-78.277	-10.303	0.035	5	5	5	1	0	0	-87.203	-5.704	-0.466	0	0	0	0	54578633	54578642	0
3232	0	0	4	55	-84.917	-21.614	-0.261	0	0	0	0	5	55	-81.919	-36.312	0.928	0	0	0	0	6	55	-83.027	-29.813	11.576	0	0	0	0	7	55	-81.57	-28.326	-10.67	0	0	0	0	8	55	-85.766	-54.642	-2.59	0	0	0	0	9	55	-153.639	-1.435	1.52	0	0	0	0	10	55	3.70749E+28	-4.053652E+28	-3.291325E+28	0	0	0	0	1	0	-79.096	-19.595	0.977	5	5	5	4	2	0	-78.277	-10.303	0.035	5	5	5	1	0	0	-87.203	-5.704	-0.466	0	0	0	0	54578633	54578642	54578642
3248	0	0	4	55	-84.989	-21.829	-0.256	0	0	0	0	5	55	-81.87	-36.31	0.96	0	0	0	0	6	55	-83.251	-29.91	11.576	0	0	0	0	7	55	-81.749	-28.482	-10.566	0	0	0	0	8	55	-85.815	-54.851	-2.57	0	0	0	0	9	55	-153.729	-1.489	1.564	0	0	0	0	10	55	3.709891E+28	-4.048034E+28	-3.295531E+28	0	0	0	0	1	0	-79.096	-19.595	0.977	5	5	5	4	2	0	-78.277	-10.303	0.035	5	5	5	1	0	0	-87.203	-5.704	-0.466	0	0	0	0	54578649	54578658	0
3249	0	0	4	55	-84.989	-21.829	-0.256	0	0	0	0	5	55	-81.87	-36.31	0.96	0	0	0	0	6	55	-83.251	-29.91	11.576	0	0	0	0	7	55	-81.749	-28.482	-10.566	0	0	0	0	8	55	-85.815	-54.851	-2.57	0	0	0	0	9	55	-153.729	-1.489	1.564	0	0	0	0	10	55	3.70989E+28	-4.048034E+28	-3.295532E+28	0	0	0	0	1	0	-79.096	-19.595	0.977	5	5	5	4	2	0	-78.277	-10.303	0.035	5	5	5	1	0	0	-87.203	-5.704	-0.466	0	0	0	0	54578650	54578659	54578659
3265	0	0	4	55	-85.296	-21.999	-0.253	0	0	0	0	5	55	-82.499	-36.742	0.975	0	0	0	0	6	55	-83.437	-30.139	11.508	0	0	0	0	7	55	-81.914	-28.735	-10.413	0	0	0	0	8	55	-86.122	-55.146	-2.654	0	0	0	0	9	55	-153.815	-1.546	1.604	0	0	0	0	10	55	3.710564E+28	-4.043852E+28	-3.299905E+28	0	0	0	0	1	0	-79.096	-19.595	0.977	5	5	5	4	2	0	-78.277	-10.303	0.035	5	5	5	1	0	0	-87.203	-5.704	-0.466	0	0	0	0	54578666	54578675	54578675
3282	0	0	4	55	-85.469	-22.184	-0.307	0	0	0	0	5	55	-82.478	-37.024	0.744	0	0	0	0	6	55	-83.552	-30.325	11.411	0	0	0	0	7	55	-82.069	-28.694	-10.624	0	0	0	0	8	55	-86.251	-55.325	-2.694	0	0	0	0	9	55	-153.843	-1.561	1.609	0	0	0	0	10	55	3.711412E+28	-4.041421E+28	-3.301929E+28	0	0	0	0	1	0	-79.096	-19.595	0.977	5	5	5	4	2	0	-78.277	-10.303	0.035	5	5	5	1	0	0	-87.203	-5.704	-0.466	0	0	0	0	54578683	54578692	0
3282	0	0	4	55	-85.469	-22.184	-0.307	0	0	0	0	5	55	-82.478	-37.024	0.744	0	0	0	0	6	55	-83.552	-30.325	11.411	0	0	0	0	7	55	-82.069	-28.694	-10.624	0	0	0	0	8	55	-86.251	-55.325	-2.694	0	0	0	0	9	55	-153.843	-1.561	1.609	0	0	0	0	10	55	3.711411E+28	-4.041422E+28	-3.301929E+28	0	0	0	0	1	0	-79.096	-19.595	0.977	5	5	5	4	2	0	-78.277	-10.303	0.035	5	5	5	1	0	0	-87.203	-5.704	-0.466	0	0	0	0	54578684	54578692	54578692
3298	0	0	4	55	-85.59	-22.676	-0.268	0	0	0	0	5	55	-82.729	-37.536	0.58	0	0	0	0	6	55	-83.737	-30.799	11.328	0	0	0	0	7	55	-81.954	-29.138	-10.366	0	0	0	0	8	55	-86.393	-55.905	-2.728	0	0	0	0	9	55	-153.915	-1.929	1.484	0	0	0	0	10	55	3.727087E+28	-4.039169E+28	-3.286995E+28	0	0	0	0	1	0	-79.096	-19.595	0.977	5	5	5	4	2	0	-78.277	-10.303	0.035	5	5	5	1	0	0	-87.203	-5.704	-0.466	0	0	0	0	54578699	54578708	0
3299	0	0	4	55	-85.59	-22.676	-0.267	0	0	0	0	5	55	-82.729	-37.536	0.58	0	0	0	0	6	55	-83.737	-30.799	11.328	0	0	0	0	7	55	-81.954	-29.138	-10.366	0	0	0	0	8	55	-86.392	-55.905	-2.728	0	0	0	0	9	55	-153.915	-1.929	1.484	0	0	0	0	10	55	3.727087E+28	-4.039169E+28	-3.286995E+28	0	0	0	0	1	0	-79.096	-19.595	0.977	5	5	5	4	2	0	-78.277	-10.303	0.035	5	5	5	1	0	0	-87.203	-5.704	-0.466	0	0	0	0	54578699	54578709	54578709
3315	0	0	4	55	-85.637	-23.02	-0.349	0	0	0	0	5	55	-83.04	-37.851	0.698	0	0	0	0	6	55	-83.787	-31.176	11.219	0	0	0	0	7	55	-82.345	-29.537	-10.335	0	0	0	0	8	55	-86.751	-56.203	-2.83	0	0	0	0	9	55	-153.95	-1.804	1.567	0	0	0	0	10	55	3.719007E+28	-4.038939E+28	-3.296416E+28	0	0	0	0	1	0	-79.096	-19.595	0.977	5	5	5	4	2	0	-78.277	-10.303	0.035	5	5	5	1	0	0	-87.203	-5.704	-0.466	0	0	0	0	54578717	54578725	54578725
3332	0	0	4	55	-85.609	-23.331	-0.347	0	0	0	0	5	55	-83.049	-38.151	0.623	0	0	0	0	6	55	-83.846	-31.428	11.243	0	0	0	0	7	55	-82.397	-30.128	-10.689	0	0	0	0	8	55	-86.74	-56.441	-2.798	0	0	0	0	9	55	-153.954	-1.989	1.561	0	0	0	0	10	55	3.725223E+28	-4.037864E+28	-3.290708E+28	0	0	0	0	1	0	-79.096	-19.595	0.977	5	5	5	4	2	0	-78.277	-10.303	0.035	5	5	5	1	0	0	-87.203	-5.704	-0.466	0	0	0	0	54578733	54578742	0
3332	0	0	4	55	-85.609	-23.331	-0.347	0	0	0	0	5	55	-83.049	-38.151	0.623	0	0	0	0	6	55	-83.846	-31.428	11.243	0	0	0	0	7	55	-82.397	-30.128	-10.689	0	0	0	0	8	55	-86.74	-56.441	-2.798	0	0	0	0	9	55	-153.954	-1.989	1.561	0	0	0	0	10	55	3.725223E+28	-4.037865E+28	-3.290709E+28	0	0	0	0	1	0	-79.096	-19.595	0.977	5	5	5	4	2	0	-78.277	-10.303	0.035	5	5	5	1	0	0	-87.203	-5.704	-0.466	0	0	0	0	54578733	54578742	54578742
3348	0	0	4	55	-85.493	-23.75	-0.363	0	0	0	0	5	55	-83.148	-38.406	0.85	0	0	0	0	6	55	-83.76	-31.784	11.312	0	0	0	0	7	55	-82.287	-30.182	-10.555	0	0	0	0	8	55	-86.716	-56.625	-2.704	0	0	0	0	9	55	-153.912	-1.946	1.666	0	0	0	0	10	55	3.722416E+28	-4.038675E+28	-3.292888E+28	0	0	0	0	1	0	-79.096	-19.595	0.977	5	5	5	4	2	0	-78.277	-10.303	0.035	5	5	5	1	0	0	-87.203	-5.704	-0.466	0	0	0	0	54578748	54578758	0
3349	0	0	4	55	-85.493	-23.75	-0.363	0	0	0	0	5	55	-83.148	-38.406	0.85	0	0	0	0	6	55	-83.76	-31.784	11.312	0	0	0	0	7	55	-82.287	-30.182	-10.554	0	0	0	0	8	55	-86.716	-56.625	-2.704	0	0	0	0	9	55	-153.912	-1.946	1.666	0	0	0	0	10	55	3.722416E+28	-4.038675E+28	-3.292889E+28	0	0	0	0	1	0	-79.096	-19.595	0.977	5	5	5	4	2	0	-78.277	-10.303	0.035	5	5	5	1	0	0	-87.203	-5.704	-0.466	0	0	0	0	54578749	54578759	54578759
3365	0	0	4	55	-85.271	-23.958	-0.307	0	0	0	0	5	55	-82.944	-38.636	0.699	0	0	0	0	6	55	-83.698	-31.884	11.416	0	0	0	0	7	55	-82.306	-30.173	-10.551	0	0	0	0	8	55	-86.571	-56.635	-2.747	0	0	0	0	9	55	-153.927	-1.88	1.687	0	0	0	0	10	55	3.719144E+28	-4.044241E+28	-3.289753E+28	0	0	0	0	1	0	-79.096	-19.595	0.977	5	5	5	4	2	0	-78.277	-10.303	0.035	5	5	5	1	0	0	-87.203	-5.704	-0.466	0	0	0	0	54578766	54578775	54578775
3382	0	0	4	55	-85.27	-23.857	-0.284	0	0	0	0	5	55	-82.921	-38.55	0.764	0	0	0	0	6	55	-83.594	-31.799	11.523	0	0	0	0	7	55	-82.291	-30.122	-10.633	0	0	0	0	8	55	-86.437	-56.549	-2.675	0	0	0	0	9	55	-153.914	-1.764	1.741	0	0	0	0	10	55	3.712963E+28	-4.044863E+28	-3.295965E+28	0	0	0	0	1	0	-79.096	-19.595	0.977	5	5	5	4	2	0	-78.277	-10.303	0.035	5	5	5	1	0	0	-87.203	-5.704	-0.466	0	0	0	0	54578783	54578792	0
3382	0	0	4	55	-85.27	-23.857	-0.284	0	0	0	0	5	55	-82.921	-38.55	0.764	0	0	0	0	6	55	-83.594	-31.799	11.523	0	0	0	0	7	55	-82.291	-30.122	-10.633	0	0	0	0	8	55	-86.437	-56.549	-2.675	0	0	0	0	9	55	-153.914	-1.764	1.741	0	0	0	0	10	55	3.712963E+28	-4.044862E+28	-3.295966E+28	0	0	0	0	1	0	-79.096	-19.595	0.977	5	5	5	4	2	0	-78.277	-10.303	0.035	5	5	5	1	0	0	-87.203	-5.704	-0.466	0	0	0	0	54578783	54578792	54578792
3398	0	0	4	55	-85.064	-23.819	-0.084	0	0	0	0	5	55	-82.645	-38.349	0.659	0	0	0	0	6	55	-83.471	-31.65	11.714	0	0	0	0	7	55	-82.179	-30.576	-10.852	0	0	0	0	8	55	-86.177	-56.259	-2.629	0	0	0	0	9	55	-153.863	-1.654	1.918	0	0	0	0	10	55	3.702233E+28	-4.049721E+28	-3.302064E+28	0	0	0	0	1	0	-79.096	-19.595	0.977	5	5	5	4	2	0	-78.277	-10.303	0.035	5	5	5	1	0	0	-87.203	-5.704	-0.466	0	0	0	0	54578800	54578808	0
3399	0	0	4	55	-85.064	-23.819	-0.084	0	0	0	0	5	55	-82.645	-38.349	0.659	0	0	0	0	6	55	-83.471	-31.65	11.714	0	0	0	0	7	55	-82.179	-30.576	-10.852	0	0	0	0	8	55	-86.177	-56.259	-2.629	0	0	0	0	9	55	-153.863	-1.654	1.918	0	0	0	0	10	55	3.702232E+28	-4.049722E+28	-3.302064E+28	0	0	0	0	1	0	-79.096	-19.595	0.977	5	5	5	4	2	0	-78.277	-10.303	0.035	5	5	5	1	0	0	-87.203	-5.704	-0.466	0	0	0	0	54578800	54578809	54578809
3415	0	0	4	55	-84.741	-24.046	-0.179	0	0	0	0	5	55	-82.407	-38.309	0.847	0	0	0	0	6	55	-83.285	-31.797	11.714	0	0	0	0	7	55	-81.789	-31.204	-11.056	0	0	0	0	8	55	-85.879	-56.217	-2.612	0	0	0	0	9	55	-153.686	-1.663	1.79	0	0	0	0	10	55	3.710411E+28	-4.052664E+28	-3.289249E+28	0	0	0	0	1	0	-79.096	-19.595	0.977	5	5	5	4	2	0	-78.277	-10.303	0.035	5	5	5	1	0	0	-87.203	-5.704	-0.466	0	0	0	0	54578816	54578825	54578825
3432	0	0	4	55	-84.411	-24.167	-0.24	0	0	0	0	5	55	-82.216	-38.374	0.577	0	0	0	0	6	55	-83.112	-31.804	11.758	0	0	0	0	7	55	-81.719	-31.081	-11.106	0	0	0	0	8	55	-85.764	-56.162	-2.593	0	0	0	0	9	55	-153.413	-1.397	1.982	0	0	0	0	10	55	3.707411E+28	-4.051806E+28	-3.293685E+28	0	0	0	0	1	0	-79.096	-19.595	0.977	5	5	5	4	2	0	-78.277	-10.303	0.035	5	5	5	1	0	0	-87.203	-5.704	-0.466	0	0	0	0	54578833	54578842	0
3432	0	0	4	55	-84.411	-24.167	-0.24	0	0	0	0	5	55	-82.216	-38.374	0.577	0	0	0	0	6	55	-83.112	-31.804	11.758	0	0	0	0	7	55	-81.719	-31.081	-11.106	0	0	0	0	8	55	-85.764	-56.162	-2.593	0	0	0	0	9	55	-153.413	-1.397	1.982	0	0	0	0	10	55	3.707411E+28	-4.051807E+28	-3.293684E+28	0	0	0	0	1	0	-79.096	-19.595	0.977	5	5	5	4	2	0	-78.277	-10.303	0.035	5	5	5	1	0	0	-87.203	-5.704	-0.466	0	0	0	0	54578833	54578842	54578842
3448	0	0	4	55	-83.778	-24.258	-0.266	0	0	0	0	5	55	-81.898	-38.211	0.519	0	0	0	0	6	55	-82.704	-31.876	11.792	0	0	0	0	7	55	-81.213	-30.539	-11.217	0	0	0	0	8	55	-85.607	-55.92	-2.622	0	0	0	0	9	55	-152.872	-0.922	2.084	0	0	0	0	10	55	3.696334E+28	-4.05822E+28	-3.298236E+28	0	0	0	0	1	0	-79.096	-19.595	0.977	5	5	5	4	2	0	-78.277	-10.303	0.035	5	5	5	1	0	0	-87.203	-5.704	-0.466	0	0	0	0	54578850	54578858	0
3449	0	0	4	55	-83.778	-24.258	-0.266	0	0	0	0	5	55	-81.898	-38.211	0.519	0	0	0	0	6	55	-82.704	-31.876	11.792	0	0	0	0	7	55	-81.213	-30.539	-11.217	0	0	0	0	8	55	-85.607	-55.92	-2.622	0	0	0	0	9	55	-152.872	-0.922	2.084	0	0	0	0	10	55	3.696334E+28	-4.05822E+28	-3.298237E+28	0	0	0	0	1	0	-79.096	-19.595	0.977	5	5	5	4	2	0	-78.277	-10.303	0.035	5	5	5	1	0	0	-87.203	-5.704	-0.466	0	0	0	0	54578850	54578859	54578859
3465	0	0	4	55	-82.89	-24.817	-0.393	0	0	0	0	5	55	-81.33	-38.287	0.41	0	0	0	0	6	55	-82.053	-32.102	11.852	0	0	0	0	7	55	-80.843	-31.211	-11.607	0	0	0	0	8	55	-85.384	-55.736	-2.674	0	0	0	0	9	55	-152.501	-0.808	1.604	0	0	0	0	10	55	3.706189E+28	-4.058573E+28	-3.286724E+28	0	0	0	0	1	0	-79.096	-19.595	0.977	5	5	5	4	2	0	-78.277	-10.303	0.035	5	5	5	1	0	0	-87.203	-5.704	-0.466	0	0	0	0	54578867	54578875	54578875
3482	0	0	4	55	-82.15	-25.119	-0.738	0	0	0	0	5	55	-80.937	-38.342	0.177	0	0	0	0	6	55	-81.696	-32.311	11.871	0	0	0	0	7	55	-80.605	-31.033	-11.447	0	0	0	0	8	55	-85.332	-55.602	-2.728	0	0	0	0	9	55	-152.063	-0.571	1.776	0	0	0	0	10	55	3.71105E+28	-4.057967E+28	-3.281982E+28	0	0	0	0	1	0	-79.096	-19.595	0.977	5	5	5	4	2	0	-78.277	-10.303	0.035	5	5	5	1	0	0	-87.203	-5.704	-0.466	0	0	0	0	54578883	54578892	0
3482	0	0	4	55	-82.15	-25.119	-0.738	0	0	0	0	5	55	-80.937	-38.342	0.177	0	0	0	0	6	55	-81.696	-32.311	11.871	0	0	0	0	7	55	-80.605	-31.033	-11.447	0	0	0	0	8	55	-85.332	-55.602	-2.728	0	0	0	0	9	55	-152.063	-0.571	1.776	0	0	0	0	10	55	3.71105E+28	-4.057966E+28	-3.281983E+28	0	0	0	0	1	0	-79.096	-19.595	0.977	5	5	5	4	2	0	-78.277	-10.303	0.035	5	5	5	1	0	0	-87.203	-5.704	-0.466	0	0	0	0	54578883	54578892	54578892
3499	0	0	4	55	-80.042	-25.45	-0.452	0	0	0	0	5	55	-79.692	-38.258	0.474	0	0	0	0	6	55	-80.662	-32.744	12.011	0	0	0	0	7	55	-80.418	-31.907	-11.692	0	0	0	0	8	55	-85.019	-55.031	-2.785	0	0	0	0	9	55	-151.261	-0.204	1.683	0	0	0	0	10	55	3.718509E+28	-4.053444E+28	-3.279127E+28	0	0	0	0	1	0	-79.096	-19.595	0.977	5	5	5	4	2	0	-78.277	-10.303	0.035	5	5	5	1	0	0	-87.203	-5.704	-0.466	0	0	0	0	54578900	54578909	0
3500	0	0	4	55	-80.042	-25.45	-0.452	0	0	0	0	5	55	-79.692	-38.258	0.474	0	0	0	0	6	55	-80.662	-32.744	12.011	0	0	0	0	7	55	-80.418	-31.907	-11.692	0	0	0	0	8	55	-85.019	-55.031	-2.785	0	0	0	0	9	55	-151.261	-0.204	1.683	0	0	0	0	10	55	3.718509E+28	-4.053444E+28	-3.279128E+28	0	0	0	0	1	0	-79.096	-19.595	0.977	5	5	5	4	2	0	-78.277	-10.303	0.035	5	5	5	1	0	0	-87.203	-5.704	-0.466	0	0	0	0	54578900	54578910	54578910
3515	0	0	4	55	-77.984	-25.399	-0.915	0	0	0	0	5	55	-78.157	-37.846	0.222	0	0	0	0	6	55	-80.225	-32.579	11.867	0	0	0	0	7	55	-79.98	-31.972	-11.481	0	0	0	0	8	55	-84.8	-54.232	-2.881	0	0	0	0	9	55	-150.754	0.33	1.395	0	0	0	0	10	55	3.719065E+28	-4.052297E+28	-3.279914E+28	0	0	0	0	1	0	-79.096	-19.595	0.977	5	5	5	4	2	0	-78.277	-10.303	0.035	5	5	5	1	0	0	-87.203	-5.704	-0.466	0	0	0	0	54578917	54578925	54578925
3532	0	0	4	55	-77.605	-24.955	-0.302	0	0	0	0	5	55	-77.869	-37.599	0.134	0	0	0	0	6	55	-79.912	-32.675	11.85	0	0	0	0	7	55	-79.573	-31.876	-11.65	0	0	0	0	8	55	-84.756	-53.672	-2.868	0	0	0	0	9	55	-150.515	0.657	1.621	0	0	0	0	10	55	3.718805E+28	-4.052565E+28	-3.279877E+28	0	0	0	0	1	0	-79.096	-19.595	0.977	5	5	5	4	2	0	-78.277	-10.303	0.035	5	5	5	1	0	0	-87.203	-5.704	-0.466	0	0	0	0	54578933	54578942	0
3532	0	0	4	55	-77.605	-24.955	-0.302	0	0	0	0	5	55	-77.869	-37.599	0.134	0	0	0	0	6	55	-79.912	-32.675	11.85	0	0	0	0	7	55	-79.573	-31.876	-11.65	0	0	0	0	8	55	-84.756	-53.672	-2.868	0	0	0	0	9	55	-150.515	0.657	1.621	0	0	0	0	10	55	3.718805E+28	-4.052565E+28	-3.279877E+28	0	0	0	0	1	0	-79.096	-19.595	0.977	5	5	5	4	2	0	-78.277	-10.303	0.035	5	5	5	1	0	0	-87.203	-5.704	-0.466	0	0	0	0	54578934	54578942	54578942
3548	0	0	4	55	-77.103	-24.573	-0.477	0	0	0	0	5	55	-77.487	-36.923	0.129	0	0	0	0	6	55	-79.859	-32.323	11.73	0	0	0	0	7	55	-79.624	-31.744	-11.304	0	0	0	0	8	55	-85.046	-52.646	-2.978	0	0	0	0	9	55	-150.439	0.911	1.746	0	0	0	0	10	55	3.727035E+28	-4.053051E+28	-3.269921E+28	0	0	0	0	1	0	-79.096	-19.595	0.977	5	5	5	4	2	0	-78.277	-10.303	0.035	5	5	5	1	0	0	-87.203	-5.704	-0.466	0	0	0	0	54578950	54578958	0
3549	0	0	4	55	-77.103	-24.573	-0.477	0	0	0	0	5	55	-77.487	-36.923	0.129	0	0	0	0	6	55	-79.859	-32.323	11.73	0	0	0	0	7	55	-79.624	-31.744	-11.304	0	0	0	0	8	55	-85.046	-52.646	-2.978	0	0	0	0	9	55	-150.439	0.911	1.746	0	0	0	0	10	55	3.727035E+28	-4.053051E+28	-3.269921E+28	0	0	0	0	1	0	-79.096	-19.595	0.977	5	5	5	4	2	0	-78.277	-10.303	0.035	5	5	5	1	0	0	-87.203	-5.704	-0.466	0	0	0	0	54578950	54578959	54578959
3565	0	0	4	55	-76.783	-24.142	-0.439	0	0	0	0	5	55	-77.199	-36.437	0.225	0	0	0	0	6	55	-79.694	-32.193	11.66	0	0	0	0	7	55	-79.587	-32.088	-11.434	0	0	0	0	8	55	-85.126	-51.908	-2.957	0	0	0	0	9	55	-150.569	0.914	1.706	0	0	0	0	10	55	3.726223E+28	-4.052019E+28	-3.272123E+28	0	0	0	0	1	0	-79.096	-19.595	0.977	5	5	5	4	2	0	-78.277	-10.303	0.035	5	5	5	1	0	0	-87.203	-5.704	-0.466	0	0	0	0	54578967	54578975	54578975
3582	0	0	4	55	-76.638	-24.085	-0.358	0	0	0	0	5	55	-76.906	-36.288	0.148	0	0	0	0	6	55	-79.576	-32.165	11.687	0	0	0	0	7	55	-79.504	-32.218	-11.456	0	0	0	0	8	55	-85.085	-51.582	-3.005	0	0	0	0	9	55	-150.85	0.766	1.586	0	0	0	0	10	55	3.729825E+28	-4.050568E+28	-3.269817E+28	0	0	0	0	1	0	-79.096	-19.595	0.977	5	5	5	4	2	0	-78.277	-10.303	0.035	5	5	5	1	0	0	-87.203	-5.704	-0.466	0	0	0	0	54578983	54578992	0
3582	0	0	4	55	-76.638	-24.085	-0.358	0	0	0	0	5	55	-76.906	-36.288	0.148	0	0	0	0	6	55	-79.576	-32.165	11.687	0	0	0	0	7	55	-79.504	-32.218	-11.456	0	0	0	0	8	55	-85.085	-51.582	-3.005	0	0	0	0	9	55	-150.85	0.766	1.585	0	0	0	0	10	55	3.729825E+28	-4.050568E+28	-3.269816E+28	0	0	0	0	1	0	-79.096	-19.595	0.977	5	5	5	4	2	0	-78.277	-10.303	0.035	5	5	5	1	0	0	-87.203	-5.704	-0.466	0	0	0	0	54578983	54578992	54578992
3598	0	0	4	55	-77.107	-24.169	-0.455	0	0	0	0	5	55	-77.37	-36.405	0.133	0	0	0	0	6	55	-79.945	-32.449	11.546	0	0	0	0	7	55	-79.571	-32.2	-11.308	0	0	0	0	8	55	-85.544	-51.587	-3.199	0	0	0	0	9	55	-151.846	0.056	1.436	0	0	0	0	10	55	3.747416E+28	-4.028624E+28	-3.276806E+28	0	0	0	0	1	0	-79.096	-19.595	0.977	5	5	5	4	2	0	-78.277	-10.303	0.035	5	5	5	1	0	0	-87.203	-5.704	-0.466	0	0	0	0	54579000	54579008	0
3599	0	0	4	55	-77.107	-24.169	-0.455	0	0	0	0	5	55	-77.37	-36.405	0.133	0	0	0	0	6	55	-79.945	-32.449	11.546	0	0	0	0	7	55	-79.571	-32.2	-11.308	0	0	0	0	8	55	-85.544	-51.587	-3.199	0	0	0	0	9	55	-151.846	0.056	1.436	0	0	0	0	10	55	3.747416E+28	-4.028624E+28	-3.276807E+28	0	0	0	0	1	0	-79.096	-19.595	0.977	5	5	5	4	2	0	-78.277	-10.303	0.035	5	5	5	1	0	0	-87.203	-5.704	-0.466	0	0	0	0	54579000	54579009	54579009
3615	0	0	4	55	-77.591	-23.761	-0.419	0	0	0	0	5	55	-77.842	-35.982	0.158	0	0	0	0	6	55	-79.748	-32.477	11.579	0	0	0	0	7	55	-79.739	-32.23	-11.227	0	0	0	0	8	55	-85.713	-51.385	-3.146	0	0	0	0	9	55	-152.74	-0.169	1.703	0	0	0	0	10	55	3.750691E+28	-4.023448E+28	-3.279417E+28	0	0	0	0	1	1	-79.096	-19.595	0.977	5	5	5	4	2	0	-78.277	-10.303	0.035	5	5	5	1	0	0	-87.203	-5.704	-0.466	0	0	0	0	54579017	54579025	54579025
3632	0	0	4	55	-77.926	-23.41	-0.646	0	0	0	0	5	55	-78.242	-35.537	0.046	0	0	0	0	6	55	-79.46	-32.814	11.55	0	0	0	0	7	55	-79.457	-31.893	-11.459	0	0	0	0	8	55	-85.815	-51.244	-3.303	0	0	0	0	9	55	-153.631	-0.44	1.543	0	0	0	0	10	55	3.755897E+28	-4.016606E+28	-3.281845E+28	0	0	0	0	1	2	-79.096	-19.595	0.977	5	5	5	4	2	0	-78.277	-10.303	0.035	5	5	5	1	0	0	-87.203	-5.704	-0.466	0	0	0	0	54579033	54579042	0
3632	0	0	4	55	-77.926	-23.41	-0.646	0	0	0	0	5	55	-78.242	-35.537	0.046	0	0	0	0	6	55	-79.46	-32.814	11.55	0	0	0	0	7	55	-79.457	-31.893	-11.459	0	0	0	0	8	55	-85.815	-51.244	-3.303	0	0	0	0	9	55	-153.631	-0.44	1.543	0	0	0	0	10	55	3.755897E+28	-4.016606E+28	-3.281845E+28	0	0	0	0	1	2	-79.096	-19.595	0.977	5	5	5	4	2	0	-78.277	-10.303	0.035	5	5	5	1	0	0	-87.203	-5.704	-0.466	0	0	0	0	54579034	54579042	54579042
3648	0	0	4	55	-81.21	-22.057	-0.223	0	0	0	0	5	55	-79.592	-34.635	-0.018	0	0	0	0	6	55	-79.847	-30.915	11.248	0	0	0	0	7	55	-79.265	-31.234	-11.26	0	0	0	0	8	55	-86.037	-50.988	-3.3	0	0	0	0	9	55	-154.721	-1.094	1.579	0	0	0	0	10	55	3.747804E+28	-4.021697E+28	-3.284861E+28	0	0	0	0	1	2	-79.096	-19.595	0.977	5	5	5	4	2	0	-78.277	-10.303	0.035	5	5	5	1	0	0	-87.203	-5.704	-0.466	0	0	0	0	54579050	54579058	0
3649	0	0	4	55	-81.21	-22.057	-0.223	0	0	0	0	5	55	-79.592	-34.635	-0.018	0	0	0	0	6	55	-79.847	-30.915	11.248	0	0	0	0	7	55	-79.265	-31.234	-11.26	0	0	0	0	8	55	-86.037	-50.988	-3.3	0	0	0	0	9	55	-154.721	-1.094	1.579	0	0	0	0	10	55	3.747804E+28	-4.021697E+28	-3.284862E+28	0	0	0	0	1	2	-79.096	-19.595	0.977	5	5	5	4	2	0	-78.277	-10.303	0.035	5	5	5	1	0	0	-87.203	-5.704	-0.466	0	0	0	0	54579050	54579059	54579059
3665	0	0	4	55	-84.392	-21.156	-0.601	0	0	0	0	5	55	-81.56	-34.318	0	0	0	0	0	6	55	-80.844	-29.302	11.104	0	0	0	0	7	55	-80.082	-31.226	-11.53	0	0	0	0	8	55	-86.3	-51.341	-3.231	0	0	0	0	9	55	-156.176	-2.337	1.634	0	0	0	0	10	55	3.779463E+28	-4.000985E+28	-3.273862E+28	0	0	0	0	1	0	-79.096	-19.595	0.977	5	5	5	4	2	0	-78.277	-10.303	0.035	5	5	5	1	0	0	-87.203	-5.704	-0.466	0	0	0	0	54579067	54579075	54579075
3682	0	0	4	55	-85.551	-21.447	-0.757	0	0	0	0	5	55	-82.483	-34.53	-0.23	0	0	0	0	6	55	-81.413	-29.197	11.058	0	0	0	0	7	55	-80.5	-30.745	-11.298	0	0	0	0	8	55	-86.45	-51.823	-3.372	0	0	0	0	9	55	-156.846	-2.801	1.45	0	0	0	0	10	55	3.78538E+28	-3.994946E+28	-3.2744E+28	0	0	0	0	1	0	-79.096	-19.595	0.977	5	5	5	4	2	0	-78.277	-10.303	0.035	5	5	5	1	0	0	-87.203	-5.704	-0.466	0	0	0	0	54579083	54579092	0
3682	0	0	4	55	-85.551	-21.447	-0.757	0	0	0	0	5	55	-82.483	-34.53	-0.23	0	0	0	0	6	55	-81.413	-29.197	11.058	0	0	0	0	7	55	-80.5	-30.745	-11.298	0	0	0	0	8	55	-86.45	-51.823	-3.372	0	0	0	0	9	55	-156.846	-2.801	1.45	0	0	0	0	10	55	3.78538E+28	-3.994946E+28	-3.274401E+28	0	0	0	0	1	0	-79.096	-19.595	0.977	5	5	5	4	2	0	-78.277	-10.303	0.035	5	5	5	1	0	0	-87.203	-5.704	-0.466	0	0	0	0	54579083	54579092	54579092
3698	0	0	4	55	-86.968	-22.219	-1.078	0	0	0	0	5	55	-83.193	-35.06	-0.204	0	0	0	0	6	55	-82.489	-29.524	10.618	0	0	0	0	7	55	-81.055	-29.563	-10.943	0	0	0	0	8	55	-86.43	-52.492	-3.175	0	0	0	0	9	55	-157.089	-2.864	1.502	0	0	0	0	10	55	3.777581E+28	-4.007627E+28	-3.267905E+28	0	0	0	0	1	0	-79.096	-19.595	0.977	5	5	5	4	2	0	-78.277	-10.303	0.035	5	5	5	1	0	0	-87.203	-5.704	-0.466	0	0	0	0	54579100	54579108	0
3699	0	0	4	55	-86.968	-22.219	-1.078	0	0	0	0	5	55	-83.193	-35.06	-0.204	0	0	0	0	6	55	-82.489	-29.524	10.618	0	0	0	0	7	55	-81.055	-29.563	-10.943	0	0	0	0	8	55	-86.43	-52.492	-3.175	0	0	0	0	9	55	-157.089	-2.864	1.502	0	0	0	0	10	55	3.777582E+28	-4.007627E+28	-3.267905E+28	0	0	0	0	1	0	-79.096	-19.595	0.977	5	5	5	4	2	0	-78.277	-10.303	0.035	5	5	5	1	0	0	-87.203	-5.704	-0.466	0	0	0	0	54579100	54579109	54579109
3715	0	0	4	55	-88.056	-22.603	-0.976	0	0	0	0	5	55	-83.919	-35.368	-0.21	0	0	0	0	6	55	-83.3	-29.733	10.788	0	0	0	0	7	55	-81.566	-29.396	-10.878	0	0	0	0	8	55	-86.178	-53.1	-3.102	0	0	0	0	9	55	-157.108	-2.9	1.623	0	0	0	0	10	55	3.769472E+28	-4.020919E+28	-3.260934E+28	0	0	0	0	1	0	-79.096	-19.595	0.977	5	5	5	4	2	0	-78.277	-10.303	0.035	5	5	5	1	0	0	-87.203	-5.704	-0.466	0	0	0	0	54579116	54579125	54579125
3732	0	0	4	55	-88.498	-22.73	-1.024	0	0	0	0	5	55	-84.301	-35.575	-0.25	0	0	0	0	6	55	-83.7	-29.79	10.717	0	0	0	0	7	55	-81.865	-29.679	-10.998	0	0	0	0	8	55	-86.062	-53.442	-3.07	0	0	0	0	9	55	-157.23	-3.155	1.435	0	0	0	0	10	55	3.7751E+28	-4.024442E+28	-3.25006E+28	0	0	0	0	1	0	-79.096	-19.595	0.977	5	5	5	4	2	0	-78.277	-10.303	0.035	5	5	5	1	0	0	-87.203	-5.704	-0.466	0	0	0	0	54579133	54579142	0
3732	0	0	4	55	-88.498	-22.73	-1.024	0	0	0	0	5	55	-84.301	-35.575	-0.25	0	0	0	0	6	55	-83.7	-29.79	10.717	0	0	0	0	7	55	-81.865	-29.679	-10.998	0	0	0	0	8	55	-86.062	-53.442	-3.07	0	0	0	0	9	55	-157.23	-3.155	1.435	0	0	0	0	10	55	3.7751E+28	-4.024442E+28	-3.250059E+28	0	0	0	0	1	0	-79.096	-19.595	0.977	5	5	5	4	2	0	-78.277	-10.303	0.035	5	5	5	1	0	0	-87.203	-5.704	-0.466	0	0	0	0	54579133	54579142	54579142
3749	0	0	4	55	-88.795	-23.114	-1.325	0	0	0	0	5	55	-85.176	-35.961	-0.107	0	0	0	0	6	55	-84.426	-29.927	10.696	0	0	0	0	7	55	-82.44	-30.633	-11.152	0	0	0	0	8	55	-86.023	-54.051	-2.834	0	0	0	0	9	55	-157.419	-3.588	1.47	0	0	0	0	10	55	3.787252E+28	-4.022301E+28	-3.238551E+28	0	0	0	0	1	0	-79.096	-19.595	0.977	5	5	5	4	2	0	-78.277	-10.303	0.035	5	5	5	1	0	0	-87.203	-5.704	-0.466	0	0	0	0	54579150	54579159	0
3749	0	0	4	55	-88.795	-23.114	-1.325	0	0	0	0	5	55	-85.176	-35.961	-0.107	0	0	0	0	6	55	-84.426	-29.927	10.696	0	0	0	0	7	55	-82.44	-30.633	-11.152	0	0	0	0	8	55	-86.023	-54.051	-2.834	0	0	0	0	9	55	-157.419	-3.588	1.47	0	0	0	0	10	55	3.787252E+28	-4.022302E+28	-3.23855E+28	0	0	0	0	1	0	-79.096	-19.595	0.977	5	5	5	4	2	0	-78.277	-10.303	0.035	5	5	5	1	0	0	-87.203	-5.704	-0.466	0	0	0	0	54579150	54579159	54579159
3765	0	0	4	55	-88.854	-23.098	-1.236	0	0	0	0	5	55	-85.984	-35.861	0.067	0	0	0	0	6	55	-84.731	-29.994	10.694	0	0	0	0	7	55	-82.865	-30.587	-11.053	0	0	0	0	8	55	-86.314	-54.048	-2.85	0	0	0	0	9	55	-157.237	-3.268	1.569	0	0	0	0	10	55	3.763356E+28	-4.042736E+28	-3.240962E+28	0	0	0	0	1	0	-79.096	-19.595	0.977	5	5	5	4	2	0	-78.277	-10.303	0.035	5	5	5	1	0	0	-87.203	-5.704	-0.466	0	0	0	0	54579166	54579175	54579175
3782	0	0	4	55	-88.971	-23.325	-1.201	0	0	0	0	5	55	-86.38	-36.039	0.036	0	0	0	0	6	55	-84.998	-30.18	10.683	0	0	0	0	7	55	-83.232	-30.441	-11.159	0	0	0	0	8	55	-86.656	-54.15	-2.921	0	0	0	0	9	55	-157.455	-3.685	1.461	0	0	0	0	10	55	3.762214E+28	-4.038032E+28	-3.248143E+28	0	0	0	0	1	0	-79.096	-19.595	0.977	5	5	5	4	2	0	-78.277	-10.303	0.035	5	5	5	1	0	0	-87.203	-5.704	-0.466	0	0	0	0	54579183	54579192	0
3782	0	0	4	55	-88.971	-23.325	-1.201	0	0	0	0	5	55	-86.38	-36.039	0.036	0	0	0	0	6	55	-84.998	-30.18	10.683	0	0	0	0	7	55	-83.232	-30.441	-11.159	0	0	0	0	8	55	-86.656	-54.15	-2.921	0	0	0	0	9	55	-157.455	-3.685	1.461	0	0	0	0	10	55	3.762213E+28	-4.038032E+28	-3.248145E+28	0	0	0	0	1	0	-79.096	-19.595	0.977	5	5	5	4	2	0	-78.277	-10.303	0.035	5	5	5	1	0	0	-87.203	-5.704	-0.466	0	0	0	0	54579183	54579192	54579192
3798	0	0	4	55	-89.052	-23.229	-1.455	0	0	0	0	5	55	-87.033	-36.228	-0.073	0	0	0	0	6	55	-85.328	-30.203	10.61	0	0	0	0	7	55	-83.74	-30.28	-11.054	0	0	0	0	8	55	-87.169	-54.317	-3.001	0	0	0	0	9	55	-157.615	-3.661	1.423	0	0	0	0	10	55	3.753358E+28	-4.043157E+28	-3.252011E+28	0	0	0	0	1	0	-79.096	-19.595	0.977	5	5	5	4	2	0	-78.277	-10.303	0.035	5	5	5	1	0	0	-87.203	-5.704	-0.466	0	0	0	0	54579200	54579208	0
3799	0	0	4	55	-89.052	-23.229	-1.455	0	0	0	0	5	55	-87.033	-36.228	-0.073	0	0	0	0	6	55	-85.328	-30.203	10.61	0	0	0	0	7	55	-83.74	-30.28	-11.054	0	0	0	0	8	55	-87.169	-54.317	-3.001	0	0	0	0	9	55	-157.615	-3.661	1.423	0	0	0	0	10	55	3.753359E+28	-4.043157E+28	-3.252011E+28	0	0	0	0	1	0	-79.096	-19.595	0.977	5	5	5	4	2	0	-78.277	-10.303	0.035	5	5	5	1	0	0	-87.203	-5.704	-0.466	0	0	0	0	54579201	54579209	54579209
3815	0	0	4	55	-89.412	-23.454	-1.717	0	0	0	0	5	55	-87.672	-36.474	-0.43	0	0	0	0	6	55	-85.747	-30.276	10.361	0	0	0	0	7	55	-84.265	-30.525	-11.294	0	0	0	0	8	55	-87.406	-54.596	-3.123	0	0	0	0	9	55	-157.679	-3.956	1.253	0	0	0	0	10	55	3.763813E+28	-4.038361E+28	-3.245882E+28	0	0	0	0	1	0	-79.096	-19.595	0.977	5	5	5	4	2	0	-78.277	-10.303	0.035	5	5	5	1	0	0	-87.203	-5.704	-0.466	0	0	0	0	54579216	54579225	54579225
3832	0	0	4	55	-89.57	-23.517	-1.709	0	0	0	0	5	55	-87.963	-36.582	-0.486	0	0	0	0	6	55	-85.904	-30.361	10.239	0	0	0	0	7	55	-84.168	-30.604	-11.278	0	0	0	0	8	55	-87.613	-54.704	-3.172	0	0	0	0	9	55	-157.83	-4.262	1.052	0	0	0	0	10	55	3.764171E+28	-4.039128E+28	-3.244512E+28	0	0	0	0	1	0	-79.096	-19.595	0.977	5	5	5	4	2	0	-78.277	-10.303	0.035	5	5	5	1	0	0	-87.203	-5.704	-0.466	0	0	0	0	54579233	54579242	0
3832	0	0	4	55	-89.57	-23.517	-1.709	0	0	0	0	5	55	-87.963	-36.582	-0.486	0	0	0	0	6	55	-85.904	-30.361	10.239	0	0	0	0	7	55	-84.168	-30.604	-11.278	0	0	0	0	8	55	-87.613	-54.704	-3.172	0	0	0	0	9	55	-157.83	-4.262	1.052	0	0	0	0	10	55	3.764171E+28	-4.039128E+28	-3.244512E+28	0	0	0	0	1	0	-79.096	-19.595	0.977	5	5	5	4	2	0	-78.277	-10.303	0.035	5	5	5	1	0	0	-87.203	-5.704	-0.466	0	0	0	0	54579233	54579242	54579242
3849	0	0	4	55	-89.794	-23.525	-1.895	0	0	0	0	5	55	-88.33	-36.738	-0.651	0	0	0	0	6	55	-86.191	-30.353	10.168	0	0	0	0	7	55	-84.424	-30.88	-11.634	0	0	0	0	8	55	-88.049	-54.933	-3.45	0	0	0	0	9	55	-157.839	-4.088	1.16	0	0	0	0	10	55	3.75128E+28	-4.037115E+28	-3.261901E+28	0	0	0	0	1	0	-79.096	-19.595	0.977	5	5	5	4	2	0	-78.277	-10.303	0.035	5	5	5	1	0	0	-87.203	-5.704	-0.466	0	0	0	0	54579250	54579258	0
3849	0	0	4	55	-89.794	-23.525	-1.895	0	0	0	0	5	55	-88.33	-36.738	-0.651	0	0	0	0	6	55	-86.191	-30.353	10.168	0	0	0	0	7	55	-84.424	-30.88	-11.634	0	0	0	0	8	55	-88.049	-54.933	-3.45	0	0	0	0	9	55	-157.839	-4.088	1.16	0	0	0	0	10	55	3.751279E+28	-4.037115E+28	-3.261902E+28	0	0	0	0	1	0	-79.096	-19.595	0.977	5	5	5	4	2	0	-78.277	-10.303	0.035	5	5	5	1	0	0	-87.203	-5.704	-0.466	0	0	0	0	54579250	54579259	54579259
3865	0	0	4	55	-89.752	-23.54	-1.924	0	0	0	0	5	55	-88.412	-36.867	-0.57	0	0	0	0	6	55	-86.384	-30.496	9.92	0	0	0	0	7	55	-84.435	-30.802	-11.389	0	0	0	0	8	55	-88.199	-55.222	-3.347	0	0	0	0	9	55	-157.654	-4.309	1.198	0	0	0	0	10	55	3.750371E+28	-4.038727E+28	-3.260949E+28	0	0	0	0	1	0	-79.096	-19.595	0.977	5	5	5	4	2	0	-78.277	-10.303	0.035	5	5	5	1	0	0	-87.203	-5.704	-0.466	0	0	0	0	54579266	54579275	54579275
3882	0	0	4	55	-89.614	-23.542	-1.973	0	0	0	0	5	55	-88.403	-36.87	-0.682	0	0	0	0	6	55	-86.296	-30.413	9.965	0	0	0	0	7	55	-84.388	-30.691	-11.522	0	0	0	0	8	55	-88.207	-55.12	-3.448	0	0	0	0	9	55	-157.515	-4.362	1.057	0	0	0	0	10	55	3.749379E+28	-4.042173E+28	-3.25782E+28	0	0	0	0	1	0	-79.096	-19.595	0.977	5	5	5	4	2	0	-78.277	-10.303	0.035	5	5	5	1	0	0	-87.203	-5.704	-0.466	0	0	0	0	54579283	54579292	0
3882	0	0	4	55	-89.614	-23.542	-1.973	0	0	0	0	5	55	-88.403	-36.87	-0.682	0	0	0	0	6	55	-86.296	-30.413	9.965	0	0	0	0	7	55	-84.388	-30.691	-11.522	0	0	0	0	8	55	-88.207	-55.12	-3.448	0	0	0	0	9	55	-157.515	-4.362	1.057	0	0	0	0	10	55	3.749379E+28	-4.042174E+28	-3.257819E+28	0	0	0	0	1	0	-79.096	-19.595	0.977	5	5	5	4	2	0	-78.277	-10.303	0.035	5	5	5	1	0	0	-87.203	-5.704	-0.466	0	0	0	0	54579283	54579292	54579292
3898	0	0	4	55	-89.53	-23.376	-2.016	0	0	0	0	5	55	-88.236	-36.778	-0.687	0	0	0	0	6	55	-86.242	-30.315	9.961	0	0	0	0	7	55	-84.539	-31.156	-11.546	0	0	0	0	8	55	-88.26	-55.196	-3.32	0	0	0	0	9	55	-157.27	-4.224	1.107	0	0	0	0	10	55	3.746409E+28	-4.049206E+28	-3.252498E+28	0	0	0	0	1	0	-79.096	-19.595	0.977	5	5	5	4	2	0	-78.277	-10.303	0.035	5	5	5	1	0	0	-87.203	-5.704	-0.466	0	0	0	0	54579299	54579308	0
3898	0	0	4	55	-89.53	-23.376	-2.016	0	0	0	0	5	55	-88.236	-36.778	-0.687	0	0	0	0	6	55	-86.242	-30.315	9.961	0	0	0	0	7	55	-84.539	-31.156	-11.546	0	0	0	0	8	55	-88.26	-55.196	-3.32	0	0	0	0	9	55	-157.27	-4.224	1.107	0	0	0	0	10	55	3.746409E+28	-4.049206E+28	-3.252498E+28	0	0	0	0	1	0	-79.096	-19.595	0.977	5	5	5	4	2	0	-78.277	-10.303	0.035	5	5	5	1	0	0	-87.203	-5.704	-0.466	0	0	0	0	54579299	54579308	54579308
3915	0	0	4	55	-89.287	-23.202	-1.759	0	0	0	0	5	55	-87.973	-36.622	-0.641	0	0	0	0	6	55	-86.068	-30.146	10.118	0	0	0	0	7	55	-84.241	-30.606	-11.48	0	0	0	0	8	55	-88.052	-55.213	-3.225	0	0	0	0	9	55	-156.891	-3.897	1.189	0	0	0	0	10	55	3.741063E+28	-4.056136E+28	-3.250015E+28	0	0	0	0	1	0	-79.096	-19.595	0.977	5	5	5	4	2	0	-78.277	-10.303	0.035	5	5	5	1	0	0	-87.203	-5.704	-0.466	0	0	0	0	54579316	54579325	54579325
3932	0	0	4	55	-89.151	-23.118	-1.685	0	0	0	0	5	55	-87.625	-36.554	-0.633	0	0	0	0	6	55	-85.962	-30.033	10.148	0	0	0	0	7	55	-84.03	-30.454	-11.42	0	0	0	0	8	55	-87.916	-55.212	-3.274	0	0	0	0	9	55	-156.694	-3.651	1.206	0	0	0	0	10	55	3.737522E+28	-4.057546E+28	-3.252329E+28	0	0	0	0	1	0	-79.096	-19.595	0.977	5	5	5	4	2	0	-78.277	-10.303	0.035	5	5	5	1	0	0	-87.203	-5.704	-0.466	0	0	0	0	54579334	54579342	0
3932	0	0	4	55	-88.853	-23.051	-1.537	0	0	0	0	5	55	-87.279	-36.499	-0.598	0	0	0	0	6	55	-85.749	-30.065	10.22	0	0	0	0	7	55	-83.758	-30.456	-11.552	0	0	0	0	8	55	-87.72	-55.219	-3.131	0	0	0	0	9	55	-156.445	-3.613	1.265	0	0	0	0	10	55	3.736203E+28	-4.057709E+28	-3.253642E+28	0	0	0	0	1	0	-79.096	-19.595	0.977	5	5	5	4	2	0	-78.277	-10.303	0.035	5	5	5	1	0	0	-87.203	-5.704	-0.466	0	0	0	0	54579334	54579342	54579342
3948	0	0	4	55	-88.577	-22.951	-1.415	0	0	0	0	5	55	-86.956	-36.484	-0.5	0	0	0	0	6	55	-85.486	-30.008	10.375	0	0	0	0	7	55	-83.552	-30.721	-11.494	0	0	0	0	8	55	-87.655	-55.097	-3.1	0	0	0	0	9	55	-156.103	-3.451	1.334	0	0	0	0	10	55	3.735513E+28	-4.055885E+28	-3.256707E+28	0	0	0	0	1	0	-79.096	-19.595	0.977	5	5	5	4	2	0	-78.277	-10.303	0.035	5	5	5	1	0	0	-87.203	-5.704	-0.466	0	0	0	0	54579350	54579358	0
3949	0	0	4	55	-88.577	-22.951	-1.415	0	0	0	0	5	55	-86.956	-36.484	-0.5	0	0	0	0	6	55	-85.486	-30.008	10.375	0	0	0	0	7	55	-83.552	-30.721	-11.494	0	0	0	0	8	55	-87.655	-55.097	-3.1	0	0	0	0	9	55	-156.103	-3.451	1.334	0	0	0	0	10	55	3.735513E+28	-4.055885E+28	-3.256707E+28	0	0	0	0	1	0	-79.096	-19.595	0.977	5	5	5	4	2	0	-78.277	-10.303	0.035	5	5	5	1	0	0	-87.203	-5.704	-0.466	0	0	0	0	54579350	54579359	54579359
3965	0	0	4	55	-88.147	-22.71	-1.411	0	0	0	0	5	55	-86.459	-36.347	-0.574	0	0	0	0	6	55	-85.151	-29.891	10.512	0	0	0	0	7	55	-83.237	-30.696	-11.509	0	0	0	0	8	55	-87.512	-54.915	-3.021	0	0	0	0	9	55	-155.557	-2.926	1.506	0	0	0	0	10	55	3.730297E+28	-4.059464E+28	-3.258224E+28	0	0	0	0	1	0	-79.096	-19.595	0.977	5	5	5	4	2	0	-78.277	-10.303	0.035	5	5	5	1	0	0	-87.203	-5.704	-0.466	0	0	0	0	54579366	54579375	54579375
3982	0	0	4	55	-87.851	-22.774	-1.501	0	0	0	0	5	55	-86.224	-36.451	-0.438	0	0	0	0	6	55	-85.027	-29.97	10.475	0	0	0	0	7	55	-83.118	-30.459	-11.487	0	0	0	0	8	55	-87.471	-55.004	-3.012	0	0	0	0	9	55	-155.284	-2.846	1.567	0	0	0	0	10	55	3.734767E+28	-4.055041E+28	-3.258611E+28	0	0	0	0	1	0	-79.096	-19.595	0.977	5	5	5	4	2	0	-78.277	-10.303	0.035	5	5	5	1	0	0	-87.203	-5.704	-0.466	0	0	0	0	54579384	54579392	0
3982	0	0	4	55	-87.69	-22.952	-1.373	0	0	0	0	5	55	-85.866	-36.722	-0.509	0	0	0	0	6	55	-84.83	-30.181	10.463	0	0	0	0	7	55	-82.952	-30.472	-11.414	0	0	0	0	8	55	-87.226	-55.389	-2.96	0	0	0	0	9	55	-155.174	-3.065	1.405	0	0	0	0	10	55	3.748407E+28	-4.049417E+28	-3.249933E+28	0	0	0	0	1	0	-79.096	-19.595	0.977	5	5	5	4	2	0	-78.277	-10.303	0.035	5	5	5	1	0	0	-87.203	-5.704	-0.466	0	0	0	0	54579384	54579392	54579392
3998	0	0	4	55	-87.596	-22.992	-1.366	0	0	0	0	5	55	-85.674	-36.766	-0.462	0	0	0	0	6	55	-84.714	-30.278	10.433	0	0	0	0	7	55	-83.049	-30.308	-11.493	0	0	0	0	8	55	-87.351	-55.371	-3.065	0	0	0	0	9	55	-155.081	-3.051	1.301	0	0	0	0	10	55	3.750285E+28	-4.048678E+28	-3.248687E+28	0	0	0	0	1	0	-79.096	-19.595	0.977	5	5	5	4	2	0	-78.277	-10.303	0.035	5	5	5	1	0	0	-87.203	-5.704	-0.466	0	0	0	0	54579399	54579408	0
3999	0	0	4	55	-87.596	-22.992	-1.366	0	0	0	0	5	55	-85.674	-36.766	-0.462	0	0	0	0	6	55	-84.714	-30.278	10.433	0	0	0	0	7	55	-83.049	-30.308	-11.493	0	0	0	0	8	55	-87.351	-55.371	-3.065	0	0	0	0	9	55	-155.081	-3.051	1.301	0	0	0	0	10	55	3.750286E+28	-4.048677E+28	-3.248687E+28	0	0	0	0	1	0	-79.096	-19.595	0.977	5	5	5	4	2	0	-78.277	-10.303	0.035	5	5	5	1	0	0	-87.203	-5.704	-0.466	0	0	0	0	54579399	54579408	54579408
4015	0	0	4	55	-87.1	-22.946	-1.195	0	0	0	0	5	55	-85.42	-36.716	-0.276	0	0	0	0	6	55	-84.421	-30.26	10.612	0	0	0	0	7	55	-82.816	-30.651	-11.4	0	0	0	0	8	55	-87.435	-55.265	-2.91	0	0	0	0	9	55	-154.815	-2.753	1.667	0	0	0	0	10	55	3.749667E+28	-4.04493E+28	-3.254064E+28	0	0	0	0	1	0	-79.096	-19.595	0.977	5	5	5	4	2	0	-78.277	-10.303	0.035	5	5	5	1	0	0	-87.203	-5.704	-0.466	0	0	0	0	54579417	54579425	54579425
4032	0	0	4	55	-87.053	-22.971	-1.336	0	0	0	0	5	55	-85.323	-36.73	-0.242	0	0	0	0	6	55	-84.284	-30.322	10.611	0	0	0	0	7	55	-82.767	-30.428	-11.576	0	0	0	0	8	55	-87.41	-55.339	-2.95	0	0	0	0	9	55	-154.76	-2.728	1.606	0	0	0	0	10	55	3.747449E+28	-4.042144E+28	-3.260075E+28	0	0	0	0	1	0	-79.096	-19.595	0.977	5	5	5	4	2	0	-78.277	-10.303	0.035	5	5	5	1	0	0	-87.203	-5.704	-0.466	0	0	0	0	54579432	54579442	0
4032	0	0	4	55	-87.053	-22.971	-1.336	0	0	0	0	5	55	-85.323	-36.73	-0.242	0	0	0	0	6	55	-84.284	-30.322	10.611	0	0	0	0	7	55	-82.767	-30.428	-11.576	0	0	0	0	8	55	-87.41	-55.339	-2.95	0	0	0	0	9	55	-154.76	-2.728	1.606	0	0	0	0	10	55	3.747448E+28	-4.042145E+28	-3.260075E+28	0	0	0	0	1	0	-79.096	-19.595	0.977	5	5	5	4	2	0	-78.277	-10.303	0.035	5	5	5	1	0	0	-87.203	-5.704	-0.466	0	0	0	0	54579433	54579442	54579442
4049	0	0	4	55	-86.788	-22.897	-1.034	0	0	0	0	5	55	-84.978	-36.603	-0.104	0	0	0	0	6	55	-83.993	-30.278	10.76	0	0	0	0	7	55	-82.393	-29.982	-11.173	0	0	0	0	8	55	-87.09	-55.196	-2.804	0	0	0	0	9	55	-154.554	-2.722	1.675	0	0	0	0	10	55	3.749576E+28	-4.042598E+28	-3.257065E+28	0	0	0	0	1	0	-79.096	-19.595	0.977	5	5	5	4	2	0	-78.277	-10.303	0.035	5	5	5	1	0	0	-87.203	-5.704	-0.466	0	0	0	0	54579450	54579459	0
4049	0	0	4	55	-86.788	-22.897	-1.034	0	0	0	0	5	55	-84.978	-36.603	-0.104	0	0	0	0	6	55	-83.993	-30.278	10.76	0	0	0	0	7	55	-82.393	-29.982	-11.173	0	0	0	0	8	55	-87.09	-55.196	-2.804	0	0	0	0	9	55	-154.554	-2.722	1.675	0	0	0	0	10	55	3.749576E+28	-4.042599E+28	-3.257064E+28	0	0	0	0	1	0	-79.096	-19.595	0.977	5	5	5	4	2	0	-78.277	-10.303	0.035	5	5	5	1	0	0	-87.203	-5.704	-0.466	0	0	0	0	54579450	54579459	54579459
4065	0	0	4	55	-86.509	-22.826	-0.956	0	0	0	0	5	55	-84.556	-36.495	0.092	0	0	0	0	6	55	-83.808	-30.204	10.814	0	0	0	0	7	55	-82.26	-30.216	-11.524	0	0	0	0	8	55	-86.905	-55.067	-2.787	0	0	0	0	9	55	-154.514	-2.678	1.68	0	0	0	0	10	55	3.751937E+28	-4.042749E+28	-3.254157E+28	0	0	0	0	1	0	-79.096	-19.595	0.977	5	5	5	4	2	0	-78.277	-10.303	0.035	5	5	5	1	0	0	-87.203	-5.704	-0.466	0	0	0	0	54579467	54579475	54579475
4083	0	0	4	55	-86.507	-22.921	-0.846	0	0	0	0	5	55	-84.56	-36.636	-0.095	0	0	0	0	6	55	-83.775	-30.358	10.922	0	0	0	0	7	55	-82.31	-30.121	-11.211	0	0	0	0	8	55	-86.912	-55.238	-2.657	0	0	0	0	9	55	-154.433	-2.69	1.674	0	0	0	0	10	55	3.749275E+28	-4.042511E+28	-3.25752E+28	0	0	0	0	1	0	-79.096	-19.595	0.977	5	5	5	4	2	0	-78.277	-10.303	0.035	5	5	5	1	0	0	-87.203	-5.704	-0.466	0	0	0	0	54579484	54579493	0
4083	0	0	4	55	-86.267	-22.421	-0.789	0	0	0	0	5	55	-84.346	-36.249	0.138	0	0	0	0	6	55	-83.588	-29.903	11.067	0	0	0	0	7	55	-82.118	-29.968	-11.158	0	0	0	0	8	55	-86.989	-54.703	-2.514	0	0	0	0	9	55	-154.146	-1.966	1.997	0	0	0	0	10	55	3.733932E+28	-4.053651E+28	-3.261298E+28	0	0	0	0	1	0	-79.096	-19.595	0.977	5	5	5	4	2	0	-78.277	-10.303	0.035	5	5	5	1	0	0	-87.203	-5.704	-0.466	0	0	0	0	54579484	54579493	54579493
4098	0	0	4	55	-85.958	-22.381	-0.676	0	0	0	0	5	55	-84.136	-36.224	0.03	0	0	0	0	6	55	-83.44	-29.95	11.097	0	0	0	0	7	55	-82.006	-29.709	-11.278	0	0	0	0	8	55	-87.078	-54.576	-2.531	0	0	0	0	9	55	-153.937	-1.84	2.008	0	0	0	0	10	55	3.721199E+28	-4.056849E+28	-3.271858E+28	0	0	0	0	1	0	-79.096	-19.595	0.977	5	5	5	4	2	0	-78.277	-10.303	0.035	5	5	5	1	0	0	-87.203	-5.704	-0.466	0	0	0	0	54579500	54579508	0
4099	0	0	4	55	-85.958	-22.381	-0.676	0	0	0	0	5	55	-84.136	-36.224	0.03	0	0	0	0	6	55	-83.44	-29.95	11.097	0	0	0	0	7	55	-82.006	-29.709	-11.278	0	0	0	0	8	55	-87.078	-54.576	-2.531	0	0	0	0	9	55	-153.937	-1.84	2.008	0	0	0	0	10	55	3.721198E+28	-4.05685E+28	-3.271858E+28	0	0	0	0	1	0	-79.096	-19.595	0.977	5	5	5	4	2	0	-78.277	-10.303	0.035	5	5	5	1	0	0	-87.203	-5.704	-0.466	0	0	0	0	54579500	54579509	54579509
4115	0	0	4	55	-86.075	-22.471	-0.796	0	0	0	0	5	55	-84.209	-36.146	0.109	0	0	0	0	6	55	-83.379	-30.014	11.017	0	0	0	0	7	55	-82.167	-29.618	-11.183	0	0	0	0	8	55	-87.155	-54.516	-2.789	0	0	0	0	9	55	-153.854	-1.689	1.841	0	0	0	0	10	55	3.719519E+28	-4.055413E+28	-3.275546E+28	0	0	0	0	1	0	-79.096	-19.595	0.977	5	5	5	4	2	0	-78.277	-10.303	0.035	5	5	5	1	0	0	-87.203	-5.704	-0.466	0	0	0	0	54579517	54579525	54579525
4132	0	0	4	55	-85.962	-22.699	-0.808	0	0	0	0	5	55	-84.074	-36.413	0.143	0	0	0	0	6	55	-83.515	-30.19	11.02	0	0	0	0	7	55	-81.921	-30.071	-11.363	0	0	0	0	8	55	-87.051	-54.83	-2.604	0	0	0	0	9	55	-153.853	-2.02	1.839	0	0	0	0	10	55	3.736069E+28	-4.049136E+28	-3.264457E+28	0	0	0	0	1	0	-79.096	-19.595	0.977	5	5	5	4	2	0	-78.277	-10.303	0.035	5	5	5	1	0	0	-87.203	-5.704	-0.466	0	0	0	0	54579532	54579542	0
4132	0	0	4	55	-85.962	-22.699	-0.808	0	0	0	0	5	55	-84.074	-36.413	0.143	0	0	0	0	6	55	-83.515	-30.19	11.02	0	0	0	0	7	55	-81.921	-30.071	-11.363	0	0	0	0	8	55	-87.051	-54.83	-2.604	0	0	0	0	9	55	-153.853	-2.02	1.839	0	0	0	0	10	55	3.736068E+28	-4.049137E+28	-3.264457E+28	0	0	0	0	1	0	-79.096	-19.595	0.977	5	5	5	4	2	0	-78.277	-10.303	0.035	5	5	5	1	0	0	-87.203	-5.704	-0.466	0	0	0	0	54579534	54579542	54579542
4149	0	0	4	55	-85.865	-22.734	-0.869	0	0	0	0	5	55	-84.063	-36.448	0.069	0	0	0	0	6	55	-83.448	-30.273	10.911	0	0	0	0	7	55	-81.942	-29.888	-11.166	0	0	0	0	8	55	-86.948	-54.938	-2.688	0	0	0	0	9	55	-153.642	-2.065	1.732	0	0	0	0	10	55	3.745714E+28	-4.043041E+28	-3.260957E+28	0	0	0	0	1	0	-79.096	-19.595	0.977	5	5	5	4	2	0	-78.277	-10.303	0.035	5	5	5	1	0	0	-87.203	-5.704	-0.466	0	0	0	0	54579551	54579558	0
4149	0	0	4	55	-85.865	-22.734	-0.869	0	0	0	0	5	55	-84.063	-36.448	0.069	0	0	0	0	6	55	-83.448	-30.273	10.911	0	0	0	0	7	55	-81.942	-29.888	-11.166	0	0	0	0	8	55	-86.948	-54.938	-2.688	0	0	0	0	9	55	-153.642	-2.065	1.732	0	0	0	0	10	55	3.745714E+28	-4.043041E+28	-3.260957E+28	0	0	0	0	1	0	-79.096	-19.595	0.977	5	5	5	4	2	0	-78.277	-10.303	0.035	5	5	5	1	0	0	-87.203	-5.704	-0.466	0	0	0	0	54579551	54579559	54579559
4165	0	0	4	55	-85.98	-23.015	-0.955	0	0	0	0	5	55	-84.131	-36.753	0.011	0	0	0	0	6	55	-83.565	-30.556	10.722	0	0	0	0	7	55	-82.123	-30.51	-11.583	0	0	0	0	8	55	-87.144	-55.183	-3.006	0	0	0	0	9	55	-153.923	-2.341	1.466	0	0	0	0	10	55	3.762416E+28	-4.021079E+28	-3.268875E+28	0	0	0	0	1	0	-79.096	-19.595	0.977	5	5	5	4	2	0	-78.277	-10.303	0.035	5	5	5	1	0	0	-87.203	-5.704	-0.466	0	0	0	0	54579566	54579575	54579575
4182	0	0	4	55	-85.82	-23.029	-1.031	0	0	0	0	5	55	-83.905	-36.927	-0.06	0	0	0	0	6	55	-83.385	-30.688	10.759	0	0	0	0	7	55	-82.054	-30.627	-11.737	0	0	0	0	8	55	-86.98	-55.277	-2.966	0	0	0	0	9	55	-153.856	-2.265	1.588	0	0	0	0	10	55	3.763854E+28	-4.015854E+28	-3.273639E+28	0	0	0	0	1	0	-79.096	-19.595	0.977	5	5	5	4	2	0	-78.277	-10.303	0.035	5	5	5	1	0	0	-87.203	-5.704	-0.466	0	0	0	0	54579584	54579592	0
4182	0	0	4	55	-85.718	-22.862	-1.039	0	0	0	0	5	55	-83.819	-36.698	-0.158	0	0	0	0	6	55	-83.224	-30.49	10.808	0	0	0	0	7	55	-81.713	-30.339	-11.765	0	0	0	0	8	55	-86.858	-55.048	-3.002	0	0	0	0	9	55	-153.595	-2.066	1.509	0	0	0	0	10	55	3.75967E+28	-4.023309E+28	-3.26929E+28	0	0	0	0	1	0	-79.096	-19.595	0.977	5	5	5	4	2	0	-78.277	-10.303	0.035	5	5	5	1	0	0	-87.203	-5.704	-0.466	0	0	0	0	54579584	54579592	54579592
4198	0	0	4	55	-85.63	-22.843	-0.877	0	0	0	0	5	55	-83.729	-36.602	0.188	0	0	0	0	6	55	-83.073	-30.462	10.973	0	0	0	0	7	55	-81.702	-30.062	-11.419	0	0	0	0	8	55	-86.854	-54.862	-2.915	0	0	0	0	9	55	-153.45	-2.054	1.635	0	0	0	0	10	55	3.760001E+28	-4.027294E+28	-3.263999E+28	0	0	0	0	1	0	-79.096	-19.595	0.977	5	5	5	4	2	0	-78.277	-10.303	0.035	5	5	5	1	0	0	-87.203	-5.704	-0.466	0	0	0	0	54579599	54579608	0
4199	0	0	4	55	-85.63	-22.843	-0.877	0	0	0	0	5	55	-83.729	-36.602	0.188	0	0	0	0	6	55	-83.073	-30.462	10.973	0	0	0	0	7	55	-81.702	-30.062	-11.419	0	0	0	0	8	55	-86.854	-54.862	-2.915	0	0	0	0	9	55	-153.45	-2.054	1.635	0	0	0	0	10	55	3.760001E+28	-4.027293E+28	-3.264001E+28	0	0	0	0	1	0	-79.096	-19.595	0.977	5	5	5	4	2	0	-78.277	-10.303	0.035	5	5	5	1	0	0	-87.203	-5.704	-0.466	0	0	0	0	54579600	54579609	54579609
4216	0	0	4	55	-85.513	-22.898	-0.946	0	0	0	0	5	55	-83.508	-36.733	-0.08	0	0	0	0	6	55	-83.088	-30.547	10.869	0	0	0	0	7	55	-81.54	-30.208	-11.414	0	0	0	0	8	55	-86.795	-54.988	-2.936	0	0	0	0	9	55	-153.502	-2.031	1.618	0	0	0	0	10	55	3.763291E+28	-4.022137E+28	-3.266565E+28	0	0	0	0	1	0	-79.096	-19.595	0.977	5	5	5	4	2	0	-78.277	-10.303	0.035	5	5	5	1	0	0	-87.203	-5.704	-0.466	0	0	0	0	54579618	54579626	54579626
4232	0	0	4	55	-85.476	-22.885	-0.847	0	0	0	0	5	55	-83.58	-36.574	0.042	0	0	0	0	6	55	-83.116	-30.445	10.911	0	0	0	0	7	55	-81.65	-30.112	-11.443	0	0	0	0	8	55	-86.796	-54.999	-2.954	0	0	0	0	9	55	-153.492	-1.856	1.756	0	0	0	0	10	55	3.764525E+28	-4.020889E+28	-3.266681E+28	0	0	0	0	1	0	-79.096	-19.595	0.977	5	5	5	4	2	0	-78.277	-10.303	0.035	5	5	5	1	0	0	-87.203	-5.704	-0.466	0	0	0	0	54579632	54579642	0
4232	0	0	4	55	-85.476	-22.885	-0.847	0	0	0	0	5	55	-83.58	-36.574	0.042	0	0	0	0	6	55	-83.116	-30.445	10.911	0	0	0	0	7	55	-81.65	-30.112	-11.443	0	0	0	0	8	55	-86.796	-54.999	-2.954	0	0	0	0	9	55	-153.492	-1.856	1.756	0	0	0	0	10	55	3.764524E+28	-4.02089E+28	-3.26668E+28	0	0	0	0	1	0	-79.096	-19.595	0.977	5	5	5	4	2	0	-78.277	-10.303	0.035	5	5	5	1	0	0	-87.203	-5.704	-0.466	0	0	0	0	54579632	54579642	54579642
4248	0	0	4	55	-85.472	-22.672	-0.598	0	0	0	0	5	55	-83.817	-36.051	0.068	0	0	0	0	6	55	-83.002	-30.395	11.129	0	0	0	0	7	55	-81.577	-30.03	-11.104	0	0	0	0	8	55	-86.974	-54.393	-2.834	0	0	0	0	9	55	-153.353	-1.666	2.066	0	0	0	0	10	55	3.757418E+28	-4.019011E+28	-3.277157E+28	0	0	0	0	1	0	-79.096	-19.595	0.977	5	5	5	4	2	0	-78.277	-10.303	0.035	5	5	5	1	0	0	-87.203	-5.704	-0.466	0	0	0	0	54579649	54579658	0
4248	0	0	4	55	-85.472	-22.672	-0.598	0	0	0	0	5	55	-83.817	-36.051	0.068	0	0	0	0	6	55	-83.002	-30.395	11.129	0	0	0	0	7	55	-81.577	-30.03	-11.104	0	0	0	0	8	55	-86.974	-54.393	-2.834	0	0	0	0	9	55	-153.353	-1.666	2.066	0	0	0	0	10	55	3.757418E+28	-4.019012E+28	-3.277157E+28	0	0	0	0	1	0	-79.096	-19.595	0.977	5	5	5	4	2	0	-78.277	-10.303	0.035	5	5	5	1	0	0	-87.203	-5.704	-0.466	0	0	0	0	54579650	54579658	54579658
4265	0	0	4	55	-85.605	-23.237	-0.821	0	0	0	0	5	55	-83.72	-37.061	0.03	0	0	0	0	6	55	-83.271	-30.805	10.993	0	0	0	0	7	55	-81.67	-30.265	-11.395	0	0	0	0	8	55	-86.9	-55.446	-2.833	0	0	0	0	9	55	-153.918	-2.338	1.801	0	0	0	0	10	55	3.777245E+28	-3.998989E+28	-3.278856E+28	0	0	0	0	1	0	-79.096	-19.595	0.977	5	5	5	4	2	0	-78.277	-10.303	0.035	5	5	5	1	0	0	-87.203	-5.704	-0.466	0	0	0	0	54579667	54579675	54579675
4282	0	0	4	55	-85.401	-22.635	-0.49	0	0	0	0	5	55	-83.378	-36.525	0.345	0	0	0	0	6	55	-83.002	-30.326	11.225	0	0	0	0	7	55	-81.492	-29.801	-11.086	0	0	0	0	8	55	-86.761	-54.872	-2.575	0	0	0	0	9	55	-153.462	-1.499	2.121	0	0	0	0	10	55	3.754998E+28	-4.014424E+28	-3.285541E+28	0	0	0	0	1	0	-79.096	-19.595	0.977	5	5	5	4	2	0	-78.277	-10.303	0.035	5	5	5	1	0	0	-87.203	-5.704	-0.466	0	0	0	0	54579683	54579692	0
4282	0	0	4	55	-85.401	-22.635	-0.49	0	0	0	0	5	55	-83.378	-36.525	0.345	0	0	0	0	6	55	-83.002	-30.326	11.225	0	0	0	0	7	55	-81.492	-29.801	-11.086	0	0	0	0	8	55	-86.761	-54.872	-2.574	0	0	0	0	9	55	-153.462	-1.499	2.121	0	0	0	0	10	55	3.754998E+28	-4.014425E+28	-3.28554E+28	0	0	0	0	1	0	-79.096	-19.595	0.977	5	5	5	4	2	0	-78.277	-10.303	0.035	5	5	5	1	0	0	-87.203	-5.704	-0.466	0	0	0	0	54579683	54579692	54579692
4298	0	0	4	55	-85.285	-22.669	-0.658	0	0	0	0	5	55	-83.455	-36.542	0.296	0	0	0	0	6	55	-82.997	-30.391	11.181	0	0	0	0	7	55	-81.662	-29.842	-11.124	0	0	0	0	8	55	-86.611	-54.862	-2.592	0	0	0	0	9	55	-153.581	-1.622	2.043	0	0	0	0	10	55	3.758954E+28	-4.008589E+28	-3.288142E+28	0	0	0	0	1	0	-79.096	-19.595	0.977	5	5	5	4	2	0	-78.277	-10.303	0.035	5	5	5	1	0	0	-87.203	-5.704	-0.466	0	0	0	0	54579700	54579708	0
4299	0	0	4	55	-85.285	-22.669	-0.658	0	0	0	0	5	55	-83.455	-36.542	0.296	0	0	0	0	6	55	-82.997	-30.391	11.181	0	0	0	0	7	55	-81.662	-29.842	-11.124	0	0	0	0	8	55	-86.611	-54.862	-2.592	0	0	0	0	9	55	-153.581	-1.622	2.043	0	0	0	0	10	55	3.758952E+28	-4.008589E+28	-3.288143E+28	0	0	0	0	1	0	-79.096	-19.595	0.977	5	5	5	4	2	0	-78.277	-10.303	0.035	5	5	5	1	0	0	-87.203	-5.704	-0.466	0	0	0	0	54579700	54579709	54579709
4315	0	0	4	55	-85.306	-22.704	-0.567	0	0	0	0	5	55	-83.394	-36.504	0.344	0	0	0	0	6	55	-83.064	-30.389	11.194	0	0	0	0	7	55	-81.685	-30.264	-11.315	0	0	0	0	8	55	-86.765	-54.608	-2.792	0	0	0	0	9	55	-153.691	-1.516	2.036	0	0	0	0	10	55	3.756027E+28	-4.012832E+28	-3.286311E+28	0	0	0	0	1	0	-79.096	-19.595	0.977	5	5	5	4	2	0	-78.277	-10.303	0.035	5	5	5	1	0	0	-87.203	-5.704	-0.466	0	0	0	0	54579717	54579725	54579725
4332	0	0	4	55	-85.467	-22.779	-0.572	0	0	0	0	5	55	-83.526	-36.58	0.242	0	0	0	0	6	55	-83.277	-30.539	11.103	0	0	0	0	7	55	-81.777	-29.413	-11.347	0	0	0	0	8	55	-86.884	-54.817	-2.953	0	0	0	0	9	55	-153.943	-1.61	2.065	0	0	0	0	10	55	3.757417E+28	-3.995675E+28	-3.30557E+28	0	0	0	0	1	0	-79.096	-19.595	0.977	5	5	5	4	2	0	-78.277	-10.303	0.035	5	5	5	1	0	0	-87.203	-5.704	-0.466	0	0	0	0	54579734	54579742	0
4332	0	0	4	55	-85.467	-22.779	-0.572	0	0	0	0	5	55	-83.526	-36.58	0.242	0	0	0	0	6	55	-83.277	-30.539	11.103	0	0	0	0	7	55	-81.777	-29.413	-11.347	0	0	0	0	8	55	-86.884	-54.817	-2.953	0	0	0	0	9	55	-153.943	-1.61	2.065	0	0	0	0	10	55	3.757418E+28	-3.995675E+28	-3.305569E+28	0	0	0	0	1	0	-79.096	-19.595	0.977	5	5	5	4	2	0	-78.277	-10.303	0.035	5	5	5	1	0	0	-87.203	-5.704	-0.466	0	0	0	0	54579734	54579742	54579742
4348	0	0	4	55	-85.44	-22.575	-0.54	0	0	0	0	5	55	-83.41	-36.452	0.229	0	0	0	0	6	55	-83.228	-30.383	11.12	0	0	0	0	7	55	-81.621	-29.364	-11.314	0	0	0	0	8	55	-86.8	-54.608	-2.896	0	0	0	0	9	55	-153.892	-1.406	1.957	0	0	0	0	10	55	3.748746E+28	-4.003632E+28	-3.305786E+28	0	0	0	0	1	0	-79.096	-19.595	0.977	5	5	5	4	2	0	-78.277	-10.303	0.035	5	5	5	1	0	0	-87.203	-5.704	-0.466	0	0	0	0	54579750	54579758	0
4349	0	0	4	55	-85.44	-22.575	-0.54	0	0	0	0	5	55	-83.41	-36.452	0.229	0	0	0	0	6	55	-83.228	-30.383	11.12	0	0	0	0	7	55	-81.621	-29.364	-11.314	0	0	0	0	8	55	-86.8	-54.608	-2.896	0	0	0	0	9	55	-153.892	-1.406	1.957	0	0	0	0	10	55	3.748746E+28	-4.003633E+28	-3.305787E+28	0	0	0	0	1	0	-79.096	-19.595	0.977	5	5	5	4	2	0	-78.277	-10.303	0.035	5	5	5	1	0	0	-87.203	-5.704	-0.466	0	0	0	0	54579750	54579759	54579759
4365	0	0	4	55	-85.279	-22.803	-0.629	0	0	0	0	5	55	-83.393	-36.638	0.262	0	0	0	0	6	55	-83.167	-30.584	11.186	0	0	0	0	7	55	-81.827	-29.892	-11.356	0	0	0	0	8	55	-86.573	-54.826	-2.908	0	0	0	0	9	55	-153.727	-1.409	1.979	0	0	0	0	10	55	3.756187E+28	-3.999058E+28	-3.302877E+28	0	0	0	0	1	0	-79.096	-19.595	0.977	5	5	5	4	2	0	-78.277	-10.303	0.035	5	5	5	1	0	0	-87.203	-5.704	-0.466	0	0	0	0	54579766	54579775	54579775
4382	0	0	4	55	-85.361	-22.667	-0.617	0	0	0	0	5	55	-83.308	-36.527	0.34	0	0	0	0	6	55	-83.175	-30.507	11.218	0	0	0	0	7	55	-81.588	-30.066	-11.223	0	0	0	0	8	55	-86.289	-54.966	-2.949	0	0	0	0	9	55	-153.736	-1.389	1.978	0	0	0	0	10	55	3.756408E+28	-4.001326E+28	-3.299877E+28	0	0	0	0	1	0	-79.096	-19.595	0.977	5	5	5	4	2	0	-78.277	-10.303	0.035	5	5	5	1	0	0	-87.203	-5.704	-0.466	0	0	0	0	54579782	54579792	0
4382	0	0	4	55	-85.361	-22.667	-0.617	0	0	0	0	5	55	-83.308	-36.527	0.34	0	0	0	0	6	55	-83.175	-30.507	11.218	0	0	0	0	7	55	-81.588	-30.066	-11.223	0	0	0	0	8	55	-86.289	-54.966	-2.949	0	0	0	0	9	55	-153.736	-1.389	1.978	0	0	0	0	10	55	3.756408E+28	-4.001325E+28	-3.299877E+28	0	0	0	0	1	0	-79.096	-19.595	0.977	5	5	5	4	2	0	-78.277	-10.303	0.035	5	5	5	1	0	0	-87.203	-5.704	-0.466	0	0	0	0	54579782	54579792	54579792
4398	0	0	4	55	-85.395	-22.489	-0.548	0	0	0	0	5	55	-83.312	-36.372	0.23	0	0	0	0	6	55	-83.325	-30.295	11.162	0	0	0	0	7	55	-81.9	-29.383	-11.095	0	0	0	0	8	55	-86.155	-54.732	-2.994	0	0	0	0	9	55	-153.751	-1.228	2.091	0	0	0	0	10	55	3.745734E+28	-4.000214E+28	-3.313331E+28	0	0	0	0	1	0	-79.096	-19.595	0.977	5	5	5	4	2	0	-78.277	-10.303	0.035	5	5	5	1	0	0	-87.203	-5.704	-0.466	0	0	0	0	54579800	54579808	0
4399	0	0	4	55	-85.395	-22.489	-0.548	0	0	0	0	5	55	-83.312	-36.372	0.23	0	0	0	0	6	55	-83.325	-30.295	11.162	0	0	0	0	7	55	-81.9	-29.383	-11.095	0	0	0	0	8	55	-86.155	-54.732	-2.994	0	0	0	0	9	55	-153.751	-1.228	2.091	0	0	0	0	10	55	3.745733E+28	-4.000213E+28	-3.313332E+28	0	0	0	0	1	0	-79.096	-19.595	0.977	5	5	5	4	2	0	-78.277	-10.303	0.035	5	5	5	1	0	0	-87.203	-5.704	-0.466	0	0	0	0	54579800	54579809	54579809
4415	0	0	4	55	-85.364	-22.419	-0.505	0	0	0	0	5	55	-83.068	-36.405	0.294	0	0	0	0	6	55	-83.254	-30.288	11.231	0	0	0	0	7	55	-81.857	-29.396	-11.191	0	0	0	0	8	55	-85.897	-54.796	-2.948	0	0	0	0	9	55	-153.716	-1.244	2.088	0	0	0	0	10	55	3.743741E+28	-4.003977E+28	-3.311036E+28	0	0	0	0	1	0	-79.096	-19.595	0.977	5	5	5	4	2	0	-78.277	-10.303	0.035	5	5	5	1	0	0	-87.203	-5.704	-0.466	0	0	0	0	54579816	54579825	54579825
4432	0	0	4	55	-85.328	-22.541	-0.604	0	0	0	0	5	55	-83.04	-36.504	0.275	0	0	0	0	6	55	-83.171	-30.403	11.213	0	0	0	0	7	55	-81.763	-29.492	-11.407	0	0	0	0	8	55	-85.567	-55.082	-2.937	0	0	0	0	9	55	-153.698	-1.435	1.958	0	0	0	0	10	55	3.750654E+28	-4.008197E+28	-3.298082E+28	0	0	0	0	1	0	-79.096	-19.595	0.977	5	5	5	4	2	0	-78.277	-10.303	0.035	5	5	5	1	0	0	-87.203	-5.704	-0.466	0	0	0	0	54579833	54579842	0
4432	0	0	4	55	-85.328	-22.541	-0.604	0	0	0	0	5	55	-83.04	-36.504	0.275	0	0	0	0	6	55	-83.171	-30.403	11.213	0	0	0	0	7	55	-81.763	-29.492	-11.407	0	0	0	0	8	55	-85.567	-55.082	-2.937	0	0	0	0	9	55	-153.698	-1.435	1.958	0	0	0	0	10	55	3.750654E+28	-4.008196E+28	-3.298084E+28	0	0	0	0	1	0	-79.096	-19.595	0.977	5	5	5	4	2	0	-78.277	-10.303	0.035	5	5	5	1	0	0	-87.203	-5.704	-0.466	0	0	0	0	54579833	54579842	54579842
4449	0	0	4	55	-85.412	-22.504	-0.661	0	0	0	0	5	55	-82.971	-36.433	0.319	0	0	0	0	6	55	-83.266	-30.33	11.141	0	0	0	0	7	55	-81.642	-29.42	-11.164	0	0	0	0	8	55	-85.575	-55.001	-3.017	0	0	0	0	9	55	-153.842	-1.489	1.93	0	0	0	0	10	55	3.747535E+28	-4.009006E+28	-3.300643E+28	0	0	0	0	1	0	-79.096	-19.595	0.977	5	5	5	4	2	0	-78.277	-10.303	0.035	5	5	5	1	0	0	-87.203	-5.704	-0.466	0	0	0	0	54579849	54579859	0
4449	0	0	4	55	-85.412	-22.504	-0.661	0	0	0	0	5	55	-82.971	-36.433	0.319	0	0	0	0	6	55	-83.266	-30.33	11.141	0	0	0	0	7	55	-81.642	-29.42	-11.164	0	0	0	0	8	55	-85.575	-55.001	-3.017	0	0	0	0	9	55	-153.842	-1.489	1.93	0	0	0	0	10	55	3.747536E+28	-4.009007E+28	-3.300642E+28	0	0	0	0	1	0	-79.096	-19.595	0.977	5	5	5	4	2	0	-78.277	-10.303	0.035	5	5	5	1	0	0	-87.203	-5.704	-0.466	0	0	0	0	54579849	54579859	54579859
4465	0	0	4	55	-85.394	-22.49	-0.596	0	0	0	0	5	55	-83.041	-36.491	0.453	0	0	0	0	6	55	-83.283	-30.376	11.189	0	0	0	0	7	55	-81.714	-29.477	-11.239	0	0	0	0	8	55	-85.44	-55.162	-2.798	0	0	0	0	9	55	-153.833	-1.453	2.098	0	0	0	0	10	55	3.740515E+28	-4.010938E+28	-3.306253E+28	0	0	0	0	1	0	-79.096	-19.595	0.977	5	5	5	4	2	0	-78.277	-10.303	0.035	5	5	5	1	0	0	-87.203	-5.704	-0.466	0	0	0	0	54579866	54579875	54579875
4482	0	0	4	55	-85.405	-22.562	-0.613	0	0	0	0	5	55	-83.005	-36.541	0.26	0	0	0	0	6	55	-83.337	-30.468	11.171	0	0	0	0	7	55	-81.653	-29.52	-11.295	0	0	0	0	8	55	-85.58	-55.103	-2.915	0	0	0	0	9	55	-153.732	-1.445	2.08	0	0	0	0	10	55	3.743682E+28	-4.010111E+28	-3.303672E+28	0	0	0	0	1	0	-79.096	-19.595	0.977	5	5	5	4	2	0	-78.277	-10.303	0.035	5	5	5	1	0	0	-87.203	-5.704	-0.466	0	0	0	0	54579883	54579892	0
4482	0	0	4	55	-85.405	-22.562	-0.613	0	0	0	0	5	55	-83.005	-36.541	0.26	0	0	0	0	6	55	-83.337	-30.468	11.171	0	0	0	0	7	55	-81.653	-29.52	-11.295	0	0	0	0	8	55	-85.58	-55.103	-2.915	0	0	0	0	9	55	-153.732	-1.445	2.08	0	0	0	0	10	55	3.743682E+28	-4.010111E+28	-3.303671E+28	0	0	0	0	1	0	-79.096	-19.595	0.977	5	5	5	4	2	0	-78.277	-10.303	0.035	5	5	5	1	0	0	-87.203	-5.704	-0.466	0	0	0	0	54579883	54579892	54579892
4498	0	0	4	55	-85.234	-22.724	-0.53	0	0	0	0	5	55	-82.873	-36.631	0.36	0	0	0	0	6	55	-83.169	-30.571	11.319	0	0	0	0	7	55	-81.622	-29.596	-11.092	0	0	0	0	8	55	-85.337	-55.158	-2.828	0	0	0	0	9	55	-153.651	-1.436	2.035	0	0	0	0	10	55	3.738849E+28	-4.019597E+28	-3.297611E+28	0	0	0	0	1	0	-79.096	-19.595	0.977	5	5	5	4	2	0	-78.277	-10.303	0.035	5	5	5	1	0	0	-87.203	-5.704	-0.466	0	0	0	0	54579900	54579908	0
4498	0	0	4	55	-85.234	-22.724	-0.53	0	0	0	0	5	55	-82.873	-36.631	0.36	0	0	0	0	6	55	-83.169	-30.571	11.319	0	0	0	0	7	55	-81.622	-29.596	-11.092	0	0	0	0	8	55	-85.337	-55.158	-2.828	0	0	0	0	9	55	-153.651	-1.436	2.035	0	0	0	0	10	55	3.738848E+28	-4.019598E+28	-3.297612E+28	0	0	0	0	1	0	-79.096	-19.595	0.977	5	5	5	4	2	0	-78.277	-10.303	0.035	5	5	5	1	0	0	-87.203	-5.704	-0.466	0	0	0	0	54579900	54579908	54579908
4515	0	0	4	55	-85.091	-22.708	-0.631	0	0	0	0	5	55	-82.765	-36.661	0.373	0	0	0	0	6	55	-83.126	-30.649	11.31	0	0	0	0	7	55	-81.498	-29.633	-11.158	0	0	0	0	8	55	-85.199	-55.286	-2.856	0	0	0	0	9	55	-153.692	-1.467	1.883	0	0	0	0	10	55	3.73982E+28	-4.021978E+28	-3.293605E+28	0	0	0	0	1	0	-79.096	-19.595	0.977	5	5	5	4	2	0	-78.277	-10.303	0.035	5	5	5	1	0	0	-87.203	-5.704	-0.466	0	0	0	0	54579917	54579925	54579925
4532	0	0	4	55	-85.066	-22.721	-0.545	0	0	0	0	5	55	-82.792	-36.596	0.35	0	0	0	0	6	55	-83.091	-30.601	11.374	0	0	0	0	7	55	-81.472	-29.678	-11.079	0	0	0	0	8	55	-85.224	-55.19	-2.777	0	0	0	0	9	55	-153.67	-1.397	1.94	0	0	0	0	10	55	3.734623E+28	-4.026384E+28	-3.294119E+28	0	0	0	0	1	0	-79.096	-19.595	0.977	5	5	5	4	2	0	-78.277	-10.303	0.035	5	5	5	1	0	0	-87.203	-5.704	-0.466	0	0	0	0	54579934	54579942	0
4532	0	0	4	55	-85.072	-22.783	-0.461	0	0	0	0	5	55	-82.797	-36.629	0.38	0	0	0	0	6	55	-83.024	-30.677	11.309	0	0	0	0	7	55	-81.595	-29.603	-11.195	0	0	0	0	8	55	-85.279	-55.194	-2.769	0	0	0	0	9	55	-153.667	-1.408	1.947	0	0	0	0	10	55	3.733455E+28	-4.028004E+28	-3.293461E+28	0	0	0	0	1	0	-79.096	-19.595	0.977	5	5	5	4	2	0	-78.277	-10.303	0.035	5	5	5	1	0	0	-87.203	-5.704	-0.466	0	0	0	0	54579934	54579942	54579942
4548	0	0	4	55	-85.069	-22.73	-0.466	0	0	0	0	5	55	-82.767	-36.655	0.366	0	0	0	0	6	55	-83.064	-30.597	11.323	0	0	0	0	7	55	-81.585	-29.696	-11.224	0	0	0	0	8	55	-85.153	-55.323	-2.798	0	0	0	0	9	55	-153.629	-1.369	1.926	0	0	0	0	10	55	3.732367E+28	-4.03133E+28	-3.290625E+28	0	0	0	0	1	0	-79.096	-19.595	0.977	5	5	5	4	2	0	-78.277	-10.303	0.035	5	5	5	1	0	0	-87.203	-5.704	-0.466	0	0	0	0	54579950	54579958	0
4549	0	0	4	55	-85.069	-22.73	-0.466	0	0	0	0	5	55	-82.767	-36.655	0.366	0	0	0	0	6	55	-83.064	-30.597	11.323	0	0	0	0	7	55	-81.585	-29.696	-11.224	0	0	0	0	8	55	-85.153	-55.323	-2.798	0	0	0	0	9	55	-153.629	-1.369	1.926	0	0	0	0	10	55	3.732366E+28	-4.03133E+28	-3.290626E+28	0	0	0	0	1	0	-79.096	-19.595	0.977	5	5	5	4	2	0	-78.277	-10.303	0.035	5	5	5	1	0	0	-87.203	-5.704	-0.466	0	0	0	0	54579950	54579958	54579959
4565	0	0	4	55	-84.989	-22.729	-0.606	0	0	0	0	5	55	-82.7	-36.682	0.298	0	0	0	0	6	55	-82.975	-30.663	11.268	0	0	0	0	7	55	-81.454	-29.819	-11.299	0	0	0	0	8	55	-85.151	-55.263	-2.881	0	0	0	0	9	55	-153.558	-1.294	1.852	0	0	0	0	10	55	3.732496E+28	-4.033654E+28	-3.28763E+28	0	0	0	0	1	0	-79.096	-19.595	0.977	5	5	5	4	2	0	-78.277	-10.303	0.035	5	5	5	1	0	0	-87.203	-5.704	-0.466	0	0	0	0	54579967	54579975	54579975
4582	0	0	4	55	-84.869	-22.884	-0.605	0	0	0	0	5	55	-82.555	-36.788	0.412	0	0	0	0	6	55	-82.935	-30.808	11.248	0	0	0	0	7	55	-81.51	-29.855	-11.324	0	0	0	0	8	55	-85.177	-55.151	-2.91	0	0	0	0	9	55	-153.591	-1.378	1.885	0	0	0	0	10	55	3.73428E+28	-4.029788E+28	-3.290342E+28	0	0	0	0	1	0	-79.096	-19.595	0.977	5	5	5	4	2	0	-78.277	-10.303	0.035	5	5	5	1	0	0	-87.203	-5.704	-0.466	0	0	0	0	54579983	54579992	0
4582	0	0	4	55	-84.869	-22.884	-0.605	0	0	0	0	5	55	-82.555	-36.788	0.412	0	0	0	0	6	55	-82.935	-30.808	11.248	0	0	0	0	7	55	-81.51	-29.855	-11.324	0	0	0	0	8	55	-85.177	-55.151	-2.91	0	0	0	0	9	55	-153.591	-1.378	1.885	0	0	0	0	10	55	3.734279E+28	-4.029788E+28	-3.290343E+28	0	0	0	0	1	0	-79.096	-19.595	0.977	5	5	5	4	2	0	-78.277	-10.303	0.035	5	5	5	1	0	0	-87.203	-5.704	-0.466	0	0	0	0	54579983	54579992	54579992
4598	0	0	4	55	-84.801	-23.049	-0.775	0	0	0	0	5	55	-82.47	-36.965	0.325	0	0	0	0	6	55	-82.896	-30.954	11.152	0	0	0	0	7	55	-81.458	-30.024	-11.402	0	0	0	0	8	55	-85.162	-55.339	-2.871	0	0	0	0	9	55	-153.608	-1.53	1.729	0	0	0	0	10	55	3.743449E+28	-4.028969E+28	-3.280914E+28	0	0	0	0	1	0	-79.096	-19.595	0.977	5	5	5	4	2	0	-78.277	-10.303	0.035	5	5	5	1	0	0	-87.203	-5.704	-0.466	0	0	0	0	54580000	54580008	0
4598	0	0	4	55	-84.801	-23.049	-0.775	0	0	0	0	5	55	-82.47	-36.965	0.325	0	0	0	0	6	55	-82.896	-30.954	11.152	0	0	0	0	7	55	-81.458	-30.024	-11.402	0	0	0	0	8	55	-85.162	-55.339	-2.871	0	0	0	0	9	55	-153.608	-1.53	1.729	0	0	0	0	10	55	3.743449E+28	-4.028968E+28	-3.280915E+28	0	0	0	0	1	0	-79.096	-19.595	0.977	5	5	5	4	2	0	-78.277	-10.303	0.035	5	5	5	1	0	0	-87.203	-5.704	-0.466	0	0	0	0	54580000	54580008	54580008
4615	0	0	4	55	-84.596	-23.154	-0.838	0	0	0	0	5	55	-82.29	-37.072	0.254	0	0	0	0	6	55	-82.807	-31.001	11.104	0	0	0	0	7	55	-81.36	-30.047	-11.502	0	0	0	0	8	55	-85.102	-55.285	-2.946	0	0	0	0	9	55	-153.524	-1.532	1.663	0	0	0	0	10	55	3.747226E+28	-4.028291E+28	-3.277433E+28	0	0	0	0	1	0	-79.096	-19.595	0.977	5	5	5	4	2	0	-78.277	-10.303	0.035	5	5	5	1	0	0	-87.203	-5.704	-0.466	0	0	0	0	54580017	54580025	54580025
4632	0	0	4	55	-84.53	-23.178	-0.882	0	0	0	0	5	55	-82.276	-37.089	0.084	0	0	0	0	6	55	-82.738	-31.027	11.126	0	0	0	0	7	55	-81.17	-30.331	-11.493	0	0	0	0	8	55	-85.097	-55.281	-2.975	0	0	0	0	9	55	-153.533	-1.525	1.666	0	0	0	0	10	55	3.746943E+28	-4.026183E+28	-3.280345E+28	0	0	0	0	1	0	-79.096	-19.595	0.977	5	5	5	4	2	0	-78.277	-10.303	0.035	5	5	5	1	0	0	-87.203	-5.704	-0.466	0	0	0	0	54580033	54580042	0
4632	0	0	4	55	-84.53	-23.178	-0.882	0	0	0	0	5	55	-82.276	-37.089	0.084	0	0	0	0	6	55	-82.738	-31.027	11.126	0	0	0	0	7	55	-81.17	-30.331	-11.493	0	0	0	0	8	55	-85.097	-55.281	-2.975	0	0	0	0	9	55	-153.533	-1.525	1.666	0	0	0	0	10	55	3.746943E+28	-4.026183E+28	-3.280346E+28	0	0	0	0	1	0	-79.096	-19.595	0.977	5	5	5	4	2	0	-78.277	-10.303	0.035	5	5	5	1	0	0	-87.203	-5.704	-0.466	0	0	0	0	54580033	54580042	54580042
4648	0	0	4	55	-84.483	-23.164	-0.736	0	0	0	0	5	55	-82.178	-37.135	0.318	0	0	0	0	6	55	-82.793	-30.999	11.302	0	0	0	0	7	55	-81.113	-30.329	-11.504	0	0	0	0	8	55	-85.101	-55.153	-2.865	0	0	0	0	9	55	-153.544	-1.406	1.729	0	0	0	0	10	55	3.742355E+28	-4.032049E+28	-3.278378E+28	0	0	0	0	1	0	-79.096	-19.595	0.977	5	5	5	4	2	0	-78.277	-10.303	0.035	5	5	5	1	0	0	-87.203	-5.704	-0.466	0	0	0	0	54580050	54580058	0
4649	0	0	4	55	-84.483	-23.164	-0.736	0	0	0	0	5	55	-82.178	-37.135	0.318	0	0	0	0	6	55	-82.793	-30.999	11.302	0	0	0	0	7	55	-81.113	-30.329	-11.504	0	0	0	0	8	55	-85.101	-55.153	-2.865	0	0	0	0	9	55	-153.544	-1.406	1.729	0	0	0	0	10	55	3.742354E+28	-4.03205E+28	-3.278378E+28	0	0	0	0	1	0	-79.096	-19.595	0.977	5	5	5	4	2	0	-78.277	-10.303	0.035	5	5	5	1	0	0	-87.203	-5.704	-0.466	0	0	0	0	54580050	54580059	54580059
4665	0	0	4	55	-84.402	-23.282	-0.811	0	0	0	0	5	55	-82.251	-37.149	0.312	0	0	0	0	6	55	-82.726	-31.119	11.221	0	0	0	0	7	55	-81.146	-30.317	-11.36	0	0	0	0	8	55	-84.805	-55.422	-2.863	0	0	0	0	9	55	-153.574	-1.472	1.673	0	0	0	0	10	55	3.746015E+28	-4.030492E+28	-3.276111E+28	0	0	0	0	1	0	-79.096	-19.595	0.977	5	5	5	4	2	0	-78.277	-10.303	0.035	5	5	5	1	0	0	-87.203	-5.704	-0.466	0	0	0	0	54580067	54580075	54580075
4682	0	0	4	55	-84.384	-23.358	-0.699	0	0	0	0	5	55	-82.202	-37.193	0.443	0	0	0	0	6	55	-82.677	-31.059	11.359	0	0	0	0	7	55	-81.23	-30.216	-11.47	0	0	0	0	8	55	-84.754	-55.353	-2.778	0	0	0	0	9	55	-153.57	-1.477	1.688	0	0	0	0	10	55	3.746294E+28	-4.032719E+28	-3.27305E+28	0	0	0	0	1	0	-79.096	-19.595	0.977	5	5	5	4	2	0	-78.277	-10.303	0.035	5	5	5	1	0	0	-87.203	-5.704	-0.466	0	0	0	0	54580084	54580092	0
4682	0	0	4	55	-84.384	-23.358	-0.699	0	0	0	0	5	55	-82.202	-37.193	0.443	0	0	0	0	6	55	-82.677	-31.059	11.359	0	0	0	0	7	55	-81.23	-30.216	-11.47	0	0	0	0	8	55	-84.754	-55.353	-2.778	0	0	0	0	9	55	-153.57	-1.477	1.688	0	0	0	0	10	55	3.746293E+28	-4.032719E+28	-3.273051E+28	0	0	0	0	1	0	-79.096	-19.595	0.977	5	5	5	4	2	0	-78.277	-10.303	0.035	5	5	5	1	0	0	-87.203	-5.704	-0.466	0	0	0	0	54580084	54580092	54580092
4698	0	0	4	55	-84.304	-23.301	-0.768	0	0	0	0	5	55	-82.113	-37.188	0.389	0	0	0	0	6	55	-82.704	-31.018	11.406	0	0	0	0	7	55	-81.239	-30.829	-11.524	0	0	0	0	8	55	-84.739	-55.297	-2.703	0	0	0	0	9	55	-153.588	-1.374	1.768	0	0	0	0	10	55	3.741377E+28	-4.034792E+28	-3.276118E+28	0	0	0	0	1	0	-79.096	-19.595	0.977	5	5	5	4	2	0	-78.277	-10.303	0.035	5	5	5	1	0	0	-87.203	-5.704	-0.466	0	0	0	0	54580100	54580108	0
4699	0	0	4	55	-84.304	-23.301	-0.768	0	0	0	0	5	55	-82.113	-37.188	0.389	0	0	0	0	6	55	-82.704	-31.018	11.406	0	0	0	0	7	55	-81.239	-30.829	-11.524	0	0	0	0	8	55	-84.739	-55.297	-2.703	0	0	0	0	9	55	-153.588	-1.374	1.768	0	0	0	0	10	55	3.741377E+28	-4.034791E+28	-3.276119E+28	0	0	0	0	1	0	-79.096	-19.595	0.977	5	5	5	4	2	0	-78.277	-10.303	0.035	5	5	5	1	0	0	-87.203	-5.704	-0.466	0	0	0	0	54580100	54580109	54580109
4715	0	0	4	55	-84.249	-23.349	-0.583	0	0	0	0	5	55	-82.116	-37.166	0.707	0	0	0	0	6	55	-82.695	-30.999	11.602	0	0	0	0	7	55	-81.306	-30.232	-11.25	0	0	0	0	8	55	-84.539	-55.375	-2.57	0	0	0	0	9	55	-153.659	-1.355	1.983	0	0	0	0	10	55	3.736396E+28	-4.030922E+28	-3.286549E+28	0	0	0	0	1	0	-79.096	-19.595	0.977	5	5	5	4	2	0	-78.277	-10.303	0.035	5	5	5	1	0	0	-87.203	-5.704	-0.466	0	0	0	0	54580117	54580125	54580125
4732	0	0	4	55	-84.132	-23.333	-0.615	0	0	0	0	5	55	-81.917	-37.26	0.554	0	0	0	0	6	55	-82.736	-31.036	11.456	0	0	0	0	7	55	-81.228	-30.139	-11.351	0	0	0	0	8	55	-84.333	-55.311	-2.484	0	0	0	0	9	55	-153.707	-1.283	1.98	0	0	0	0	10	55	3.735892E+28	-4.02913E+28	-3.289319E+28	0	0	0	0	1	0	-79.096	-19.595	0.977	5	5	5	4	2	0	-78.277	-10.303	0.035	5	5	5	1	0	0	-87.203	-5.704	-0.466	0	0	0	0	54580133	54580142	0
4732	0	0	4	55	-84.132	-23.333	-0.615	0	0	0	0	5	55	-81.917	-37.26	0.554	0	0	0	0	6	55	-82.736	-31.036	11.456	0	0	0	0	7	55	-81.228	-30.14	-11.351	0	0	0	0	8	55	-84.333	-55.311	-2.484	0	0	0	0	9	55	-153.707	-1.283	1.98	0	0	0	0	10	55	3.735893E+28	-4.029129E+28	-3.289319E+28	0	0	0	0	1	0	-79.096	-19.595	0.977	5	5	5	4	2	0	-78.277	-10.303	0.035	5	5	5	1	0	0	-87.203	-5.704	-0.466	0	0	0	0	54580133	54580142	54580142
4748	0	0	4	55	-84.178	-23.366	-0.614	0	0	0	0	5	55	-81.85	-37.226	0.427	0	0	0	0	6	55	-82.666	-30.975	11.499	0	0	0	0	7	55	-81.348	-30.351	-11.33	0	0	0	0	8	55	-84.123	-55.365	-2.429	0	0	0	0	9	55	-153.72	-1.219	1.971	0	0	0	0	10	55	3.734031E+28	-4.032356E+28	-3.287479E+28	0	0	0	0	1	0	-79.096	-19.595	0.977	5	5	5	4	2	0	-78.277	-10.303	0.035	5	5	5	1	0	0	-87.203	-5.704	-0.466	0	0	0	0	54580150	54580158	0
4749	0	0	4	55	-84.178	-23.366	-0.614	0	0	0	0	5	55	-81.85	-37.226	0.427	0	0	0	0	6	55	-82.666	-30.975	11.499	0	0	0	0	7	55	-81.348	-30.351	-11.33	0	0	0	0	8	55	-84.123	-55.365	-2.429	0	0	0	0	9	55	-153.72	-1.219	1.971	0	0	0	0	10	55	3.73403E+28	-4.032356E+28	-3.28748E+28	0	0	0	0	1	0	-79.096	-19.595	0.977	5	5	5	4	2	0	-78.277	-10.303	0.035	5	5	5	1	0	0	-87.203	-5.704	-0.466	0	0	0	0	54580150	54580158	54580159
4765	0	0	4	55	-84.006	-23.358	-0.55	0	0	0	0	5	55	-81.753	-37.228	0.578	0	0	0	0	6	55	-82.62	-30.891	11.624	0	0	0	0	7	55	-81.322	-30.637	-11.559	0	0	0	0	8	55	-83.851	-55.285	-2.336	0	0	0	0	9	55	-153.737	-1.145	2.047	0	0	0	0	10	55	3.731391E+28	-4.034464E+28	-3.287889E+28	0	0	0	0	1	0	-79.096	-19.595	0.977	5	5	5	4	2	0	-78.277	-10.303	0.035	5	5	5	1	0	0	-87.203	-5.704	-0.466	0	0	0	0	54580166	54580175	54580175
4782	0	0	4	55	-83.842	-23.499	-0.636	0	0	0	0	5	55	-81.624	-37.396	0.38	0	0	0	0	6	55	-82.52	-30.972	11.708	0	0	0	0	7	55	-81.318	-30.818	-11.451	0	0	0	0	8	55	-83.309	-55.652	-2.297	0	0	0	0	9	55	-153.793	-1.245	2.054	0	0	0	0	10	55	3.733382E+28	-4.034897E+28	-3.285095E+28	0	0	0	0	1	0	-79.096	-19.595	0.977	5	5	5	4	2	0	-78.277	-10.303	0.035	5	5	5	1	0	0	-87.203	-5.704	-0.466	0	0	0	0	54580184	54580192	0
4782	0	0	4	55	-83.842	-23.499	-0.636	0	0	0	0	5	55	-81.624	-37.396	0.38	0	0	0	0	6	55	-82.52	-30.972	11.708	0	0	0	0	7	55	-81.318	-30.818	-11.451	0	0	0	0	8	55	-83.309	-55.652	-2.297	0	0	0	0	9	55	-153.793	-1.245	2.054	0	0	0	0	10	55	3.733383E+28	-4.034897E+28	-3.285096E+28	0	0	0	0	1	0	-79.096	-19.595	0.977	5	5	5	4	2	0	-78.277	-10.303	0.035	5	5	5	1	0	0	-87.203	-5.704	-0.466	0	0	0	0	54580184	54580192	54580192
4798	0	0	4	55	-83.803	-23.505	-0.632	0	0	0	0	5	55	-81.59	-37.494	0.391	0	0	0	0	6	55	-82.477	-30.939	11.692	0	0	0	0	7	55	-81.334	-30.518	-11.418	0	0	0	0	8	55	-83.243	-55.605	-2.377	0	0	0	0	9	55	-153.818	-1.317	2.015	0	0	0	0	10	55	3.735738E+28	-4.031681E+28	-3.286368E+28	0	0	0	0	1	0	-79.096	-19.595	0.977	5	5	5	4	2	0	-78.277	-10.303	0.035	5	5	5	1	0	0	-87.203	-5.704	-0.466	0	0	0	0	54580199	54580208	0
4799	0	0	4	55	-83.803	-23.505	-0.632	0	0	0	0	5	55	-81.59	-37.494	0.391	0	0	0	0	6	55	-82.477	-30.939	11.692	0	0	0	0	7	55	-81.334	-30.518	-11.418	0	0	0	0	8	55	-83.243	-55.605	-2.377	0	0	0	0	9	55	-153.818	-1.317	2.015	0	0	0	0	10	55	3.735738E+28	-4.03168E+28	-3.286369E+28	0	0	0	0	1	0	-79.096	-19.595	0.977	5	5	5	4	2	0	-78.277	-10.303	0.035	5	5	5	1	0	0	-87.203	-5.704	-0.466	0	0	0	0	54580200	54580208	54580209
4817	0	0	4	55	-83.636	-23.781	-0.666	0	0	0	0	5	55	-81.288	-37.81	0.396	0	0	0	0	6	55	-82.445	-31.072	11.649	0	0	0	0	7	55	-81.244	-31.021	-11.432	0	0	0	0	8	55	-83.047	-55.814	-2.317	0	0	0	0	9	55	-153.827	-1.439	1.958	0	0	0	0	10	55	3.739456E+28	-4.035006E+28	-3.278046E+28	0	0	0	0	1	0	-79.096	-19.595	0.977	5	5	5	4	2	0	-78.277	-10.303	0.035	5	5	5	1	0	0	-87.203	-5.704	-0.466	0	0	0	0	54580216	54580227	54580227
4832	0	0	4	55	-83.476	-23.877	-0.753	0	0	0	0	5	55	-81.229	-37.887	0.338	0	0	0	0	6	55	-82.354	-31.235	11.603	0	0	0	0	7	55	-81.214	-30.862	-11.684	0	0	0	0	8	55	-82.929	-55.875	-2.296	0	0	0	0	9	55	-153.824	-1.582	1.889	0	0	0	0	10	55	3.745672E+28	-4.03421E+28	-3.271925E+28	0	0	0	0	1	0	-79.096	-19.595	0.977	5	5	5	4	2	0	-78.277	-10.303	0.035	5	5	5	1	0	0	-87.203	-5.704	-0.466	0	0	0	0	54580233	54580242	0
4832	0	0	4	55	-83.476	-23.877	-0.753	0	0	0	0	5	55	-81.229	-37.887	0.338	0	0	0	0	6	55	-82.354	-31.235	11.603	0	0	0	0	7	55	-81.214	-30.862	-11.684	0	0	0	0	8	55	-82.929	-55.875	-2.296	0	0	0	0	9	55	-153.824	-1.582	1.889	0	0	0	0	10	55	3.745672E+28	-4.03421E+28	-3.271924E+28	0	0	0	0	1	0	-79.096	-19.595	0.977	5	5	5	4	2	0	-78.277	-10.303	0.035	5	5	5	1	0	0	-87.203	-5.704	-0.466	0	0	0	0	54580233	54580242	54580242
4848	0	0	4	55	-83.462	-23.971	-0.825	0	0	0	0	5	55	-81.2	-38.062	0.549	0	0	0	0	6	55	-82.295	-31.334	11.504	0	0	0	0	7	55	-80.97	-31.353	-11.466	0	0	0	0	8	55	-82.557	-56.149	-2.301	0	0	0	0	9	55	-153.866	-1.814	1.754	0	0	0	0	10	55	3.755819E+28	-4.032687E+28	-3.262156E+28	0	0	0	0	1	0	-79.096	-19.595	0.977	5	5	5	4	2	0	-78.277	-10.303	0.035	5	5	5	1	0	0	-87.203	-5.704	-0.466	0	0	0	0	54580250	54580258	0
4849	0	0	4	55	-83.462	-23.971	-0.825	0	0	0	0	5	55	-81.2	-38.062	0.549	0	0	0	0	6	55	-82.295	-31.334	11.504	0	0	0	0	7	55	-80.97	-31.353	-11.466	0	0	0	0	8	55	-82.557	-56.149	-2.301	0	0	0	0	9	55	-153.866	-1.814	1.754	0	0	0	0	10	55	3.755818E+28	-4.032687E+28	-3.262155E+28	0	0	0	0	1	0	-79.096	-19.595	0.977	5	5	5	4	2	0	-78.277	-10.303	0.035	5	5	5	1	0	0	-87.203	-5.704	-0.466	0	0	0	0	54580250	54580259	54580259
4865	0	0	4	55	-83.514	-23.903	-0.937	0	0	0	0	5	55	-81.001	-38.077	0.228	0	0	0	0	6	55	-82.36	-31.284	11.429	0	0	0	0	7	55	-80.986	-30.91	-11.624	0	0	0	0	8	55	-82.587	-55.97	-2.386	0	0	0	0	9	55	-153.914	-1.755	1.679	0	0	0	0	10	55	3.753309E+28	-4.031765E+28	-3.266181E+28	0	0	0	0	1	0	-79.096	-19.595	0.977	5	5	5	4	2	0	-78.277	-10.303	0.035	5	5	5	1	0	0	-87.203	-5.704	-0.466	0	0	0	0	54580266	54580275	54580275
4882	0	0	4	55	-83.451	-23.842	-0.892	0	0	0	0	5	55	-80.977	-37.86	0.481	0	0	0	0	6	55	-82.243	-31.295	11.395	0	0	0	0	7	55	-80.76	-31.305	-11.918	0	0	0	0	8	55	-82.218	-56.157	-2.496	0	0	0	0	9	55	-153.899	-1.799	1.622	0	0	0	0	10	55	3.7572E+28	-4.033539E+28	-3.25951E+28	0	0	0	0	1	0	-79.096	-19.595	0.977	5	5	5	4	2	0	-78.277	-10.303	0.035	5	5	5	1	0	0	-87.203	-5.704	-0.466	0	0	0	0	54580284	54580292	0
4882	0	0	4	55	-83.451	-23.842	-0.892	0	0	0	0	5	55	-80.977	-37.86	0.481	0	0	0	0	6	55	-82.243	-31.295	11.395	0	0	0	0	7	55	-80.76	-31.305	-11.918	0	0	0	0	8	55	-82.218	-56.157	-2.496	0	0	0	0	9	55	-153.899	-1.799	1.622	0	0	0	0	10	55	3.7572E+28	-4.033539E+28	-3.259509E+28	0	0	0	0	1	0	-79.096	-19.595	0.977	5	5	5	4	2	0	-78.277	-10.303	0.035	5	5	5	1	0	0	-87.203	-5.704	-0.466	0	0	0	0	54580284	54580292	54580292
4898	0	0	4	55	-83.438	-23.745	-0.863	0	0	0	0	5	55	-80.841	-37.884	0.322	0	0	0	0	6	55	-82.212	-31.22	11.411	0	0	0	0	7	55	-80.721	-31.018	-11.834	0	0	0	0	8	55	-82.255	-56.038	-2.399	0	0	0	0	9	55	-153.902	-1.805	1.65	0	0	0	0	10	55	3.756838E+28	-4.034411E+28	-3.258848E+28	0	0	0	0	1	0	-79.096	-19.595	0.977	5	5	5	4	2	0	-78.277	-10.303	0.035	5	5	5	1	0	0	-87.203	-5.704	-0.466	0	0	0	0	54580300	54580308	0
4899	0	0	4	55	-83.438	-23.745	-0.863	0	0	0	0	5	55	-80.841	-37.884	0.322	0	0	0	0	6	55	-82.212	-31.22	11.411	0	0	0	0	7	55	-80.721	-31.018	-11.834	0	0	0	0	8	55	-82.255	-56.038	-2.399	0	0	0	0	9	55	-153.902	-1.805	1.65	0	0	0	0	10	55	3.756838E+28	-4.034411E+28	-3.258849E+28	0	0	0	0	1	0	-79.096	-19.595	0.977	5	5	5	4	2	0	-78.277	-10.303	0.035	5	5	5	1	0	0	-87.203	-5.704	-0.466	0	0	0	0	54580300	54580309	54580309
4915	0	0	4	55	-83.286	-23.695	-0.941	0	0	0	0	5	55	-80.624	-37.888	0.321	0	0	0	0	6	55	-82.158	-31.262	11.35	0	0	0	0	7	55	-81.143	-30.917	-11.919	0	0	0	0	8	55	-81.916	-56.088	-2.429	0	0	0	0	9	55	-153.945	-1.851	1.638	0	0	0	0	10	55	3.761003E+28	-4.028412E+28	-3.261464E+28	0	0	0	0	1	0	-79.096	-19.595	0.977	5	5	5	4	2	0	-78.277	-10.303	0.035	5	5	5	1	0	0	-87.203	-5.704	-0.466	0	0	0	0	54580316	54580325	54580325
4932	0	0	4	55	-83.355	-23.539	-0.998	0	0	0	0	5	55	-80.605	-37.67	0.196	0	0	0	0	6	55	-82.22	-31.061	11.359	0	0	0	0	7	55	-81.2	-31.186	-12.02	0	0	0	0	8	55	-81.983	-55.829	-2.542	0	0	0	0	9	55	-153.963	-1.721	1.618	0	0	0	0	10	55	3.756688E+28	-4.029325E+28	-3.265307E+28	0	0	0	0	1	0	-79.096	-19.595	0.977	5	5	5	4	2	0	-78.277	-10.303	0.035	5	5	5	1	0	0	-87.203	-5.704	-0.466	0	0	0	0	54580333	54580342	0
4932	0	0	4	55	-83.355	-23.539	-0.998	0	0	0	0	5	55	-80.605	-37.67	0.196	0	0	0	0	6	55	-82.22	-31.061	11.359	0	0	0	0	7	55	-81.201	-31.186	-12.02	0	0	0	0	8	55	-81.984	-55.829	-2.542	0	0	0	0	9	55	-153.963	-1.721	1.618	0	0	0	0	10	55	3.756687E+28	-4.029326E+28	-3.265307E+28	0	0	0	0	1	0	-79.096	-19.595	0.977	5	5	5	4	2	0	-78.277	-10.303	0.035	5	5	5	1	0	0	-87.203	-5.704	-0.466	0	0	0	0	54580333	54580342	54580342
4948	0	0	4	55	-83.368	-23.57	-0.881	0	0	0	0	5	55	-80.623	-37.636	0.352	0	0	0	0	6	55	-82.197	-31.027	11.448	0	0	0	0	7	55	-81.022	-31.141	-12.023	0	0	0	0	8	55	-82.123	-56.057	-2.499	0	0	0	0	9	55	-153.959	-1.755	1.744	0	0	0	0	10	55	3.755418E+28	-4.026033E+28	-3.270823E+28	0	0	0	0	1	0	-79.096	-19.595	0.977	5	5	5	4	2	0	-78.277	-10.303	0.035	5	5	5	1	0	0	-87.203	-5.704	-0.466	0	0	0	0	54580350	54580358	0
4949	0	0	4	55	-83.368	-23.57	-0.881	0	0	0	0	5	55	-80.623	-37.636	0.352	0	0	0	0	6	55	-82.197	-31.027	11.448	0	0	0	0	7	55	-81.022	-31.141	-12.023	0	0	0	0	8	55	-82.123	-56.057	-2.499	0	0	0	0	9	55	-153.959	-1.755	1.744	0	0	0	0	10	55	3.755419E+28	-4.026033E+28	-3.270823E+28	0	0	0	0	1	0	-79.096	-19.595	0.977	5	5	5	4	2	0	-78.277	-10.303	0.035	5	5	5	1	0	0	-87.203	-5.704	-0.466	0	0	0	0	54580350	54580359	54580359
4965	0	0	4	55	-83.23	-23.613	-0.768	0	0	0	0	5	55	-80.53	-37.771	0.307	0	0	0	0	6	55	-82.1	-31.015	11.48	0	0	0	0	7	55	-81.013	-30.72	-11.751	0	0	0	0	8	55	-81.947	-56.088	-2.425	0	0	0	0	9	55	-153.915	-1.819	1.706	0	0	0	0	10	55	3.760636E+28	-4.029513E+28	-3.260527E+28	0	0	0	0	1	0	-79.096	-19.595	0.977	5	5	5	4	2	0	-78.277	-10.303	0.035	5	5	5	1	0	0	-87.203	-5.704	-0.466	0	0	0	0	54580366	54580375	54580375
4989	0	0	4	55	-83.238	-23.395	-0.829	0	0	0	0	5	55	-80.493	-37.42	0.499	0	0	0	0	6	55	-82.042	-30.91	11.55	0	0	0	0	7	55	-80.911	-30.736	-11.892	0	0	0	0	8	55	-81.948	-55.866	-2.415	0	0	0	0	9	55	-153.863	-1.561	1.826	0	0	0	0	10	55	3.749863E+28	-4.030902E+28	-3.271201E+28	0	0	0	0	1	0	-79.096	-19.595	0.977	5	5	5	4	2	0	-78.277	-10.303	0.035	5	5	5	1	0	0	-87.203	-5.704	-0.466	0	0	0	0	54580390	54580399	0
4990	0	0	4	55	-83.238	-23.395	-0.829	0	0	0	0	5	55	-80.493	-37.42	0.499	0	0	0	0	6	55	-82.042	-30.91	11.55	0	0	0	0	7	55	-80.911	-30.736	-11.892	0	0	0	0	8	55	-81.948	-55.866	-2.415	0	0	0	0	9	55	-153.863	-1.561	1.826	0	0	0	0	10	55	3.749862E+28	-4.030902E+28	-3.271201E+28	0	0	0	0	1	0	-79.096	-19.595	0.977	5	5	5	4	2	0	-78.277	-10.303	0.035	5	5	5	1	0	0	-87.203	-5.704	-0.466	0	0	0	0	54580390	54580400	54580400
4998	0	0	4	55	-83.259	-23.382	-0.678	0	0	0	0	5	55	-80.547	-37.387	0.511	0	0	0	0	6	55	-82.033	-30.935	11.558	0	0	0	0	7	55	-80.755	-30.455	-11.689	0	0	0	0	8	55	-81.913	-55.841	-2.359	0	0	0	0	9	55	-153.847	-1.55	1.911	0	0	0	0	10	55	3.747621E+28	-4.029901E+28	-3.275001E+28	0	0	0	0	1	0	-79.096	-19.595	0.977	5	5	5	4	2	0	-78.277	-10.303	0.035	5	5	5	1	0	0	-87.203	-5.704	-0.466	0	0	0	0	54580401	54580408	0
4999	0	0	4	55	-83.259	-23.382	-0.678	0	0	0	0	5	55	-80.547	-37.387	0.511	0	0	0	0	6	55	-82.033	-30.935	11.558	0	0	0	0	7	55	-80.755	-30.455	-11.689	0	0	0	0	8	55	-81.913	-55.841	-2.359	0	0	0	0	9	55	-153.847	-1.55	1.911	0	0	0	0	10	55	3.74762E+28	-4.029901E+28	-3.275001E+28	0	0	0	0	1	0	-79.096	-19.595	0.977	5	5	5	4	2	0	-78.277	-10.303	0.035	5	5	5	1	0	0	-87.203	-5.704	-0.466	0	0	0	0	54580401	54580409	54580409
5015	0	0	4	55	-83.345	-23.06	-0.562	0	0	0	0	5	55	-80.521	-37.22	0.661	0	0	0	0	6	55	-82.044	-30.713	11.697	0	0	0	0	7	55	-80.983	-30.79	-11.546	0	0	0	0	8	55	-82.022	-55.592	-2.342	0	0	0	0	9	55	-153.812	-1.278	2.081	0	0	0	0	10	55	3.733233E+28	-4.034924E+28	-3.285233E+28	0	0	0	0	1	0	-79.096	-19.595	0.977	5	5	5	4	2	0	-78.277	-10.303	0.035	5	5	5	1	0	0	-87.203	-5.704	-0.466	0	0	0	0	54580417	54580425	54580425
5032	0	0	4	55	-83.16	-23.004	-0.604	0	0	0	0	5	55	-80.347	-37.212	0.497	0	0	0	0	6	55	-82.076	-30.511	11.797	0	0	0	0	7	55	-81.023	-30.287	-11.518	0	0	0	0	8	55	-81.941	-55.57	-2.297	0	0	0	0	9	55	-153.725	-1.252	1.966	0	0	0	0	10	55	3.735424E+28	-4.040168E+28	-3.276285E+28	0	0	0	0	1	0	-79.096	-19.595	0.977	5	5	5	4	2	0	-78.277	-10.303	0.035	5	5	5	1	0	0	-87.203	-5.704	-0.466	0	0	0	0	54580433	54580442	0
5032	0	0	4	55	-83.16	-23.004	-0.604	0	0	0	0	5	55	-80.347	-37.212	0.497	0	0	0	0	6	55	-82.076	-30.511	11.797	0	0	0	0	7	55	-81.023	-30.287	-11.518	0	0	0	0	8	55	-81.941	-55.571	-2.297	0	0	0	0	9	55	-153.725	-1.252	1.966	0	0	0	0	10	55	3.735424E+28	-4.040168E+28	-3.276286E+28	0	0	0	0	1	0	-79.096	-19.595	0.977	5	5	5	4	2	0	-78.277	-10.303	0.035	5	5	5	1	0	0	-87.203	-5.704	-0.466	0	0	0	0	54580433	54580442	54580442
5048	0	0	4	55	-83.213	-22.944	-0.539	0	0	0	0	5	55	-80.232	-37.268	0.573	0	0	0	0	6	55	-82.08	-30.566	11.688	0	0	0	0	7	55	-81.141	-30.262	-11.564	0	0	0	0	8	55	-81.903	-55.603	-2.27	0	0	0	0	9	55	-153.7	-1.29	1.945	0	0	0	0	10	55	3.736719E+28	-4.039992E+28	-3.275027E+28	0	0	0	0	1	0	-79.096	-19.595	0.977	5	5	5	4	2	0	-78.277	-10.303	0.035	5	5	5	1	0	0	-87.203	-5.704	-0.466	0	0	0	0	54580450	54580458	0
5049	0	0	4	55	-83.213	-22.944	-0.539	0	0	0	0	5	55	-80.232	-37.268	0.573	0	0	0	0	6	55	-82.08	-30.566	11.688	0	0	0	0	7	55	-81.141	-30.262	-11.564	0	0	0	0	8	55	-81.903	-55.603	-2.27	0	0	0	0	9	55	-153.7	-1.29	1.945	0	0	0	0	10	55	3.736718E+28	-4.039991E+28	-3.275028E+28	0	0	0	0	1	0	-79.096	-19.595	0.977	5	5	5	4	2	0	-78.277	-10.303	0.035	5	5	5	1	0	0	-87.203	-5.704	-0.466	0	0	0	0	54580450	54580459	54580459
5065	0	0	4	55	-83.164	-23.098	-0.664	0	0	0	0	5	55	-80.395	-37.281	0.505	0	0	0	0	6	55	-82.024	-30.806	11.663	0	0	0	0	7	55	-81.165	-30.884	-11.771	0	0	0	0	8	55	-81.841	-55.681	-2.403	0	0	0	0	9	55	-153.428	-1.182	1.894	0	0	0	0	10	55	3.744792E+28	-4.035384E+28	-3.271484E+28	0	0	0	0	1	0	-79.096	-19.595	0.977	5	5	5	4	2	0	-78.277	-10.303	0.035	5	5	5	1	0	0	-87.203	-5.704	-0.466	0	0	0	0	54580467	54580475	54580475
5082	0	0	4	55	-83.121	-23.292	-0.711	0	0	0	0	5	55	-80.325	-37.523	0.55	0	0	0	0	6	55	-82.043	-30.916	11.608	0	0	0	0	7	55	-80.861	-30.5	-11.705	0	0	0	0	8	55	-81.818	-55.829	-2.425	0	0	0	0	9	55	-153.573	-1.429	1.725	0	0	0	0	10	55	3.753435E+28	-4.028644E+28	-3.269885E+28	0	0	0	0	1	0	-79.096	-19.595	0.977	5	5	5	4	2	0	-78.277	-10.303	0.035	5	5	5	1	0	0	-87.203	-5.704	-0.466	0	0	0	0	54580483	54580491	0
5082	0	0	4	55	-83.121	-23.292	-0.711	0	0	0	0	5	55	-80.325	-37.523	0.55	0	0	0	0	6	55	-82.043	-30.916	11.609	0	0	0	0	7	55	-80.861	-30.5	-11.705	0	0	0	0	8	55	-81.818	-55.829	-2.425	0	0	0	0	9	55	-153.573	-1.429	1.725	0	0	0	0	10	55	3.753435E+28	-4.028645E+28	-3.269885E+28	0	0	0	0	1	0	-79.096	-19.595	0.977	5	5	5	4	2	0	-78.277	-10.303	0.035	5	5	5	1	0	0	-87.203	-5.704	-0.466	0	0	0	0	54580483	54580492	54580492
5098	0	0	4	55	-83.281	-23.251	-0.647	0	0	0	0	5	55	-80.348	-37.407	0.473	0	0	0	0	6	55	-82.062	-30.819	11.604	0	0	0	0	7	55	-81.198	-30.683	-11.524	0	0	0	0	8	55	-81.875	-55.736	-2.513	0	0	0	0	9	55	-153.581	-1.235	1.793	0	0	0	0	10	55	3.746479E+28	-4.029233E+28	-3.277129E+28	0	0	0	0	1	0	-79.096	-19.595	0.977	5	5	5	4	2	0	-78.277	-10.303	0.035	5	5	5	1	0	0	-87.203	-5.704	-0.466	0	0	0	0	54580500	54580508	0
5099	0	0	4	55	-83.281	-23.251	-0.647	0	0	0	0	5	55	-80.348	-37.407	0.473	0	0	0	0	6	55	-82.062	-30.819	11.604	0	0	0	0	7	55	-81.198	-30.683	-11.524	0	0	0	0	8	55	-81.875	-55.736	-2.513	0	0	0	0	9	55	-153.581	-1.235	1.793	0	0	0	0	10	55	3.746479E+28	-4.029233E+28	-3.277129E+28	0	0	0	0	1	0	-79.096	-19.595	0.977	5	5	5	4	2	0	-78.277	-10.303	0.035	5	5	5	1	0	0	-87.203	-5.704	-0.466	0	0	0	0	54580500	54580509	54580509
5115	0	0	4	55	-83.189	-23.371	-0.675	0	0	0	0	5	55	-80.207	-37.591	0.489	0	0	0	0	6	55	-81.937	-30.945	11.557	0	0	0	0	7	55	-81.157	-31.202	-11.819	0	0	0	0	8	55	-81.921	-55.843	-2.387	0	0	0	0	9	55	-153.255	-1.295	1.812	0	0	0	0	10	55	3.755031E+28	-4.026663E+28	-3.270493E+28	0	0	0	0	1	0	-79.096	-19.595	0.977	5	5	5	4	2	0	-78.277	-10.303	0.035	5	5	5	1	0	0	-87.203	-5.704	-0.466	0	0	0	0	54580515	54580525	54580525
5132	0	0	4	55	-83.216	-23.156	-0.659	0	0	0	0	5	55	-80.427	-37.391	0.501	0	0	0	0	6	55	-81.937	-30.734	11.605	0	0	0	0	7	55	-81.026	-30.585	-11.818	0	0	0	0	8	55	-81.953	-55.706	-2.556	0	0	0	0	9	55	-153.198	-1.026	1.894	0	0	0	0	10	55	3.742906E+28	-4.028143E+28	-3.282547E+28	0	0	0	0	1	0	-79.096	-19.595	0.977	5	5	5	4	2	0	-78.277	-10.303	0.035	5	5	5	1	0	0	-87.203	-5.704	-0.466	0	0	0	0	54580533	54580542	0
5132	0	0	4	55	-83.216	-23.156	-0.659	0	0	0	0	5	55	-80.427	-37.391	0.501	0	0	0	0	6	55	-81.937	-30.734	11.605	0	0	0	0	7	55	-81.026	-30.585	-11.818	0	0	0	0	8	55	-81.953	-55.706	-2.556	0	0	0	0	9	55	-153.198	-1.026	1.894	0	0	0	0	10	55	3.742906E+28	-4.028143E+28	-3.282547E+28	0	0	0	0	1	0	-79.096	-19.595	0.977	5	5	5	4	2	0	-78.277	-10.303	0.035	5	5	5	1	0	0	-87.203	-5.704	-0.466	0	0	0	0	54580534	54580542	54580542
5148	0	0	4	55	-83.212	-23.118	-0.697	0	0	0	0	5	55	-80.303	-37.339	0.412	0	0	0	0	6	55	-81.989	-30.736	11.521	0	0	0	0	7	55	-81.021	-30.175	-11.561	0	0	0	0	8	55	-82.035	-55.665	-2.461	0	0	0	0	9	55	-153.167	-0.946	1.891	0	0	0	0	10	55	3.741214E+28	-4.027117E+28	-3.285733E+28	0	0	0	0	1	0	-79.096	-19.595	0.977	5	5	5	4	2	0	-78.277	-10.303	0.035	5	5	5	1	0	0	-87.203	-5.704	-0.466	0	0	0	0	54580550	54580558	0
5149	0	0	4	55	-83.212	-23.118	-0.697	0	0	0	0	5	55	-80.303	-37.339	0.412	0	0	0	0	6	55	-81.989	-30.736	11.521	0	0	0	0	7	55	-81.021	-30.175	-11.561	0	0	0	0	8	55	-82.035	-55.665	-2.461	0	0	0	0	9	55	-153.167	-0.946	1.891	0	0	0	0	10	55	3.741213E+28	-4.027117E+28	-3.285734E+28	0	0	0	0	1	0	-79.096	-19.595	0.977	5	5	5	4	2	0	-78.277	-10.303	0.035	5	5	5	1	0	0	-87.203	-5.704	-0.466	0	0	0	0	54580550	54580558	54580558
5165	0	0	4	55	-83.089	-23.139	-0.682	0	0	0	0	5	55	-80.299	-37.421	0.48	0	0	0	0	6	55	-81.919	-30.727	11.523	0	0	0	0	7	55	-81.005	-30.635	-11.657	0	0	0	0	8	55	-82.172	-55.499	-2.625	0	0	0	0	9	55	-153.286	-1.107	1.711	0	0	0	0	10	55	3.744349E+28	-4.02912E+28	-3.279701E+28	0	0	0	0	1	0	-79.096	-19.595	0.977	5	5	5	4	2	0	-78.277	-10.303	0.035	5	5	5	1	0	0	-87.203	-5.704	-0.466	0	0	0	0	54580566	54580575	54580575
5182	0	0	4	55	-83.018	-22.976	-0.608	0	0	0	0	5	55	-80.343	-37.209	0.491	0	0	0	0	6	55	-81.9	-30.566	11.571	0	0	0	0	7	55	-80.954	-29.942	-11.545	0	0	0	0	8	55	-82.112	-55.439	-2.529	0	0	0	0	9	55	-153.164	-0.809	1.902	0	0	0	0	10	55	3.733642E+28	-4.031569E+28	-3.288886E+28	0	0	0	0	1	0	-79.096	-19.595	0.977	5	5	5	4	2	0	-78.277	-10.303	0.035	5	5	5	1	0	0	-87.203	-5.704	-0.466	0	0	0	0	54580583	54580592	0
5182	0	0	4	55	-83.018	-22.976	-0.608	0	0	0	0	5	55	-80.343	-37.209	0.491	0	0	0	0	6	55	-81.9	-30.566	11.571	0	0	0	0	7	55	-80.954	-29.942	-11.545	0	0	0	0	8	55	-82.112	-55.439	-2.529	0	0	0	0	9	55	-153.164	-0.809	1.902	0	0	0	0	10	55	3.733642E+28	-4.031568E+28	-3.288887E+28	0	0	0	0	1	0	-79.096	-19.595	0.977	5	5	5	4	2	0	-78.277	-10.303	0.035	5	5	5	1	0	0	-87.203	-5.704	-0.466	0	0	0	0	54580583	54580592	54580592
5198	0	0	4	55	-82.989	-23.049	-0.621	0	0	0	0	5	55	-80.357	-37.284	0.502	0	0	0	0	6	55	-81.915	-30.649	11.555	0	0	0	0	7	55	-81.058	-30.439	-11.7	0	0	0	0	8	55	-82.031	-55.555	-2.45	0	0	0	0	9	55	-153.14	-0.891	1.904	0	0	0	0	10	55	3.738398E+28	-4.03183E+28	-3.283157E+28	0	0	0	0	1	0	-79.096	-19.595	0.977	5	5	5	4	2	0	-78.277	-10.303	0.035	5	5	5	1	0	0	-87.203	-5.704	-0.466	0	0	0	0	54580599	54580608	0
5199	0	0	4	55	-82.989	-23.049	-0.621	0	0	0	0	5	55	-80.357	-37.284	0.502	0	0	0	0	6	55	-81.915	-30.649	11.555	0	0	0	0	7	55	-81.058	-30.439	-11.7	0	0	0	0	8	55	-82.031	-55.555	-2.45	0	0	0	0	9	55	-153.14	-0.891	1.904	0	0	0	0	10	55	3.738398E+28	-4.03183E+28	-3.283157E+28	0	0	0	0	1	0	-79.096	-19.595	0.977	5	5	5	4	2	0	-78.277	-10.303	0.035	5	5	5	1	0	0	-87.203	-5.704	-0.466	0	0	0	0	54580600	54580608	54580608
5215	0	0	4	55	-82.965	-23.152	-0.622	0	0	0	0	5	55	-80.411	-37.339	0.529	0	0	0	0	6	55	-81.971	-30.782	11.515	0	0	0	0	7	55	-80.877	-30.436	-11.567	0	0	0	0	8	55	-82.158	-55.584	-2.539	0	0	0	0	9	55	-153.411	-1.277	1.926	0	0	0	0	10	55	3.742339E+28	-4.026102E+28	-3.285697E+28	0	0	0	0	1	0	-79.096	-19.595	0.977	5	5	5	4	2	0	-78.277	-10.303	0.035	5	5	5	1	0	0	-87.203	-5.704	-0.466	0	0	0	0	54580616	54580625	54580625
5232	0	0	4	55	-82.953	-23.136	-0.682	0	0	0	0	5	55	-80.351	-37.455	0.347	0	0	0	0	6	55	-81.949	-30.785	11.41	0	0	0	0	7	55	-80.84	-30.44	-11.727	0	0	0	0	8	55	-82.102	-55.584	-2.636	0	0	0	0	9	55	-153.489	-1.257	1.923	0	0	0	0	10	55	3.74217E+28	-4.027914E+28	-3.283667E+28	0	0	0	0	1	0	-79.096	-19.595	0.977	5	5	5	4	2	0	-78.277	-10.303	0.035	5	5	5	1	0	0	-87.203	-5.704	-0.466	0	0	0	0	54580633	54580642	0
5232	0	0	4	55	-82.953	-23.136	-0.682	0	0	0	0	5	55	-80.351	-37.455	0.347	0	0	0	0	6	55	-81.949	-30.785	11.41	0	0	0	0	7	55	-80.84	-30.44	-11.727	0	0	0	0	8	55	-82.102	-55.584	-2.636	0	0	0	0	9	55	-153.489	-1.257	1.923	0	0	0	0	10	55	3.74217E+28	-4.027914E+28	-3.283667E+28	0	0	0	0	1	0	-79.096	-19.595	0.977	5	5	5	4	2	0	-78.277	-10.303	0.035	5	5	5	1	0	0	-87.203	-5.704	-0.466	0	0	0	0	54580633	54580642	54580642
5248	0	0	4	55	-83.255	-23.221	-0.684	0	0	0	0	5	55	-80.468	-37.464	0.442	0	0	0	0	6	55	-82.045	-30.778	11.398	0	0	0	0	7	55	-81.165	-30.485	-11.603	0	0	0	0	8	55	-82.088	-55.631	-2.635	0	0	0	0	9	55	-153.543	-1.468	1.903	0	0	0	0	10	55	3.745099E+28	-4.027684E+28	-3.280608E+28	0	0	0	0	1	0	-79.096	-19.595	0.977	5	5	5	4	2	0	-78.277	-10.303	0.035	5	5	5	1	0	0	-87.203	-5.704	-0.466	0	0	0	0	54580650	54580658	0
5249	0	0	4	55	-83.255	-23.221	-0.684	0	0	0	0	5	55	-80.468	-37.464	0.442	0	0	0	0	6	55	-82.045	-30.778	11.398	0	0	0	0	7	55	-81.165	-30.485	-11.603	0	0	0	0	8	55	-82.088	-55.631	-2.635	0	0	0	0	9	55	-153.543	-1.468	1.903	0	0	0	0	10	55	3.745098E+28	-4.027685E+28	-3.280608E+28	0	0	0	0	1	0	-79.096	-19.595	0.977	5	5	5	4	2	0	-78.277	-10.303	0.035	5	5	5	1	0	0	-87.203	-5.704	-0.466	0	0	0	0	54580650	54580659	54580659
5265	0	0	4	55	-83.587	-23.112	-0.551	0	0	0	0	5	55	-80.691	-37.418	0.426	0	0	0	0	6	55	-82.23	-30.715	11.384	0	0	0	0	7	55	-81.205	-30.252	-11.729	0	0	0	0	8	55	-82.229	-55.579	-2.592	0	0	0	0	9	55	-153.733	-1.345	2.115	0	0	0	0	10	55	3.735231E+28	-4.030768E+28	-3.288061E+28	0	0	0	0	1	0	-79.096	-19.595	0.977	5	5	5	4	2	0	-78.277	-10.303	0.035	5	5	5	1	0	0	-87.203	-5.704	-0.466	0	0	0	0	54580667	54580676	54580676
5282	0	0	4	55	-83.866	-23.249	-0.738	0	0	0	0	5	55	-80.965	-37.525	0.35	0	0	0	0	6	55	-82.467	-30.94	11.211	0	0	0	0	7	55	-81.302	-30.441	-11.813	0	0	0	0	8	55	-82.722	-55.884	-2.869	0	0	0	0	9	55	-154.193	-1.783	1.805	0	0	0	0	10	55	3.740392E+28	-4.02739E+28	-3.286334E+28	0	0	0	0	1	0	-79.096	-19.595	0.977	5	5	5	4	2	0	-78.277	-10.303	0.035	5	5	5	1	0	0	-87.203	-5.704	-0.466	0	0	0	0	54580684	54580693	0
5282	0	0	4	55	-83.866	-23.249	-0.738	0	0	0	0	5	55	-80.965	-37.525	0.35	0	0	0	0	6	55	-82.467	-30.94	11.211	0	0	0	0	7	55	-81.302	-30.441	-11.813	0	0	0	0	8	55	-82.722	-55.884	-2.869	0	0	0	0	9	55	-154.193	-1.783	1.805	0	0	0	0	10	55	3.740392E+28	-4.02739E+28	-3.286334E+28	0	0	0	0	1	0	-79.096	-19.595	0.977	5	5	5	4	2	0	-78.277	-10.303	0.035	5	5	5	1	0	0	-87.203	-5.704	-0.466	0	0	0	0	54580684	54580693	54580693
5298	0	0	4	55	-83.982	-23.304	-0.73	0	0	0	0	5	55	-81.132	-37.543	0.341	0	0	0	0	6	55	-82.66	-30.96	11.196	0	0	0	0	7	55	-81.386	-30.509	-11.707	0	0	0	0	8	55	-82.76	-56.018	-2.868	0	0	0	0	9	55	-154.386	-1.847	1.879	0	0	0	0	10	55	3.737657E+28	-4.026736E+28	-3.290243E+28	0	0	0	0	1	0	-79.096	-19.595	0.977	5	5	5	4	2	0	-78.277	-10.303	0.035	5	5	5	1	0	0	-87.203	-5.704	-0.466	0	0	0	0	54580701	54580709	0
5299	0	0	4	55	-83.982	-23.304	-0.73	0	0	0	0	5	55	-81.132	-37.543	0.341	0	0	0	0	6	55	-82.66	-30.96	11.196	0	0	0	0	7	55	-81.386	-30.509	-11.707	0	0	0	0	8	55	-82.76	-56.018	-2.868	0	0	0	0	9	55	-154.386	-1.847	1.879	0	0	0	0	10	55	3.737657E+28	-4.026737E+28	-3.290243E+28	0	0	0	0	1	0	-79.096	-19.595	0.977	5	5	5	4	2	0	-78.277	-10.303	0.035	5	5	5	1	0	0	-87.203	-5.704	-0.466	0	0	0	0	54580701	54580710	54580710
5315	0	0	4	55	-84.348	-23.404	-0.698	0	0	0	0	5	55	-81.414	-37.71	0.357	0	0	0	0	6	55	-82.964	-31.005	11.31	0	0	0	0	7	55	-81.553	-30.63	-11.525	0	0	0	0	8	55	-83.16	-56.053	-2.861	0	0	0	0	9	55	-154.906	-2.212	1.856	0	0	0	0	10	55	3.736839E+28	-4.033523E+28	-3.282852E+28	0	0	0	0	1	0	-79.096	-19.595	0.977	5	5	5	4	2	0	-78.277	-10.303	0.035	5	5	5	1	0	0	-87.203	-5.704	-0.466	0	0	0	0	54580718	54580726	54580726
5331	0	0	4	55	-84.886	-23.5	-0.588	0	0	0	0	5	55	-81.783	-37.829	0.514	0	0	0	0	6	55	-83.436	-31.178	11.244	0	0	0	0	7	55	-82.264	-30.093	-11.297	0	0	0	0	8	55	-83.418	-56.202	-2.825	0	0	0	0	9	55	-155.43	-2.365	1.975	0	0	0	0	10	55	3.742472E+28	-4.037E+28	-3.272146E+28	0	0	0	0	1	0	-79.096	-19.595	0.977	5	5	5	4	2	0	-78.277	-10.303	0.035	5	5	5	1	0	0	-87.203	-5.704	-0.466	0	0	0	0	54580734	54580742	0
5332	0	0	4	55	-84.886	-23.5	-0.588	0	0	0	0	5	55	-81.783	-37.829	0.514	0	0	0	0	6	55	-83.436	-31.178	11.244	0	0	0	0	7	55	-82.264	-30.093	-11.297	0	0	0	0	8	55	-83.418	-56.202	-2.826	0	0	0	0	9	55	-155.43	-2.365	1.975	0	0	0	0	10	55	3.742472E+28	-4.036999E+28	-3.272146E+28	0	0	0	0	1	0	-79.096	-19.595	0.977	5	5	5	4	2	0	-78.277	-10.303	0.035	5	5	5	1	0	0	-87.203	-5.704	-0.466	0	0	0	0	54580734	54580743	54580743
5348	0	0	4	55	-85.204	-23.381	-0.575	0	0	0	0	5	55	-81.815	-37.815	0.318	0	0	0	0	6	55	-83.639	-31.13	11.226	0	0	0	0	7	55	-82.765	-30.016	-11.163	0	0	0	0	8	55	-83.698	-56.098	-2.813	0	0	0	0	9	55	-155.662	-2.2	1.879	0	0	0	0	10	55	3.736716E+28	-4.037676E+28	-3.277883E+28	0	0	0	0	1	0	-79.096	-19.595	0.977	5	5	5	4	2	0	-78.277	-10.303	0.035	5	5	5	1	0	0	-87.203	-5.704	-0.466	0	0	0	0	54580751	54580759	0
5349	0	0	4	55	-85.204	-23.381	-0.575	0	0	0	0	5	55	-81.815	-37.815	0.318	0	0	0	0	6	55	-83.639	-31.13	11.226	0	0	0	0	7	55	-82.765	-30.016	-11.163	0	0	0	0	8	55	-83.698	-56.098	-2.813	0	0	0	0	9	55	-155.662	-2.2	1.879	0	0	0	0	10	55	3.736716E+28	-4.037676E+28	-3.277884E+28	0	0	0	0	1	0	-79.096	-19.595	0.977	5	5	5	4	2	0	-78.277	-10.303	0.035	5	5	5	1	0	0	-87.203	-5.704	-0.466	0	0	0	0	54580751	54580760	54580760
5365	0	0	4	55	-85.946	-22.969	-0.477	0	0	0	0	5	55	-82.334	-37.588	0.288	0	0	0	0	6	55	-84.319	-30.998	11.054	0	0	0	0	7	55	-83.048	-29.514	-10.971	0	0	0	0	8	55	-84.155	-56.049	-3.051	0	0	0	0	9	55	-155.974	-1.881	1.876	0	0	0	0	10	55	3.736512E+28	-4.040672E+28	-3.274423E+28	0	0	0	0	1	0	-79.096	-19.595	0.977	5	5	5	4	2	0	-78.277	-10.303	0.035	5	5	5	1	0	0	-87.203	-5.704	-0.466	0	0	0	0	54580768	54580776	54580776
5382	0	0	4	55	-86.359	-22.749	-0.238	0	0	0	0	5	55	-82.669	-37.598	0.565	0	0	0	0	6	55	-84.733	-30.838	11.206	0	0	0	0	7	55	-83.403	-29.469	-10.538	0	0	0	0	8	55	-84.713	-55.901	-2.907	0	0	0	0	9	55	-155.958	-1.746	1.983	0	0	0	0	10	55	3.740394E+28	-4.044921E+28	-3.26473E+28	0	0	0	0	1	0	-79.096	-19.595	0.977	5	5	5	4	2	0	-78.277	-10.303	0.035	5	5	5	1	0	0	-87.203	-5.704	-0.466	0	0	0	0	54580785	54580793	0
5382	0	0	4	55	-86.359	-22.749	-0.238	0	0	0	0	5	55	-82.669	-37.598	0.565	0	0	0	0	6	55	-84.733	-30.838	11.206	0	0	0	0	7	55	-83.403	-29.469	-10.538	0	0	0	0	8	55	-84.713	-55.901	-2.907	0	0	0	0	9	55	-155.958	-1.746	1.983	0	0	0	0	10	55	3.740394E+28	-4.044921E+28	-3.26473E+28	0	0	0	0	1	0	-79.096	-19.595	0.977	5	5	5	4	2	0	-78.277	-10.303	0.035	5	5	5	1	0	0	-87.203	-5.704	-0.466	0	0	0	0	54580785	54580793	54580793
5398	0	0	4	55	-86.533	-22.798	-0.293	0	0	0	0	5	55	-82.86	-37.627	0.673	0	0	0	0	6	55	-84.907	-30.936	11.172	0	0	0	0	7	55	-83.534	-29.357	-10.546	0	0	0	0	8	55	-84.956	-56.002	-2.845	0	0	0	0	9	55	-155.955	-1.82	1.844	0	0	0	0	10	55	3.748627E+28	-4.043607E+28	-3.256906E+28	0	0	0	0	1	0	-79.096	-19.595	0.977	5	5	5	4	2	0	-78.277	-10.303	0.035	5	5	5	1	0	0	-87.203	-5.704	-0.466	0	0	0	0	54580801	54580809	0
5399	0	0	4	55	-86.533	-22.798	-0.293	0	0	0	0	5	55	-82.86	-37.627	0.673	0	0	0	0	6	55	-84.907	-30.936	11.172	0	0	0	0	7	55	-83.534	-29.357	-10.546	0	0	0	0	8	55	-84.956	-56.002	-2.845	0	0	0	0	9	55	-155.955	-1.82	1.844	0	0	0	0	10	55	3.748627E+28	-4.043607E+28	-3.256906E+28	0	0	0	0	1	0	-79.096	-19.595	0.977	5	5	5	4	2	0	-78.277	-10.303	0.035	5	5	5	1	0	0	-87.203	-5.704	-0.466	0	0	0	0	54580801	54580810	54580810
5415	0	0	4	55	-86.8	-22.749	-0.275	0	0	0	0	5	55	-83.241	-37.437	0.72	0	0	0	0	6	55	-85.058	-30.873	11.197	0	0	0	0	7	55	-83.841	-29.349	-10.488	0	0	0	0	8	55	-85.353	-55.96	-3.101	0	0	0	0	9	55	-155.932	-1.42	2.105	0	0	0	0	10	55	3.749135E+28	-4.03656E+28	-3.265052E+28	0	0	0	0	1	0	-79.096	-19.595	0.977	5	5	5	4	2	0	-78.277	-10.303	0.035	5	5	5	1	0	0	-87.203	-5.704	-0.466	0	0	0	0	54580818	54580826	54580826
5432	0	0	4	55	-86.787	-22.903	-0.249	0	0	0	0	5	55	-83.156	-37.77	0.737	0	0	0	0	6	55	-85.106	-31.145	11.257	0	0	0	0	7	55	-83.766	-29.551	-10.669	0	0	0	0	8	55	-85.674	-55.97	-3.18	0	0	0	0	9	55	-156.007	-1.486	2.119	0	0	0	0	10	55	3.756171E+28	-4.029655E+28	-3.265494E+28	0	0	0	0	1	0	-79.096	-19.595	0.977	5	5	5	4	2	0	-78.277	-10.303	0.035	5	5	5	1	0	0	-87.203	-5.704	-0.466	0	0	0	0	54580834	54580843	0
5432	0	0	4	55	-86.787	-22.903	-0.249	0	0	0	0	5	55	-83.156	-37.77	0.737	0	0	0	0	6	55	-85.106	-31.145	11.257	0	0	0	0	7	55	-83.766	-29.551	-10.669	0	0	0	0	8	55	-85.674	-55.97	-3.18	0	0	0	0	9	55	-156.007	-1.486	2.119	0	0	0	0	10	55	3.756171E+28	-4.029655E+28	-3.265494E+28	0	0	0	0	1	0	-79.096	-19.595	0.977	5	5	5	4	2	0	-78.277	-10.303	0.035	5	5	5	1	0	0	-87.203	-5.704	-0.466	0	0	0	0	54580835	54580843	54580843
5448	0	0	4	55	-86.606	-22.994	-0.232	0	0	0	0	5	55	-83.25	-37.675	0.864	0	0	0	0	6	55	-85.035	-31.097	11.333	0	0	0	0	7	55	-83.848	-30.017	-10.799	0	0	0	0	8	55	-85.755	-55.981	-3.078	0	0	0	0	9	55	-155.99	-1.261	2.214	0	0	0	0	10	55	3.756385E+28	-4.027692E+28	-3.267669E+28	0	0	0	0	1	0	-79.096	-19.595	0.977	5	5	5	4	2	0	-78.277	-10.303	0.035	5	5	5	1	0	0	-87.203	-5.704	-0.466	0	0	0	0	54580850	54580859	0
5449	0	0	4	55	-86.606	-22.994	-0.232	0	0	0	0	5	55	-83.25	-37.675	0.864	0	0	0	0	6	55	-85.035	-31.097	11.333	0	0	0	0	7	55	-83.848	-30.017	-10.799	0	0	0	0	8	55	-85.755	-55.981	-3.078	0	0	0	0	9	55	-155.99	-1.261	2.214	0	0	0	0	10	55	3.756385E+28	-4.027692E+28	-3.267669E+28	0	0	0	0	1	0	-79.096	-19.595	0.977	5	5	5	4	2	0	-78.277	-10.303	0.035	5	5	5	1	0	0	-87.203	-5.704	-0.466	0	0	0	0	54580851	54580860	54580860
5465	0	0	4	55	-86.494	-22.853	-0.346	0	0	0	0	5	55	-83.156	-37.724	0.481	0	0	0	0	6	55	-85.044	-31.108	11.322	0	0	0	0	7	55	-83.871	-29.75	-10.862	0	0	0	0	8	55	-85.752	-55.973	-2.919	0	0	0	0	9	55	-155.708	-0.824	2.591	0	0	0	0	10	55	3.756544E+28	-4.026731E+28	-3.268671E+28	0	0	0	0	1	0	-79.096	-19.595	0.977	5	5	5	4	2	0	-78.277	-10.303	0.035	5	5	5	1	0	0	-87.203	-5.704	-0.466	0	0	0	0	54580867	54580876	54580876
5482	0	0	4	55	-86.49	-22.742	-0.037	0	0	0	0	5	55	-83.032	-37.508	0.391	0	0	0	0	6	55	-84.859	-30.932	11.522	0	0	0	0	7	55	-83.869	-30.172	-11.172	0	0	0	0	8	55	-85.877	-55.533	-3.131	0	0	0	0	9	55	-155.54	-0.603	2.678	0	0	0	0	10	55	3.754041E+28	-4.018505E+28	-3.281645E+28	0	0	0	0	1	0	-79.096	-19.595	0.977	5	5	5	4	2	0	-78.277	-10.303	0.035	5	5	5	1	0	0	-87.203	-5.704	-0.466	0	0	0	0	54580885	54580893	0
5482	0	0	4	55	-86.49	-22.742	-0.037	0	0	0	0	5	55	-83.032	-37.508	0.391	0	0	0	0	6	55	-84.859	-30.932	11.522	0	0	0	0	7	55	-83.869	-30.172	-11.172	0	0	0	0	8	55	-85.877	-55.533	-3.131	0	0	0	0	9	55	-155.54	-0.603	2.678	0	0	0	0	10	55	3.754041E+28	-4.018505E+28	-3.281644E+28	0	0	0	0	1	0	-79.096	-19.595	0.977	5	5	5	4	2	0	-78.277	-10.303	0.035	5	5	5	1	0	0	-87.203	-5.704	-0.466	0	0	0	0	54580885	54580893	54580893
5499	0	0	4	55	-85.941	-22.691	-0.202	0	0	0	0	5	55	-82.988	-37.251	0.52	0	0	0	0	6	55	-84.764	-30.992	11.528	0	0	0	0	7	55	-83.618	-30.515	-11.163	0	0	0	0	8	55	-85.897	-55.329	-2.976	0	0	0	0	9	55	-155.306	-0.175	2.956	0	0	0	0	10	55	3.743943E+28	-4.019574E+28	-3.291854E+28	0	0	0	0	1	0	-79.096	-19.595	0.977	5	5	5	4	2	0	-78.277	-10.303	0.035	5	5	5	1	0	0	-87.203	-5.704	-0.466	0	0	0	0	54580902	54580910	0
5499	0	0	4	55	-85.941	-22.691	-0.202	0	0	0	0	5	55	-82.988	-37.251	0.52	0	0	0	0	6	55	-84.764	-30.992	11.528	0	0	0	0	7	55	-83.618	-30.515	-11.163	0	0	0	0	8	55	-85.897	-55.329	-2.976	0	0	0	0	9	55	-155.306	-0.175	2.956	0	0	0	0	10	55	3.743943E+28	-4.019574E+28	-3.291854E+28	0	0	0	0	1	0	-79.096	-19.595	0.977	5	5	5	4	2	0	-78.277	-10.303	0.035	5	5	5	1	0	0	-87.203	-5.704	-0.466	0	0	0	0	54580902	54580910	54580910
5515	0	0	4	55	-85.757	-22.825	0.202	0	0	0	0	5	55	-82.511	-37.207	0.517	0	0	0	0	6	55	-84.464	-31.009	11.846	0	0	0	0	7	55	-83.305	-29.962	-11.407	0	0	0	0	8	55	-85.796	-55.014	-3.011	0	0	0	0	9	55	-154.848	0.367	3.177	0	0	0	0	10	55	3.744428E+28	-4.021667E+28	-3.288745E+28	0	0	0	0	1	0	-79.096	-19.595	0.977	5	5	5	4	2	0	-78.277	-10.303	0.035	5	5	5	1	0	0	-87.203	-5.704	-0.466	0	0	0	0	54580917	54580926	54580926
5532	0	0	4	55	-84.842	-23.109	0.414	0	0	0	0	5	55	-82.061	-37.046	0.582	0	0	0	0	6	55	-83.491	-31.131	12.493	0	0	0	0	7	55	-82.681	-29.814	-11.43	0	0	0	0	8	55	-85.583	-54.707	-2.822	0	0	0	0	9	55	-154.256	0.943	3.434	0	0	0	0	10	55	3.738768E+28	-4.020729E+28	-3.296323E+28	0	0	0	0	1	0	-79.096	-19.595	0.977	5	5	5	4	2	0	-78.277	-10.303	0.035	5	5	5	1	0	0	-87.203	-5.704	-0.466	0	0	0	0	54580934	54580943	0
5532	0	0	4	55	-84.842	-23.108	0.414	0	0	0	0	5	55	-82.061	-37.046	0.582	0	0	0	0	6	55	-83.491	-31.131	12.493	0	0	0	0	7	55	-82.681	-29.814	-11.43	0	0	0	0	8	55	-85.583	-54.707	-2.822	0	0	0	0	9	55	-154.256	0.943	3.434	0	0	0	0	10	55	3.738767E+28	-4.020729E+28	-3.296325E+28	0	0	0	0	1	0	-79.096	-19.595	0.977	5	5	5	4	2	0	-78.277	-10.303	0.035	5	5	5	1	0	0	-87.203	-5.704	-0.466	0	0	0	0	54580934	54580943	54580943
5549	0	0	4	55	-84.364	-23.322	0.47	0	0	0	0	5	55	-81.7	-37.028	0.628	0	0	0	0	6	55	-83.409	-31.39	12.232	0	0	0	0	7	55	-82.137	-30.6	-11.418	0	0	0	0	8	55	-85.449	-54.605	-2.774	0	0	0	0	9	55	-153.875	1.216	3.507	0	0	0	0	10	55	3.744082E+28	-4.025135E+28	-3.284894E+28	0	0	0	0	1	0	-79.096	-19.595	0.977	5	5	5	4	2	0	-78.277	-10.303	0.035	5	5	5	1	0	0	-87.203	-5.704	-0.466	0	0	0	0	54580950	54580960	0
5550	0	0	4	55	-84.364	-23.322	0.47	0	0	0	0	5	55	-81.7	-37.028	0.628	0	0	0	0	6	55	-83.409	-31.39	12.232	0	0	0	0	7	55	-82.137	-30.6	-11.418	0	0	0	0	8	55	-85.449	-54.605	-2.774	0	0	0	0	9	55	-153.875	1.216	3.507	0	0	0	0	10	55	3.744083E+28	-4.025135E+28	-3.284894E+28	0	0	0	0	1	0	-79.096	-19.595	0.977	5	5	5	4	2	0	-78.277	-10.303	0.035	5	5	5	1	0	0	-87.203	-5.704	-0.466	0	0	0	0	54580951	54580961	54580961
5565	0	0	4	55	-83.023	-23.765	0.433	0	0	0	0	5	55	-81.264	-36.815	0.689	0	0	0	0	6	55	-82.953	-31.177	12.785	0	0	0	0	7	55	-81.244	-30.216	-11.288	0	0	0	0	8	55	-85.434	-54.111	-2.463	0	0	0	0	9	55	-153.357	1.506	3.479	0	0	0	0	10	55	3.74765E+28	-4.021815E+28	-3.284893E+28	0	0	0	0	1	0	-79.096	-19.595	0.977	5	5	5	4	2	0	-78.277	-10.303	0.035	5	5	5	1	0	0	-87.203	-5.704	-0.466	0	0	0	0	54580967	54580976	54580976
5582	0	0	4	55	-81.792	-23.52	0.989	0	0	0	0	5	55	-80.362	-36.469	0.885	0	0	0	0	6	55	-82.386	-31.603	12.916	0	0	0	0	7	55	-80.545	-30.927	-11.493	0	0	0	0	8	55	-85.297	-53.393	-2.412	0	0	0	0	9	55	-152.663	1.673	3.391	0	0	0	0	10	55	3.757608E+28	-4.014636E+28	-3.282296E+28	0	0	0	0	1	1	-79.096	-19.595	0.977	5	5	5	4	2	0	-78.277	-10.303	0.035	5	5	5	1	0	0	-87.203	-5.704	-0.466	0	0	0	0	54580985	54580993	0
5582	0	0	4	55	-81.792	-23.52	0.989	0	0	0	0	5	55	-80.362	-36.469	0.885	0	0	0	0	6	55	-82.386	-31.603	12.916	0	0	0	0	7	55	-80.545	-30.927	-11.493	0	0	0	0	8	55	-85.297	-53.393	-2.412	0	0	0	0	9	55	-152.663	1.673	3.391	0	0	0	0	10	55	3.757608E+28	-4.014636E+28	-3.282297E+28	0	0	0	0	1	2	-79.096	-19.595	0.977	5	5	5	4	2	0	-78.277	-10.303	0.035	5	5	5	1	0	0	-87.203	-5.704	-0.466	0	0	0	0	54580985	54580993	54580993
5598	0	0	4	55	-81.341	-23.271	1.09	0	0	0	0	5	55	-80.202	-36.06	1.106	0	0	0	0	6	55	-82.179	-31.455	13.043	0	0	0	0	7	55	-80.715	-31.094	-11.513	0	0	0	0	8	55	-85.253	-53.018	-2.502	0	0	0	0	9	55	-152.415	1.907	3.497	0	0	0	0	10	55	3.761498E+28	-4.012774E+28	-3.280118E+28	0	0	0	0	1	2	-79.096	-19.595	0.977	5	5	5	4	2	0	-78.277	-10.303	0.035	5	5	5	1	0	0	-87.203	-5.704	-0.466	0	0	0	0	54581000	54581009	0
5598	0	0	4	55	-81.341	-23.271	1.09	0	0	0	0	5	55	-80.202	-36.06	1.106	0	0	0	0	6	55	-82.179	-31.455	13.043	0	0	0	0	7	55	-80.715	-31.094	-11.513	0	0	0	0	8	55	-85.253	-53.018	-2.502	0	0	0	0	9	55	-152.415	1.907	3.497	0	0	0	0	10	55	3.761498E+28	-4.012774E+28	-3.280118E+28	0	0	0	0	1	2	-79.096	-19.595	0.977	5	5	5	4	2	0	-78.277	-10.303	0.035	5	5	5	1	0	0	-87.203	-5.704	-0.466	0	0	0	0	54581000	54581009	54581009
5615	0	0	4	55	-81.647	-22.318	1.006	0	0	0	0	5	55	-80.453	-35.125	1.105	0	0	0	0	6	55	-81.87	-31.198	13.049	0	0	0	0	7	55	-80.73	-31.115	-11.683	0	0	0	0	8	55	-85.689	-51.771	-2.411	0	0	0	0	9	55	-152.068	1.912	3.43	0	0	0	0	10	55	3.765492E+28	-4.01045E+28	-3.278377E+28	0	0	0	0	1	2	-79.096	-19.595	0.977	5	5	5	4	2	0	-78.277	-10.303	0.035	5	5	5	1	0	0	-87.203	-5.704	-0.466	0	0	0	0	54581017	54581026	54581026
5632	0	0	4	55	-81.857	-21.601	1.025	0	0	0	0	5	55	-80.451	-34.327	0.942	0	0	0	0	6	55	-81.931	-30.381	12.788	0	0	0	0	7	55	-80.475	-30.196	-11.492	0	0	0	0	8	55	-85.924	-50.966	-2.683	0	0	0	0	9	55	-152.075	1.726	3.07	0	0	0	0	10	55	3.762135E+28	-4.015035E+28	-3.276618E+28	0	0	0	0	1	2	-79.096	-19.595	0.977	5	5	5	4	2	0	-78.277	-10.303	0.035	5	5	5	1	0	0	-87.203	-5.704	-0.466	0	0	0	0	54581034	54581043	0
5632	0	0	4	55	-81.857	-21.601	1.025	0	0	0	0	5	55	-80.451	-34.327	0.943	0	0	0	0	6	55	-81.931	-30.381	12.788	0	0	0	0	7	55	-80.475	-30.196	-11.492	0	0	0	0	8	55	-85.924	-50.966	-2.683	0	0	0	0	9	55	-152.075	1.726	3.07	0	0	0	0	10	55	3.762135E+28	-4.015035E+28	-3.276618E+28	0	0	0	0	1	2	-79.096	-19.595	0.977	5	5	5	4	2	0	-78.277	-10.303	0.035	5	5	5	1	0	0	-87.203	-5.704	-0.466	0	0	0	0	54581034	54581043	54581043
5648	0	0	4	55	-81.444	-20.859	0.844	0	0	0	0	5	55	-80.136	-33.715	0.876	0	0	0	0	6	55	-81.643	-30.088	12.877	0	0	0	0	7	55	-80.228	-30.166	-11.495	0	0	0	0	8	55	-85.838	-50.38	-2.665	0	0	0	0	9	55	-151.869	1.807	3.307	0	0	0	0	10	55	3.755027E+28	-4.019752E+28	-3.278987E+28	0	0	0	0	1	2	-79.096	-19.595	0.977	5	5	5	4	2	0	-78.277	-10.303	0.035	5	5	5	1	0	0	-87.203	-5.704	-0.466	0	0	0	0	54581051	54581059	0
5649	0	0	4	55	-81.444	-20.859	0.844	0	0	0	0	5	55	-80.136	-33.715	0.876	0	0	0	0	6	55	-81.643	-30.088	12.877	0	0	0	0	7	55	-80.228	-30.166	-11.495	0	0	0	0	8	55	-85.838	-50.38	-2.665	0	0	0	0	9	55	-151.869	1.807	3.307	0	0	0	0	10	55	3.755027E+28	-4.019753E+28	-3.278987E+28	0	0	0	0	1	2	-79.096	-19.595	0.977	5	5	5	4	2	0	-78.277	-10.303	0.035	5	5	5	1	0	0	-87.203	-5.704	-0.466	0	0	0	0	54581051	54581059	54581059
5665	0	0	4	55	-82.043	-20.44	1.098	0	0	0	0	5	55	-80.236	-33.223	0.732	0	0	0	0	6	55	-81.625	-29.846	12.765	0	0	0	0	7	55	-80.248	-30.47	-11.635	0	0	0	0	8	55	-86.021	-49.892	-2.849	0	0	0	0	9	55	-152.384	1.469	3.396	0	0	0	0	10	55	3.756479E+28	-4.014096E+28	-3.28425E+28	0	0	0	0	1	2	-79.096	-19.595	0.977	5	5	5	4	2	0	-78.277	-10.303	0.035	5	5	5	1	0	0	-87.203	-5.704	-0.466	0	0	0	0	54581067	54581076	54581076
5682	0	0	4	55	-82.288	-20.262	0.832	0	0	0	0	5	55	-80.751	-32.95	0.881	0	0	0	0	6	55	-81.544	-29.71	12.713	0	0	0	0	7	55	-80.305	-30.4	-11.451	0	0	0	0	8	55	-86.319	-49.769	-2.76	0	0	0	0	9	55	-153.024	1.059	3.785	0	0	0	0	10	55	3.762192E+28	-4.010164E+28	-3.282512E+28	0	0	0	0	1	2	-79.096	-19.595	0.977	5	5	5	4	2	0	-78.277	-10.303	0.035	5	5	5	1	0	0	-87.203	-5.704	-0.466	0	0	0	0	54581084	54581092	0
5682	0	0	4	55	-82.288	-20.262	0.832	0	0	0	0	5	55	-80.751	-32.95	0.881	0	0	0	0	6	55	-81.544	-29.71	12.713	0	0	0	0	7	55	-80.305	-30.4	-11.451	0	0	0	0	8	55	-86.319	-49.769	-2.76	0	0	0	0	9	55	-153.024	1.059	3.785	0	0	0	0	10	55	3.762191E+28	-4.010165E+28	-3.282513E+28	0	0	0	0	1	2	-79.096	-19.595	0.977	5	5	5	4	2	0	-78.277	-10.303	0.035	5	5	5	1	0	0	-87.203	-5.704	-0.466	0	0	0	0	54581084	54581093	54581093
5698	0	0	4	55	-82.838	-20.299	0.844	0	0	0	0	5	55	-81.184	-33.034	0.61	0	0	0	0	6	55	-81.484	-30.009	12.524	0	0	0	0	7	55	-80.41	-30.655	-11.376	0	0	0	0	8	55	-86.449	-50.016	-2.853	0	0	0	0	9	55	-153.666	0.472	3.718	0	0	0	0	10	55	3.774577E+28	-3.9994E+28	-3.281427E+28	0	0	0	0	1	2	-79.096	-19.595	0.977	5	5	5	4	2	0	-78.277	-10.303	0.035	5	5	5	1	0	0	-87.203	-5.704	-0.466	0	0	0	0	54581100	54581109	0
5699	0	0	4	55	-82.838	-20.299	0.844	0	0	0	0	5	55	-81.184	-33.034	0.61	0	0	0	0	6	55	-81.484	-30.009	12.524	0	0	0	0	7	55	-80.41	-30.656	-11.376	0	0	0	0	8	55	-86.449	-50.016	-2.853	0	0	0	0	9	55	-153.666	0.472	3.718	0	0	0	0	10	55	3.774578E+28	-3.9994E+28	-3.281427E+28	0	0	0	0	1	2	-79.096	-19.595	0.977	5	5	5	4	2	0	-78.277	-10.303	0.035	5	5	5	1	0	0	-87.203	-5.704	-0.466	0	0	0	0	54581100	54581110	54581110
5715	0	0	4	55	-83.891	-20.27	0.198	0	0	0	0	5	55	-82.233	-33.047	0.537	0	0	0	0	6	55	-81.721	-29.296	12.148	0	0	0	0	7	55	-80.197	-29.955	-11.488	0	0	0	0	8	55	-86.627	-50.35	-2.907	0	0	0	0	9	55	-154.876	-0.358	3.516	0	0	0	0	10	55	3.783197E+28	-3.994615E+28	-3.277326E+28	0	0	0	0	1	2	-79.096	-19.595	0.977	5	5	5	4	2	0	-78.277	-10.303	0.035	5	5	5	1	0	0	-87.203	-5.704	-0.466	0	0	0	0	54581117	54581126	54581126
5732	0	0	4	55	-85.517	-20.809	0.067	0	0	0	0	5	55	-83.134	-33.34	0.242	0	0	0	0	6	55	-82.186	-29.227	11.829	0	0	0	0	7	55	-80.712	-29.658	-11.561	0	0	0	0	8	55	-86.669	-50.947	-2.973	0	0	0	0	9	55	-155.708	-1.026	3.299	0	0	0	0	10	55	3.793603E+28	-3.981899E+28	-3.28077E+28	0	0	0	0	1	0	-79.096	-19.595	0.977	5	5	5	4	2	0	-78.277	-10.303	0.035	5	5	5	1	0	0	-87.203	-5.704	-0.466	0	0	0	0	54581134	54581142	0
5732	0	0	4	55	-85.517	-20.809	0.067	0	0	0	0	5	55	-83.134	-33.34	0.242	0	0	0	0	6	55	-82.186	-29.227	11.829	0	0	0	0	7	55	-80.712	-29.658	-11.561	0	0	0	0	8	55	-86.669	-50.947	-2.973	0	0	0	0	9	55	-155.708	-1.026	3.299	0	0	0	0	10	55	3.793602E+28	-3.9819E+28	-3.28077E+28	0	0	0	0	1	0	-79.096	-19.595	0.977	5	5	5	4	2	0	-78.277	-10.303	0.035	5	5	5	1	0	0	-87.203	-5.704	-0.466	0	0	0	0	54581134	54581143	54581143
5748	0	0	4	55	-86.56	-21.199	0.158	0	0	0	0	5	55	-83.687	-33.785	0.094	0	0	0	0	6	55	-82.725	-29.585	11.651	0	0	0	0	7	55	-81.201	-29.579	-11.422	0	0	0	0	8	55	-86.778	-51.515	-3.158	0	0	0	0	9	55	-156.274	-1.399	2.977	0	0	0	0	10	55	3.809249E+28	-3.97003E+28	-3.277023E+28	0	0	0	0	1	0	-79.096	-19.595	0.977	5	5	5	4	2	0	-78.277	-10.303	0.035	5	5	5	1	0	0	-87.203	-5.704	-0.466	0	0	0	0	54581151	54581159	0
5749	0	0	4	55	-86.56	-21.199	0.158	0	0	0	0	5	55	-83.687	-33.785	0.094	0	0	0	0	6	55	-82.725	-29.585	11.651	0	0	0	0	7	55	-81.201	-29.579	-11.422	0	0	0	0	8	55	-86.778	-51.515	-3.158	0	0	0	0	9	55	-156.274	-1.399	2.977	0	0	0	0	10	55	3.809249E+28	-3.97003E+28	-3.277022E+28	0	0	0	0	1	0	-79.096	-19.595	0.977	5	5	5	4	2	0	-78.277	-10.303	0.035	5	5	5	1	0	0	-87.203	-5.704	-0.466	0	0	0	0	54581151	54581160	54581160
5765	0	0	4	55	-87.158	-22.411	-0.165	0	0	0	0	5	55	-84.38	-34.794	0.154	0	0	0	0	6	55	-83.452	-30.238	11.594	0	0	0	0	7	55	-81.454	-30.225	-11.434	0	0	0	0	8	55	-86.807	-52.609	-3.19	0	0	0	0	9	55	-156.641	-1.74	2.926	0	0	0	0	10	55	3.820263E+28	-3.960827E+28	-3.275336E+28	0	0	0	0	1	0	-79.096	-19.595	0.977	5	5	5	4	2	0	-78.277	-10.303	0.035	5	5	5	1	0	0	-87.203	-5.704	-0.466	0	0	0	0	54581167	54581176	54581176
5782	0	0	4	55	-87.323	-22.743	-0.192	0	0	0	0	5	55	-84.768	-35.145	0.047	0	0	0	0	6	55	-83.725	-30.234	11.693	0	0	0	0	7	55	-81.967	-29.816	-11.348	0	0	0	0	8	55	-86.378	-53.131	-2.945	0	0	0	0	9	55	-156.859	-1.75	2.954	0	0	0	0	10	55	3.814022E+28	-3.962354E+28	-3.280758E+28	0	0	0	0	1	0	-79.096	-19.595	0.977	5	5	5	4	2	0	-78.277	-10.303	0.035	5	5	5	1	0	0	-87.203	-5.704	-0.466	0	0	0	0	54581184	54581193	0
5782	0	0	4	55	-87.323	-22.743	-0.192	0	0	0	0	5	55	-84.768	-35.145	0.047	0	0	0	0	6	55	-83.725	-30.234	11.693	0	0	0	0	7	55	-81.967	-29.816	-11.348	0	0	0	0	8	55	-86.378	-53.131	-2.945	0	0	0	0	9	55	-156.859	-1.75	2.954	0	0	0	0	10	55	3.814022E+28	-3.962354E+28	-3.280758E+28	0	0	0	0	1	0	-79.096	-19.595	0.977	5	5	5	4	2	0	-78.277	-10.303	0.035	5	5	5	1	0	0	-87.203	-5.704	-0.466	0	0	0	0	54581184	54581193	54581193
5798	0	0	4	55	-87.71	-22.804	-0.194	0	0	0	0	5	55	-84.91	-35.365	0.052	0	0	0	0	6	55	-84.017	-30.385	11.457	0	0	0	0	7	55	-82.177	-30.144	-11.44	0	0	0	0	8	55	-86.324	-53.401	-3.046	0	0	0	0	9	55	-156.942	-1.839	2.875	0	0	0	0	10	55	3.812867E+28	-3.965733E+28	-3.278017E+28	0	0	0	0	1	0	-79.096	-19.595	0.977	5	5	5	4	2	0	-78.277	-10.303	0.035	5	5	5	1	0	0	-87.203	-5.704	-0.466	0	0	0	0	54581201	54581209	0
5799	0	0	4	55	-87.71	-22.804	-0.194	0	0	0	0	5	55	-84.91	-35.365	0.052	0	0	0	0	6	55	-84.017	-30.385	11.457	0	0	0	0	7	55	-82.177	-30.144	-11.44	0	0	0	0	8	55	-86.324	-53.401	-3.046	0	0	0	0	9	55	-156.942	-1.838	2.875	0	0	0	0	10	55	3.812866E+28	-3.965733E+28	-3.278019E+28	0	0	0	0	1	0	-79.096	-19.595	0.977	5	5	5	4	2	0	-78.277	-10.303	0.035	5	5	5	1	0	0	-87.203	-5.704	-0.466	0	0	0	0	54581201	54581209	54581209
5815	0	0	4	55	-88.154	-22.853	-0.355	0	0	0	0	5	55	-85.557	-35.652	-0.181	0	0	0	0	6	55	-84.456	-30.332	11.479	0	0	0	0	7	55	-83.261	-29.908	-11.27	0	0	0	0	8	55	-86.106	-53.853	-3.163	0	0	0	0	9	55	-156.923	-1.941	2.827	0	0	0	0	10	55	3.809569E+28	-3.966701E+28	-3.28068E+28	0	0	0	0	1	0	-79.096	-19.595	0.977	5	5	5	4	2	0	-78.277	-10.303	0.035	5	5	5	1	0	0	-87.203	-5.704	-0.466	0	0	0	0	54581218	54581226	54581226
5832	0	0	4	55	-88.587	-22.957	-0.415	0	0	0	0	5	55	-86.184	-35.984	0.131	0	0	0	0	6	55	-85.216	-30.535	11.274	0	0	0	0	7	55	-83.925	-29.961	-11.016	0	0	0	0	8	55	-86.286	-54.321	-2.765	0	0	0	0	9	55	-157.266	-2.085	2.978	0	0	0	0	10	55	3.802652E+28	-3.965434E+28	-3.290224E+28	0	0	0	0	1	0	-79.096	-19.595	0.977	5	5	5	4	2	0	-78.277	-10.303	0.035	5	5	5	1	0	0	-87.203	-5.704	-0.466	0	0	0	0	54581234	54581243	0
5832	0	0	4	55	-88.587	-22.957	-0.415	0	0	0	0	5	55	-86.184	-35.984	0.131	0	0	0	0	6	55	-85.216	-30.535	11.274	0	0	0	0	7	55	-83.925	-29.961	-11.016	0	0	0	0	8	55	-86.286	-54.321	-2.765	0	0	0	0	9	55	-157.266	-2.085	2.978	0	0	0	0	10	55	3.802651E+28	-3.965434E+28	-3.290224E+28	0	0	0	0	1	0	-79.096	-19.595	0.977	5	5	5	4	2	0	-78.277	-10.303	0.035	5	5	5	1	0	0	-87.203	-5.704	-0.466	0	0	0	0	54581235	54581243	54581243
5848	0	0	4	55	-88.802	-22.707	-0.487	0	0	0	0	5	55	-86.502	-35.765	0.36	0	0	0	0	6	55	-85.347	-30.072	11.293	0	0	0	0	7	55	-84.05	-29.499	-11.048	0	0	0	0	8	55	-86.18	-54.239	-2.727	0	0	0	0	9	55	-157.106	-1.742	2.975	0	0	0	0	10	55	3.790115E+28	-3.977142E+28	-3.290557E+28	0	0	0	0	1	0	-79.096	-19.595	0.977	5	5	5	4	2	0	-78.277	-10.303	0.035	5	5	5	1	0	0	-87.203	-5.704	-0.466	0	0	0	0	54581249	54581259	0
5849	0	0	4	55	-88.802	-22.707	-0.487	0	0	0	0	5	55	-86.502	-35.765	0.36	0	0	0	0	6	55	-85.347	-30.072	11.293	0	0	0	0	7	55	-84.05	-29.499	-11.048	0	0	0	0	8	55	-86.18	-54.239	-2.727	0	0	0	0	9	55	-157.106	-1.742	2.975	0	0	0	0	10	55	3.790116E+28	-3.977142E+28	-3.290556E+28	0	0	0	0	1	0	-79.096	-19.595	0.977	5	5	5	4	2	0	-78.277	-10.303	0.035	5	5	5	1	0	0	-87.203	-5.704	-0.466	0	0	0	0	54581249	54581260	54581260
5865	0	0	4	55	-89.306	-22.737	-0.648	0	0	0	0	5	55	-87.078	-35.981	0.077	0	0	0	0	6	55	-85.695	-30.121	10.97	0	0	0	0	7	55	-84.381	-29.827	-10.998	0	0	0	0	8	55	-86.341	-54.362	-2.93	0	0	0	0	9	55	-157.15	-1.73	3.092	0	0	0	0	10	55	3.777439E+28	-3.979776E+28	-3.301928E+28	0	0	0	0	1	0	-79.096	-19.595	0.977	5	5	5	4	2	0	-78.277	-10.303	0.035	5	5	5	1	0	0	-87.203	-5.704	-0.466	0	0	0	0	54581268	54581276	54581276
5882	0	0	4	55	-90.042	-22.649	-0.574	0	0	0	0	5	55	-88.043	-35.965	0.386	0	0	0	0	6	55	-86.278	-29.856	10.559	0	0	0	0	7	55	-84.707	-29.857	-10.673	0	0	0	0	8	55	-86.61	-54.599	-2.935	0	0	0	0	9	55	-157.332	-1.881	2.976	0	0	0	0	10	55	3.781943E+28	-3.981014E+28	-3.295273E+28	0	0	0	0	1	0	-79.096	-19.595	0.977	5	5	5	4	2	0	-78.277	-10.303	0.035	5	5	5	1	0	0	-87.203	-5.704	-0.466	0	0	0	0	54581284	54581293	0
5882	0	0	4	55	-90.042	-22.649	-0.574	0	0	0	0	5	55	-88.043	-35.965	0.386	0	0	0	0	6	55	-86.278	-29.856	10.559	0	0	0	0	7	55	-84.707	-29.857	-10.673	0	0	0	0	8	55	-86.61	-54.599	-2.935	0	0	0	0	9	55	-157.332	-1.881	2.976	0	0	0	0	10	55	3.781945E+28	-3.981014E+28	-3.295271E+28	0	0	0	0	1	0	-79.096	-19.595	0.977	5	5	5	4	2	0	-78.277	-10.303	0.035	5	5	5	1	0	0	-87.203	-5.704	-0.466	0	0	0	0	54581284	54581293	54581293
5898	0	0	4	55	-90.078	-22.822	-1.019	0	0	0	0	5	55	-88.483	-36.197	0.319	0	0	0	0	6	55	-86.551	-29.983	10.53	0	0	0	0	7	55	-85.103	-30.182	-10.763	0	0	0	0	8	55	-86.827	-54.933	-3.124	0	0	0	0	9	55	-157.515	-2.182	2.924	0	0	0	0	10	55	3.778861E+28	-3.973922E+28	-3.307348E+28	0	0	0	0	1	0	-79.096	-19.595	0.977	5	5	5	4	2	0	-78.277	-10.303	0.035	5	5	5	1	0	0	-87.203	-5.704	-0.466	0	0	0	0	54581301	54581309	0
5899	0	0	4	55	-90.078	-22.822	-1.019	0	0	0	0	5	55	-88.483	-36.197	0.319	0	0	0	0	6	55	-86.551	-29.983	10.53	0	0	0	0	7	55	-85.103	-30.182	-10.763	0	0	0	0	8	55	-86.827	-54.933	-3.124	0	0	0	0	9	55	-157.515	-2.182	2.924	0	0	0	0	10	55	3.778861E+28	-3.973922E+28	-3.307348E+28	0	0	0	0	1	0	-79.096	-19.595	0.977	5	5	5	4	2	0	-78.277	-10.303	0.035	5	5	5	1	0	0	-87.203	-5.704	-0.466	0	0	0	0	54581301	54581310	54581310
5915	0	0	4	55	-90.582	-22.844	-0.747	0	0	0	0	5	55	-88.769	-36.405	0	0	0	0	0	6	55	-86.804	-30.073	10.281	0	0	0	0	7	55	-85.388	-30.223	-10.765	0	0	0	0	8	55	-87.259	-55.083	-3.089	0	0	0	0	9	55	-157.384	-2	2.853	0	0	0	0	10	55	3.762955E+28	-3.987273E+28	-3.309413E+28	0	0	0	0	1	0	-79.096	-19.595	0.977	5	5	5	4	2	0	-78.277	-10.303	0.035	5	5	5	1	0	0	-87.203	-5.704	-0.466	0	0	0	0	54581317	54581326	54581326
5932	0	0	4	55	-90.766	-22.876	-1.069	0	0	0	0	5	55	-89.397	-36.448	0.083	0	0	0	0	6	55	-87.062	-30.089	10.137	0	0	0	0	7	55	-85.542	-29.755	-10.466	0	0	0	0	8	55	-87.524	-55.1	-3.34	0	0	0	0	9	55	-157.399	-2.185	2.619	0	0	0	0	10	55	3.773308E+28	-3.987078E+28	-3.29784E+28	0	0	0	0	1	0	-79.096	-19.595	0.977	5	5	5	4	2	0	-78.277	-10.303	0.035	5	5	5	1	0	0	-87.203	-5.704	-0.466	0	0	0	0	54581334	54581343	0
5932	0	0	4	55	-90.766	-22.876	-1.069	0	0	0	0	5	55	-89.397	-36.448	0.083	0	0	0	0	6	55	-87.062	-30.089	10.137	0	0	0	0	7	55	-85.542	-29.755	-10.466	0	0	0	0	8	55	-87.524	-55.1	-3.34	0	0	0	0	9	55	-157.399	-2.185	2.619	0	0	0	0	10	55	3.773308E+28	-3.987078E+28	-3.29784E+28	0	0	0	0	1	0	-79.096	-19.595	0.977	5	5	5	4	2	0	-78.277	-10.303	0.035	5	5	5	1	0	0	-87.203	-5.704	-0.466	0	0	0	0	54581334	54581343	54581343
5948	0	0	4	55	-90.908	-22.838	-0.984	0	0	0	0	5	55	-89.443	-36.406	0.07	0	0	0	0	6	55	-87.009	-30.149	9.972	0	0	0	0	7	55	-85.695	-29.494	-10.458	0	0	0	0	8	55	-87.619	-55.136	-3.32	0	0	0	0	9	55	-157.213	-1.981	2.604	0	0	0	0	10	55	3.758821E+28	-3.997866E+28	-3.301321E+28	0	0	0	0	1	0	-79.096	-19.595	0.977	5	5	5	4	2	0	-78.277	-10.303	0.035	5	5	5	1	0	0	-87.203	-5.704	-0.466	0	0	0	0	54581351	54581359	0
5949	0	0	4	55	-90.908	-22.838	-0.984	0	0	0	0	5	55	-89.443	-36.406	0.07	0	0	0	0	6	55	-87.009	-30.149	9.972	0	0	0	0	7	55	-85.695	-29.494	-10.458	0	0	0	0	8	55	-87.619	-55.136	-3.32	0	0	0	0	9	55	-157.213	-1.981	2.604	0	0	0	0	10	55	3.758822E+28	-3.997867E+28	-3.30132E+28	0	0	0	0	1	0	-79.096	-19.595	0.977	5	5	5	4	2	0	-78.277	-10.303	0.035	5	5	5	1	0	0	-87.203	-5.704	-0.466	0	0	0	0	54581351	54581360	54581360
5965	0	0	4	55	-91.115	-22.719	-0.813	0	0	0	0	5	55	-89.733	-36.403	0.132	0	0	0	0	6	55	-87.031	-30.227	10.019	0	0	0	0	7	55	-85.85	-29.592	-10.078	0	0	0	0	8	55	-87.698	-55.275	-3.137	0	0	0	0	9	55	-156.812	-1.954	2.772	0	0	0	0	10	55	3.751898E+28	-4.002756E+28	-3.30327E+28	0	0	0	0	1	0	-79.096	-19.595	0.977	5	5	5	4	2	0	-78.277	-10.303	0.035	5	5	5	1	0	0	-87.203	-5.704	-0.466	0	0	0	0	54581368	54581376	54581376
5982	0	0	4	55	-91.079	-22.554	-1.047	0	0	0	0	5	55	-89.895	-36.319	0.125	0	0	0	0	6	55	-87.188	-30.029	9.793	0	0	0	0	7	55	-85.63	-29.607	-10.123	0	0	0	0	8	55	-87.953	-55.198	-3.37	0	0	0	0	9	55	-156.607	-1.867	2.523	0	0	0	0	10	55	3.743354E+28	-4.010576E+28	-3.30348E+28	0	0	0	0	1	0	-79.096	-19.595	0.977	5	5	5	4	2	0	-78.277	-10.303	0.035	5	5	5	1	0	0	-87.203	-5.704	-0.466	0	0	0	0	54581384	54581393	0
5982	0	0	4	55	-91.079	-22.554	-1.047	0	0	0	0	5	55	-89.895	-36.319	0.125	0	0	0	0	6	55	-87.188	-30.029	9.793	0	0	0	0	7	55	-85.63	-29.607	-10.123	0	0	0	0	8	55	-87.953	-55.198	-3.37	0	0	0	0	9	55	-156.607	-1.867	2.523	0	0	0	0	10	55	3.743354E+28	-4.010576E+28	-3.30348E+28	0	0	0	0	1	0	-79.096	-19.595	0.977	5	5	5	4	2	0	-78.277	-10.303	0.035	5	5	5	1	0	0	-87.203	-5.704	-0.466	0	0	0	0	54581384	54581393	54581393
5998	0	0	4	55	-91.105	-22.452	-1.03	0	0	0	0	5	55	-89.85	-36.236	0.037	0	0	0	0	6	55	-87.231	-29.981	9.844	0	0	0	0	7	55	-85.85	-29.399	-9.969	0	0	0	0	8	55	-87.855	-55.355	-3.091	0	0	0	0	9	55	-156.54	-1.825	2.515	0	0	0	0	10	55	3.746358E+28	-4.011803E+28	-3.29858E+28	0	0	0	0	1	0	-79.096	-19.595	0.977	5	5	5	4	2	0	-78.277	-10.303	0.035	5	5	5	1	0	0	-87.203	-5.704	-0.466	0	0	0	0	54581401	54581409	0
5999	0	0	4	55	-91.105	-22.452	-1.03	0	0	0	0	5	55	-89.85	-36.236	0.037	0	0	0	0	6	55	-87.231	-29.981	9.844	0	0	0	0	7	55	-85.85	-29.399	-9.969	0	0	0	0	8	55	-87.855	-55.355	-3.091	0	0	0	0	9	55	-156.54	-1.825	2.515	0	0	0	0	10	55	3.746358E+28	-4.011803E+28	-3.29858E+28	0	0	0	0	1	0	-79.096	-19.595	0.977	5	5	5	4	2	0	-78.277	-10.303	0.035	5	5	5	1	0	0	-87.203	-5.704	-0.466	0	0	0	0	54581401	54581410	54581410
6015	0	0	4	55	-90.855	-22.263	-0.761	0	0	0	0	5	55	-89.566	-36.107	0.214	0	0	0	0	6	55	-87.069	-29.816	9.986	0	0	0	0	7	55	-85.7	-29.247	-9.8	0	0	0	0	8	55	-87.745	-55.449	-2.928	0	0	0	0	9	55	-156.039	-1.575	2.412	0	0	0	0	10	55	3.739015E+28	-4.019762E+28	-3.297222E+28	0	0	0	0	1	0	-79.096	-19.595	0.977	5	5	5	4	2	0	-78.277	-10.303	0.035	5	5	5	1	0	0	-87.203	-5.704	-0.466	0	0	0	0	54581418	54581426	54581426
6032	0	0	4	55	-90.746	-22.339	-0.823	0	0	0	0	5	55	-89.02	-36.4	0.403	0	0	0	0	6	55	-86.98	-29.94	10.113	0	0	0	0	7	55	-85.387	-29.027	-10	0	0	0	0	8	55	-87.771	-55.729	-2.912	0	0	0	0	9	55	-155.743	-1.548	2.394	0	0	0	0	10	55	3.746135E+28	-4.013113E+28	-3.29724E+28	0	0	0	0	1	0	-79.096	-19.595	0.977	5	5	5	4	2	0	-78.277	-10.303	0.035	5	5	5	1	0	0	-87.203	-5.704	-0.466	0	0	0	0	54581434	54581443	0
6032	0	0	4	55	-90.746	-22.339	-0.823	0	0	0	0	5	55	-89.02	-36.4	0.403	0	0	0	0	6	55	-86.98	-29.94	10.113	0	0	0	0	7	55	-85.387	-29.027	-10	0	0	0	0	8	55	-87.771	-55.729	-2.912	0	0	0	0	9	55	-155.743	-1.548	2.394	0	0	0	0	10	55	3.746135E+28	-4.013113E+28	-3.297241E+28	0	0	0	0	1	0	-79.096	-19.595	0.977	5	5	5	4	2	0	-78.277	-10.303	0.035	5	5	5	1	0	0	-87.203	-5.704	-0.466	0	0	0	0	54581434	54581443	54581443
6048	0	0	4	55	-90.524	-22.429	-0.863	0	0	0	0	5	55	-88.51	-36.649	0.203	0	0	0	0	6	55	-86.76	-30.119	10.007	0	0	0	0	7	55	-85.19	-29.449	-10.056	0	0	0	0	8	55	-87.75	-55.871	-2.952	0	0	0	0	9	55	-155.683	-1.693	2.263	0	0	0	0	10	55	3.755179E+28	-4.006603E+28	-3.294869E+28	0	0	0	0	1	0	-79.096	-19.595	0.977	5	5	5	4	2	0	-78.277	-10.303	0.035	5	5	5	1	0	0	-87.203	-5.704	-0.466	0	0	0	0	54581450	54581459	0
6049	0	0	4	55	-90.524	-22.429	-0.863	0	0	0	0	5	55	-88.51	-36.649	0.203	0	0	0	0	6	55	-86.76	-30.119	10.007	0	0	0	0	7	55	-85.19	-29.449	-10.056	0	0	0	0	8	55	-87.75	-55.871	-2.952	0	0	0	0	9	55	-155.683	-1.693	2.263	0	0	0	0	10	55	3.755179E+28	-4.006603E+28	-3.294869E+28	0	0	0	0	1	0	-79.096	-19.595	0.977	5	5	5	4	2	0	-78.277	-10.303	0.035	5	5	5	1	0	0	-87.203	-5.704	-0.466	0	0	0	0	54581450	54581459	54581459
6065	0	0	4	55	-89.823	-22.361	-1.263	0	0	0	0	5	55	-87.679	-36.823	-0.248	0	0	0	0	6	55	-86.3	-30.125	9.92	0	0	0	0	7	55	-84.625	-29.408	-10.672	0	0	0	0	8	55	-87.694	-56.028	-3.207	0	0	0	0	9	55	-155.112	-1.428	1.902	0	0	0	0	10	55	3.752831E+28	-4.011394E+28	-3.291712E+28	0	0	0	0	1	0	-79.096	-19.595	0.977	5	5	5	4	2	0	-78.277	-10.303	0.035	5	5	5	1	0	0	-87.203	-5.704	-0.466	0	0	0	0	54581467	54581476	54581476
6082	0	0	4	55	-89.158	-22.555	-1.379	0	0	0	0	5	55	-87.102	-37.202	-0.442	0	0	0	0	6	55	-85.79	-30.617	9.701	0	0	0	0	7	55	-84.334	-29.744	-10.866	0	0	0	0	8	55	-87.75	-56.377	-3.388	0	0	0	0	9	55	-154.906	-1.664	1.366	0	0	0	0	10	55	3.761428E+28	-4.005599E+28	-3.288955E+28	0	0	0	0	1	0	-79.096	-19.595	0.977	5	5	5	4	2	0	-78.277	-10.303	0.035	5	5	5	1	0	0	-87.203	-5.704	-0.466	0	0	0	0	54581484	54581492	0
6082	0	0	4	55	-89.158	-22.555	-1.379	0	0	0	0	5	55	-87.102	-37.202	-0.442	0	0	0	0	6	55	-85.79	-30.617	9.701	0	0	0	0	7	55	-84.334	-29.744	-10.866	0	0	0	0	8	55	-87.75	-56.377	-3.388	0	0	0	0	9	55	-154.906	-1.664	1.366	0	0	0	0	10	55	3.761429E+28	-4.005599E+28	-3.288955E+28	0	0	0	0	1	0	-79.096	-19.595	0.977	5	5	5	4	2	0	-78.277	-10.303	0.035	5	5	5	1	0	0	-87.203	-5.704	-0.466	0	0	0	0	54581484	54581493	54581493
6098	0	0	4	55	-88.969	-22.614	-1.448	0	0	0	0	5	55	-87.011	-37.257	-0.422	0	0	0	0	6	55	-85.616	-30.774	9.675	0	0	0	0	7	55	-84.07	-29.938	-10.971	0	0	0	0	8	55	-87.62	-56.638	-3.496	0	0	0	0	9	55	-154.727	-1.57	1.478	0	0	0	0	10	55	3.760668E+28	-4.004555E+28	-3.291095E+28	0	0	0	0	1	0	-79.096	-19.595	0.977	5	5	5	4	2	0	-78.277	-10.303	0.035	5	5	5	1	0	0	-87.203	-5.704	-0.466	0	0	0	0	54581501	54581509	0
6099	0	0	4	55	-88.969	-22.614	-1.448	0	0	0	0	5	55	-87.011	-37.257	-0.422	0	0	0	0	6	55	-85.616	-30.774	9.675	0	0	0	0	7	55	-84.07	-29.938	-10.971	0	0	0	0	8	55	-87.62	-56.638	-3.496	0	0	0	0	9	55	-154.727	-1.57	1.478	0	0	0	0	10	55	3.760668E+28	-4.004555E+28	-3.291095E+28	0	0	0	0	1	0	-79.096	-19.595	0.977	5	5	5	4	2	0	-78.277	-10.303	0.035	5	5	5	1	0	0	-87.203	-5.704	-0.466	0	0	0	0	54581501	54581509	54581509
6115	0	0	4	55	-88.647	-22.875	-1.55	0	0	0	0	5	55	-86.545	-37.587	-0.38	0	0	0	0	6	55	-85.361	-31.026	9.638	0	0	0	0	7	55	-83.921	-29.945	-11.236	0	0	0	0	8	55	-87.627	-56.857	-3.545	0	0	0	0	9	55	-154.62	-1.876	1.145	0	0	0	0	10	55	3.7694E+28	-4.002218E+28	-3.283941E+28	0	0	0	0	1	0	-79.096	-19.595	0.977	5	5	5	4	2	0	-78.277	-10.303	0.035	5	5	5	1	0	0	-87.203	-5.704	-0.466	0	0	0	0	54581517	54581526	54581526
6132	0	0	4	55	-88.118	-22.55	-1.372	0	0	0	0	5	55	-86.016	-37.271	-0.266	0	0	0	0	6	55	-84.979	-30.802	9.83	0	0	0	0	7	55	-83.682	-28.788	-10.906	0	0	0	0	8	55	-87.346	-56.658	-3.382	0	0	0	0	9	55	-154.181	-1.31	1.537	0	0	0	0	10	55	3.764766E+28	-4.007324E+28	-3.283031E+28	0	0	0	0	1	0	-79.096	-19.595	0.977	5	5	5	4	2	0	-78.277	-10.303	0.035	5	5	5	1	0	0	-87.203	-5.704	-0.466	0	0	0	0	54581534	54581543	0
6132	0	0	4	55	-88.118	-22.55	-1.372	0	0	0	0	5	55	-86.016	-37.271	-0.266	0	0	0	0	6	55	-84.979	-30.802	9.83	0	0	0	0	7	55	-83.682	-28.788	-10.906	0	0	0	0	8	55	-87.346	-56.658	-3.382	0	0	0	0	9	55	-154.181	-1.31	1.537	0	0	0	0	10	55	3.764765E+28	-4.007323E+28	-3.283032E+28	0	0	0	0	1	0	-79.096	-19.595	0.977	5	5	5	4	2	0	-78.277	-10.303	0.035	5	5	5	1	0	0	-87.203	-5.704	-0.466	0	0	0	0	54581534	54581543	54581543
6148	0	0	4	55	-88.075	-22.52	-1.323	0	0	0	0	5	55	-85.728	-37.325	-0.171	0	0	0	0	6	55	-84.997	-30.744	9.911	0	0	0	0	7	55	-83.436	-29.406	-10.825	0	0	0	0	8	55	-87.465	-56.585	-3.362	0	0	0	0	9	55	-154.335	-1.314	1.535	0	0	0	0	10	55	3.762077E+28	-4.008247E+28	-3.284985E+28	0	0	0	0	1	0	-79.096	-19.595	0.977	5	5	5	4	2	0	-78.277	-10.303	0.035	5	5	5	1	0	0	-87.203	-5.704	-0.466	0	0	0	0	54581551	54581559	0
6149	0	0	4	55	-88.075	-22.52	-1.323	0	0	0	0	5	55	-85.728	-37.325	-0.171	0	0	0	0	6	55	-84.997	-30.744	9.911	0	0	0	0	7	55	-83.436	-29.406	-10.825	0	0	0	0	8	55	-87.465	-56.585	-3.362	0	0	0	0	9	55	-154.335	-1.314	1.535	0	0	0	0	10	55	3.762077E+28	-4.008247E+28	-3.284985E+28	0	0	0	0	1	0	-79.096	-19.595	0.977	5	5	5	4	2	0	-78.277	-10.303	0.035	5	5	5	1	0	0	-87.203	-5.704	-0.466	0	0	0	0	54581551	54581560	54581560
6165	0	0	4	55	-87.521	-22.617	-1.363	0	0	0	0	5	55	-85.371	-37.436	-0.247	0	0	0	0	6	55	-84.651	-30.789	9.92	0	0	0	0	7	55	-83.152	-28.948	-10.942	0	0	0	0	8	55	-87.136	-56.765	-3.2	0	0	0	0	9	55	-154.124	-1.566	1.31	0	0	0	0	10	55	3.768549E+28	-4.015491E+28	-3.26868E+28	0	0	0	0	1	0	-79.096	-19.595	0.977	5	5	5	4	2	0	-78.277	-10.303	0.035	5	5	5	1	0	0	-87.203	-5.704	-0.466	0	0	0	0	54581567	54581576	54581576
6182	0	0	4	55	-87.281	-22.405	-1.36	0	0	0	0	5	55	-85.196	-37.165	-0.173	0	0	0	0	6	55	-84.552	-30.656	9.935	0	0	0	0	7	55	-82.921	-29.174	-10.899	0	0	0	0	8	55	-87.013	-56.544	-3.298	0	0	0	0	9	55	-154.159	-1.573	1.221	0	0	0	0	10	55	3.765465E+28	-4.016483E+28	-3.271013E+28	0	0	0	0	1	0	-79.096	-19.595	0.977	5	5	5	4	2	0	-78.277	-10.303	0.035	5	5	5	1	0	0	-87.203	-5.704	-0.466	0	0	0	0	54581584	54581593	0
6182	0	0	4	55	-87.281	-22.405	-1.36	0	0	0	0	5	55	-85.196	-37.165	-0.173	0	0	0	0	6	55	-84.552	-30.657	9.935	0	0	0	0	7	55	-82.921	-29.174	-10.899	0	0	0	0	8	55	-87.013	-56.544	-3.298	0	0	0	0	9	55	-154.159	-1.573	1.221	0	0	0	0	10	55	3.765466E+28	-4.016483E+28	-3.271013E+28	0	0	0	0	1	0	-79.096	-19.595	0.977	5	5	5	4	2	0	-78.277	-10.303	0.035	5	5	5	1	0	0	-87.203	-5.704	-0.466	0	0	0	0	54581584	54581593	54581593
6198	0	0	4	55	-87.213	-22.363	-1.348	0	0	0	0	5	55	-84.982	-37.222	-0.342	0	0	0	0	6	55	-84.487	-30.686	9.902	0	0	0	0	7	55	-83.046	-29.246	-10.878	0	0	0	0	8	55	-86.952	-56.516	-3.324	0	0	0	0	9	55	-154.196	-1.689	1.1	0	0	0	0	10	55	3.76542E+28	-4.01657E+28	-3.270958E+28	0	0	0	0	1	0	-79.096	-19.595	0.977	5	5	5	4	2	0	-78.277	-10.303	0.035	5	5	5	1	0	0	-87.203	-5.704	-0.466	0	0	0	0	54581601	54581609	0
6199	0	0	4	55	-87.213	-22.363	-1.348	0	0	0	0	5	55	-84.982	-37.222	-0.342	0	0	0	0	6	55	-84.487	-30.686	9.902	0	0	0	0	7	55	-83.046	-29.246	-10.878	0	0	0	0	8	55	-86.952	-56.516	-3.324	0	0	0	0	9	55	-154.196	-1.689	1.1	0	0	0	0	10	55	3.76542E+28	-4.016569E+28	-3.270959E+28	0	0	0	0	1	0	-79.096	-19.595	0.977	5	5	5	4	2	0	-78.277	-10.303	0.035	5	5	5	1	0	0	-87.203	-5.704	-0.466	0	0	0	0	54581601	54581609	54581609
6215	0	0	4	55	-87.379	-22.412	-1.483	0	0	0	0	5	55	-84.969	-37.249	-0.416	0	0	0	0	6	55	-84.727	-30.608	9.92	0	0	0	0	7	55	-83.377	-29.186	-11.228	0	0	0	0	8	55	-86.804	-56.548	-3.385	0	0	0	0	9	55	-154.519	-2.009	1.156	0	0	0	0	10	55	3.77825E+28	-3.996547E+28	-3.280675E+28	0	0	0	0	1	0	-79.096	-19.595	0.977	5	5	5	4	2	0	-78.277	-10.303	0.035	5	5	5	1	0	0	-87.203	-5.704	-0.466	0	0	0	0	54581618	54581626	54581626
6232	0	0	4	55	-87	-21.732	-1.453	0	0	0	0	5	55	-84.71	-36.636	-0.45	0	0	0	0	6	55	-84.409	-30.068	10.004	0	0	0	0	7	55	-82.987	-29.146	-11.081	0	0	0	0	8	55	-86.302	-55.998	-3.338	0	0	0	0	9	55	-154.133	-1.537	1.054	0	0	0	0	10	55	3.767115E+28	-4.013597E+28	-3.272656E+28	0	0	0	0	1	0	-79.096	-19.595	0.977	5	5	5	4	2	0	-78.277	-10.303	0.035	5	5	5	1	0	0	-87.203	-5.704	-0.466	0	0	0	0	54581634	54581643	0
6232	0	0	4	55	-87	-21.732	-1.453	0	0	0	0	5	55	-84.71	-36.636	-0.45	0	0	0	0	6	55	-84.409	-30.068	10.004	0	0	0	0	7	55	-82.987	-29.146	-11.081	0	0	0	0	8	55	-86.302	-55.998	-3.338	0	0	0	0	9	55	-154.133	-1.537	1.054	0	0	0	0	10	55	3.767116E+28	-4.013598E+28	-3.272654E+28	0	0	0	0	1	0	-79.096	-19.595	0.977	5	5	5	4	2	0	-78.277	-10.303	0.035	5	5	5	1	0	0	-87.203	-5.704	-0.466	0	0	0	0	54581634	54581643	54581643
6248	0	0	4	55	-86.912	-21.645	-1.333	0	0	0	0	5	55	-84.53	-36.592	-0.223	0	0	0	0	6	55	-84.32	-29.996	10.113	0	0	0	0	7	55	-82.664	-29.103	-10.892	0	0	0	0	8	55	-86.063	-55.907	-3.183	0	0	0	0	9	55	-154.013	-1.597	1.178	0	0	0	0	10	55	3.774467E+28	-4.010225E+28	-3.268317E+28	0	0	0	0	1	0	-79.096	-19.595	0.977	5	5	5	4	2	0	-78.277	-10.303	0.035	5	5	5	1	0	0	-87.203	-5.704	-0.466	0	0	0	0	54581650	54581659	0
6249	0	0	4	55	-86.912	-21.644	-1.333	0	0	0	0	5	55	-84.53	-36.592	-0.223	0	0	0	0	6	55	-84.32	-29.996	10.113	0	0	0	0	7	55	-82.664	-29.103	-10.892	0	0	0	0	8	55	-86.063	-55.907	-3.183	0	0	0	0	9	55	-154.013	-1.597	1.178	0	0	0	0	10	55	3.774466E+28	-4.010225E+28	-3.268317E+28	0	0	0	0	1	0	-79.096	-19.595	0.977	5	5	5	4	2	0	-78.277	-10.303	0.035	5	5	5	1	0	0	-87.203	-5.704	-0.466	0	0	0	0	54581650	54581659	54581659
6265	0	0	4	55	-86.891	-21.726	-1.432	0	0	0	0	5	55	-84.498	-36.543	-0.406	0	0	0	0	6	55	-84.319	-29.928	10.045	0	0	0	0	7	55	-82.981	-28.79	-10.972	0	0	0	0	8	55	-85.908	-55.896	-3.397	0	0	0	0	9	55	-154.153	-1.906	1.042	0	0	0	0	10	55	3.791109E+28	-3.993344E+28	-3.269724E+28	0	0	0	0	1	0	-79.096	-19.595	0.977	5	5	5	4	2	0	-78.277	-10.303	0.035	5	5	5	1	0	0	-87.203	-5.704	-0.466	0	0	0	0	54581667	54581676	54581676
6282	0	0	4	55	-86.709	-21.387	-1.4	0	0	0	0	5	55	-84.072	-36.14	-0.33	0	0	0	0	6	55	-84.105	-29.576	10.215	0	0	0	0	7	55	-82.838	-28.76	-11.13	0	0	0	0	8	55	-85.446	-55.585	-3.257	0	0	0	0	9	55	-153.969	-1.762	0.854	0	0	0	0	10	55	3.793459E+28	-3.99838E+28	-3.260831E+28	0	0	0	0	1	0	-79.096	-19.595	0.977	5	5	5	4	2	0	-78.277	-10.303	0.035	5	5	5	1	0	0	-87.203	-5.704	-0.466	0	0	0	0	54581684	54581693	0
6282	0	0	4	55	-86.709	-21.387	-1.4	0	0	0	0	5	55	-84.072	-36.14	-0.33	0	0	0	0	6	55	-84.105	-29.576	10.215	0	0	0	0	7	55	-82.838	-28.76	-11.13	0	0	0	0	8	55	-85.446	-55.585	-3.257	0	0	0	0	9	55	-153.969	-1.762	0.854	0	0	0	0	10	55	3.793459E+28	-3.998381E+28	-3.260831E+28	0	0	0	0	1	0	-79.096	-19.595	0.977	5	5	5	4	2	0	-78.277	-10.303	0.035	5	5	5	1	0	0	-87.203	-5.704	-0.466	0	0	0	0	54581684	54581693	54581693
6299	0	0	4	55	-86.58	-21.216	-1.246	0	0	0	0	5	55	-83.844	-36.047	-0.296	0	0	0	0	6	55	-84.07	-29.382	10.285	0	0	0	0	7	55	-82.761	-28.784	-11.021	0	0	0	0	8	55	-85.318	-55.355	-3.231	0	0	0	0	9	55	-153.769	-1.462	1.142	0	0	0	0	10	55	3.7921E+28	-3.999824E+28	-3.260642E+28	0	0	0	0	1	0	-79.096	-19.595	0.977	5	5	5	4	2	0	-78.277	-10.303	0.035	5	5	5	1	0	0	-87.203	-5.704	-0.466	0	0	0	0	54581701	54581709	0
6299	0	0	4	55	-86.58	-21.216	-1.246	0	0	0	0	5	55	-83.844	-36.047	-0.296	0	0	0	0	6	55	-84.07	-29.382	10.285	0	0	0	0	7	55	-82.761	-28.784	-11.021	0	0	0	0	8	55	-85.318	-55.355	-3.231	0	0	0	0	9	55	-153.769	-1.462	1.142	0	0	0	0	10	55	3.7921E+28	-3.999823E+28	-3.260642E+28	0	0	0	0	1	0	-79.096	-19.595	0.977	5	5	5	4	2	0	-78.277	-10.303	0.035	5	5	5	1	0	0	-87.203	-5.704	-0.466	0	0	0	0	54581701	54581710	54581710
6315	0	0	4	55	-86.827	-21.394	-1.438	0	0	0	0	5	55	-83.823	-36.274	-0.229	0	0	0	0	6	55	-84.219	-29.626	10.253	0	0	0	0	7	55	-82.705	-28.675	-10.878	0	0	0	0	8	55	-85.078	-55.716	-3.293	0	0	0	0	9	55	-153.836	-1.915	1.011	0	0	0	0	10	55	3.821532E+28	-3.979561E+28	-3.251058E+28	0	0	0	0	1	0	-79.096	-19.595	0.977	5	5	5	4	2	0	-78.277	-10.303	0.035	5	5	5	1	0	0	-87.203	-5.704	-0.466	0	0	0	0	54581718	54581726	54581726
6332	0	0	4	55	-86.654	-21.394	-1.261	0	0	0	0	5	55	-83.994	-36.037	-0.068	0	0	0	0	6	55	-84.119	-29.47	10.326	0	0	0	0	7	55	-82.66	-28.742	-10.75	0	0	0	0	8	55	-85.003	-55.625	-3.297	0	0	0	0	9	55	-153.949	-1.824	0.973	0	0	0	0	10	55	3.818173E+28	-3.97818E+28	-3.25669E+28	0	0	0	0	1	0	-79.096	-19.595	0.977	5	5	5	4	2	0	-78.277	-10.303	0.035	5	5	5	1	0	0	-87.203	-5.704	-0.466	0	0	0	0	54581734	54581742	0
6332	0	0	4	55	-86.654	-21.394	-1.261	0	0	0	0	5	55	-83.994	-36.037	-0.068	0	0	0	0	6	55	-84.119	-29.47	10.326	0	0	0	0	7	55	-82.66	-28.742	-10.75	0	0	0	0	8	55	-85.003	-55.625	-3.297	0	0	0	0	9	55	-153.949	-1.824	0.973	0	0	0	0	10	55	3.818174E+28	-3.978179E+28	-3.256692E+28	0	0	0	0	1	0	-79.096	-19.595	0.977	5	5	5	4	2	0	-78.277	-10.303	0.035	5	5	5	1	0	0	-87.203	-5.704	-0.466	0	0	0	0	54581734	54581743	54581743
6348	0	0	4	55	-87.025	-21.478	-1.31	0	0	0	0	5	55	-84.103	-36.173	-0.138	0	0	0	0	6	55	-84.322	-29.591	10.284	0	0	0	0	7	55	-82.835	-28.793	-10.975	0	0	0	0	8	55	-85.168	-55.788	-3.281	0	0	0	0	9	55	-154.266	-2.107	0.989	0	0	0	0	10	55	3.833371E+28	-3.960207E+28	-3.26074E+28	0	0	0	0	1	0	-79.096	-19.595	0.977	5	5	5	4	2	0	-78.277	-10.303	0.035	5	5	5	1	0	0	-87.203	-5.704	-0.466	0	0	0	0	54581751	54581759	0
6349	0	0	4	55	-87.025	-21.478	-1.31	0	0	0	0	5	55	-84.103	-36.173	-0.138	0	0	0	0	6	55	-84.322	-29.591	10.284	0	0	0	0	7	55	-82.835	-28.793	-10.975	0	0	0	0	8	55	-85.168	-55.788	-3.281	0	0	0	0	9	55	-154.266	-2.107	0.989	0	0	0	0	10	55	3.833371E+28	-3.960208E+28	-3.26074E+28	0	0	0	0	1	0	-79.096	-19.595	0.977	5	5	5	4	2	0	-78.277	-10.303	0.035	5	5	5	1	0	0	-87.203	-5.704	-0.466	0	0	0	0	54581751	54581759	54581759
6365	0	0	4	55	-86.836	-21.096	-1.13	0	0	0	0	5	55	-83.985	-35.927	0.042	0	0	0	0	6	55	-84.167	-29.223	10.336	0	0	0	0	7	55	-82.667	-28.375	-10.589	0	0	0	0	8	55	-85.413	-55.074	-3.186	0	0	0	0	9	55	-153.901	-1.526	1.284	0	0	0	0	10	55	3.817633E+28	-3.969923E+28	-3.267382E+28	0	0	0	0	1	0	-79.096	-19.595	0.977	5	5	5	4	2	0	-78.277	-10.303	0.035	5	5	5	1	0	0	-87.203	-5.704	-0.466	0	0	0	0	54581768	54581776	54581776
6382	0	0	4	55	-86.895	-21.236	-1.25	0	0	0	0	5	55	-83.957	-36.036	-0.123	0	0	0	0	6	55	-84.218	-29.322	10.299	0	0	0	0	7	55	-83.019	-28.356	-10.499	0	0	0	0	8	55	-85.384	-55.141	-3.204	0	0	0	0	9	55	-153.977	-1.707	1.215	0	0	0	0	10	55	3.830099E+28	-3.960811E+28	-3.26385E+28	0	0	0	0	1	0	-79.096	-19.595	0.977	5	5	5	4	2	0	-78.277	-10.303	0.035	5	5	5	1	0	0	-87.203	-5.704	-0.466	0	0	0	0	54581784	54581793	0
6382	0	0	4	55	-86.895	-21.236	-1.25	0	0	0	0	5	55	-83.957	-36.036	-0.123	0	0	0	0	6	55	-84.218	-29.322	10.299	0	0	0	0	7	55	-83.019	-28.356	-10.499	0	0	0	0	8	55	-85.384	-55.141	-3.204	0	0	0	0	9	55	-153.977	-1.707	1.215	0	0	0	0	10	55	3.830099E+28	-3.96081E+28	-3.26385E+28	0	0	0	0	1	0	-79.096	-19.595	0.977	5	5	5	4	2	0	-78.277	-10.303	0.035	5	5	5	1	0	0	-87.203	-5.704	-0.466	0	0	0	0	54581785	54581793	54581793
6398	0	0	4	55	-87.032	-21.169	-1.121	0	0	0	0	5	55	-84.131	-35.917	-0.044	0	0	0	0	6	55	-84.369	-29.23	10.321	0	0	0	0	7	55	-83.059	-28.304	-10.683	0	0	0	0	8	55	-85.54	-55.088	-3.279	0	0	0	0	9	55	-154.047	-1.653	1.311	0	0	0	0	10	55	3.822687E+28	-3.956344E+28	-3.277926E+28	0	0	0	0	1	0	-79.096	-19.595	0.977	5	5	5	4	2	0	-78.277	-10.303	0.035	5	5	5	1	0	0	-87.203	-5.704	-0.466	0	0	0	0	54581800	54581809	0
6399	0	0	4	55	-87.032	-21.169	-1.121	0	0	0	0	5	55	-84.131	-35.917	-0.044	0	0	0	0	6	55	-84.369	-29.23	10.321	0	0	0	0	7	55	-83.059	-28.304	-10.683	0	0	0	0	8	55	-85.54	-55.088	-3.279	0	0	0	0	9	55	-154.047	-1.653	1.311	0	0	0	0	10	55	3.822686E+28	-3.956344E+28	-3.277926E+28	0	0	0	0	1	0	-79.096	-19.595	0.977	5	5	5	4	2	0	-78.277	-10.303	0.035	5	5	5	1	0	0	-87.203	-5.704	-0.466	0	0	0	0	54581800	54581809	54581809
6415	0	0	4	55	-86.809	-20.897	-0.969	0	0	0	0	5	55	-83.989	-35.668	0.253	0	0	0	0	6	55	-84.13	-29.009	10.463	0	0	0	0	7	55	-82.968	-27.898	-10.611	0	0	0	0	8	55	-85.421	-54.834	-3.139	0	0	0	0	9	55	-153.766	-1.171	1.647	0	0	0	0	10	55	3.810825E+28	-3.964163E+28	-3.28229E+28	0	0	0	0	1	0	-79.096	-19.595	0.977	5	5	5	4	2	0	-78.277	-10.303	0.035	5	5	5	1	0	0	-87.203	-5.704	-0.466	0	0	0	0	54581817	54581826	54581826
6433	0	0	4	55	-87.018	-21.003	-0.998	0	0	0	0	5	55	-84.268	-35.854	0.139	0	0	0	0	6	55	-84.406	-29.004	10.354	0	0	0	0	7	55	-83.067	-28.174	-10.783	0	0	0	0	8	55	-85.6	-54.971	-3.3	0	0	0	0	9	55	-154.141	-1.292	1.587	0	0	0	0	10	55	3.817245E+28	-3.951838E+28	-3.289683E+28	0	0	0	0	1	0	-79.096	-19.595	0.977	5	5	5	4	2	0	-78.277	-10.303	0.035	5	5	5	1	0	0	-87.203	-5.704	-0.466	0	0	0	0	54581835	54581844	0
6433	0	0	4	55	-87.018	-21.003	-0.998	0	0	0	0	5	55	-84.268	-35.854	0.139	0	0	0	0	6	55	-84.406	-29.004	10.354	0	0	0	0	7	55	-83.067	-28.174	-10.783	0	0	0	0	8	55	-85.6	-54.971	-3.3	0	0	0	0	9	55	-154.141	-1.292	1.587	0	0	0	0	10	55	3.817244E+28	-3.951838E+28	-3.289683E+28	0	0	0	0	1	0	-79.096	-19.595	0.977	5	5	5	4	2	0	-78.277	-10.303	0.035	5	5	5	1	0	0	-87.203	-5.704	-0.466	0	0	0	0	54581835	54581844	54581844
6449	0	0	4	55	-86.813	-20.833	-1.036	0	0	0	0	5	55	-83.982	-35.665	0.181	0	0	0	0	6	55	-84.246	-28.865	10.402	0	0	0	0	7	55	-82.699	-27.702	-10.54	0	0	0	0	8	55	-85.489	-54.802	-3.233	0	0	0	0	9	55	-153.874	-0.989	1.71	0	0	0	0	10	55	3.810418E+28	-3.960911E+28	-3.286684E+28	0	0	0	0	1	0	-79.096	-19.595	0.977	5	5	5	4	2	0	-78.277	-10.303	0.035	5	5	5	1	0	0	-87.203	-5.704	-0.466	0	0	0	0	54581851	54581860	0
6449	0	0	4	55	-86.813	-20.833	-1.036	0	0	0	0	5	55	-83.982	-35.665	0.181	0	0	0	0	6	55	-84.246	-28.865	10.402	0	0	0	0	7	55	-82.699	-27.702	-10.54	0	0	0	0	8	55	-85.489	-54.802	-3.233	0	0	0	0	9	55	-153.874	-0.989	1.71	0	0	0	0	10	55	3.810417E+28	-3.960911E+28	-3.286685E+28	0	0	0	0	1	0	-79.096	-19.595	0.977	5	5	5	4	2	0	-78.277	-10.303	0.035	5	5	5	1	0	0	-87.203	-5.704	-0.466	0	0	0	0	54581851	54581860	54581860
6465	0	0	4	55	-86.822	-20.748	-0.933	0	0	0	0	5	55	-84.086	-35.566	0.309	0	0	0	0	6	55	-84.17	-28.881	10.455	0	0	0	0	7	55	-82.981	-27.55	-10.605	0	0	0	0	8	55	-85.464	-54.755	-3.191	0	0	0	0	9	55	-153.902	-0.952	1.668	0	0	0	0	10	55	3.811859E+28	-3.957638E+28	-3.288956E+28	0	0	0	0	1	0	-79.096	-19.595	0.977	5	5	5	4	2	0	-78.277	-10.303	0.035	5	5	5	1	0	0	-87.203	-5.704	-0.466	0	0	0	0	54581867	54581876	54581876
6482	0	0	4	55	-86.831	-20.94	-0.89	0	0	0	0	5	55	-84.082	-35.777	0.285	0	0	0	0	6	55	-84.208	-28.968	10.5	0	0	0	0	7	55	-82.968	-27.837	-10.644	0	0	0	0	8	55	-85.422	-55.011	-3.145	0	0	0	0	9	55	-153.906	-1.031	1.82	0	0	0	0	10	55	3.816474E+28	-3.95813E+28	-3.283006E+28	0	0	0	0	1	0	-79.096	-19.595	0.977	5	5	5	4	2	0	-78.277	-10.303	0.035	5	5	5	1	0	0	-87.203	-5.704	-0.466	0	0	0	0	54581885	54581893	0
6482	0	0	4	55	-86.831	-20.94	-0.89	0	0	0	0	5	55	-84.082	-35.777	0.285	0	0	0	0	6	55	-84.208	-28.968	10.5	0	0	0	0	7	55	-82.968	-27.837	-10.644	0	0	0	0	8	55	-85.422	-55.011	-3.145	0	0	0	0	9	55	-153.906	-1.031	1.82	0	0	0	0	10	55	3.816474E+28	-3.95813E+28	-3.283006E+28	0	0	0	0	1	0	-79.096	-19.595	0.977	5	5	5	4	2	0	-78.277	-10.303	0.035	5	5	5	1	0	0	-87.203	-5.704	-0.466	0	0	0	0	54581885	54581893	54581893
6498	0	0	4	55	-86.688	-21.02	-0.804	0	0	0	0	5	55	-83.913	-35.791	0.266	0	0	0	0	6	55	-84.14	-28.95	10.533	0	0	0	0	7	55	-82.816	-27.931	-10.592	0	0	0	0	8	55	-85.333	-55.073	-3.076	0	0	0	0	9	55	-153.889	-1.104	1.708	0	0	0	0	10	55	3.813403E+28	-3.963234E+28	-3.280416E+28	0	0	0	0	1	0	-79.096	-19.595	0.977	5	5	5	4	2	0	-78.277	-10.303	0.035	5	5	5	1	0	0	-87.203	-5.704	-0.466	0	0	0	0	54581900	54581909	0
6499	0	0	4	55	-86.688	-21.02	-0.804	0	0	0	0	5	55	-83.913	-35.791	0.266	0	0	0	0	6	55	-84.14	-28.95	10.533	0	0	0	0	7	55	-82.816	-27.931	-10.592	0	0	0	0	8	55	-85.333	-55.073	-3.076	0	0	0	0	9	55	-153.889	-1.104	1.708	0	0	0	0	10	55	3.813403E+28	-3.963235E+28	-3.280416E+28	0	0	0	0	1	0	-79.096	-19.595	0.977	5	5	5	4	2	0	-78.277	-10.303	0.035	5	5	5	1	0	0	-87.203	-5.704	-0.466	0	0	0	0	54581901	54581910	54581910
6515	0	0	4	55	-86.861	-21.271	-0.913	0	0	0	0	5	55	-84.14	-36.025	0.384	0	0	0	0	6	55	-84.298	-29.396	10.482	0	0	0	0	7	55	-82.891	-28.129	-10.627	0	0	0	0	8	55	-85.368	-55.386	-3.118	0	0	0	0	9	55	-153.939	-1.337	1.634	0	0	0	0	10	55	3.821853E+28	-3.953926E+28	-3.281814E+28	0	0	0	0	1	0	-79.096	-19.595	0.977	5	5	5	4	2	0	-78.277	-10.303	0.035	5	5	5	1	0	0	-87.203	-5.704	-0.466	0	0	0	0	54581917	54581926	54581926
6532	0	0	4	55	-86.763	-21.312	-0.879	0	0	0	0	5	55	-83.913	-36.152	0.327	0	0	0	0	6	55	-84.127	-29.478	10.59	0	0	0	0	7	55	-82.741	-28.275	-10.653	0	0	0	0	8	55	-85.263	-55.532	-3.102	0	0	0	0	9	55	-153.885	-1.339	1.718	0	0	0	0	10	55	3.829958E+28	-3.954594E+28	-3.271545E+28	0	0	0	0	1	0	-79.096	-19.595	0.977	5	5	5	4	2	0	-78.277	-10.303	0.035	5	5	5	1	0	0	-87.203	-5.704	-0.466	0	0	0	0	54581934	54581942	0
6532	0	0	4	55	-86.763	-21.312	-0.879	0	0	0	0	5	55	-83.913	-36.152	0.327	0	0	0	0	6	55	-84.127	-29.478	10.59	0	0	0	0	7	55	-82.741	-28.275	-10.653	0	0	0	0	8	55	-85.263	-55.532	-3.102	0	0	0	0	9	55	-153.885	-1.339	1.718	0	0	0	0	10	55	3.829959E+28	-3.954594E+28	-3.271543E+28	0	0	0	0	1	0	-79.096	-19.595	0.977	5	5	5	4	2	0	-78.277	-10.303	0.035	5	5	5	1	0	0	-87.203	-5.704	-0.466	0	0	0	0	54581934	54581943	54581943
6548	0	0	4	55	-86.69	-21.364	-0.914	0	0	0	0	5	55	-84.055	-36.079	0.345	0	0	0	0	6	55	-84.102	-29.508	10.552	0	0	0	0	7	55	-82.752	-28.263	-10.712	0	0	0	0	8	55	-85.272	-55.521	-3.169	0	0	0	0	9	55	-153.825	-1.266	1.506	0	0	0	0	10	55	3.829914E+28	-3.953839E+28	-3.272508E+28	0	0	0	0	1	0	-79.096	-19.595	0.977	5	5	5	4	2	0	-78.277	-10.303	0.035	5	5	5	1	0	0	-87.203	-5.704	-0.466	0	0	0	0	54581951	54581959	0
6549	0	0	4	55	-86.69	-21.364	-0.914	0	0	0	0	5	55	-84.055	-36.079	0.345	0	0	0	0	6	55	-84.102	-29.508	10.552	0	0	0	0	7	55	-82.752	-28.263	-10.712	0	0	0	0	8	55	-85.272	-55.521	-3.169	0	0	0	0	9	55	-153.825	-1.265	1.506	0	0	0	0	10	55	3.829913E+28	-3.953839E+28	-3.272509E+28	0	0	0	0	1	0	-79.096	-19.595	0.977	5	5	5	4	2	0	-78.277	-10.303	0.035	5	5	5	1	0	0	-87.203	-5.704	-0.466	0	0	0	0	54581951	54581959	54581959
6565	0	0	4	55	-86.557	-21.439	-1.06	0	0	0	0	5	55	-83.78	-36.252	0.185	0	0	0	0	6	55	-84.014	-29.56	10.563	0	0	0	0	7	55	-82.716	-28.606	-10.916	0	0	0	0	8	55	-85.212	-55.591	-3.17	0	0	0	0	9	55	-153.802	-1.32	1.435	0	0	0	0	10	55	3.834117E+28	-3.95568E+28	-3.265354E+28	0	0	0	0	1	0	-79.096	-19.595	0.977	5	5	5	4	2	0	-78.277	-10.303	0.035	5	5	5	1	0	0	-87.203	-5.704	-0.466	0	0	0	0	54581968	54581976	54581976
6582	0	0	4	55	-86.525	-21.289	-0.995	0	0	0	0	5	55	-83.856	-35.898	0.194	0	0	0	0	6	55	-84.067	-29.51	10.551	0	0	0	0	7	55	-82.628	-28.342	-10.807	0	0	0	0	8	55	-85.393	-55.361	-3.195	0	0	0	0	9	55	-153.804	-0.973	1.573	0	0	0	0	10	55	3.816649E+28	-3.960696E+28	-3.279706E+28	0	0	0	0	1	0	-79.096	-19.595	0.977	5	5	5	4	2	0	-78.277	-10.303	0.035	5	5	5	1	0	0	-87.203	-5.704	-0.466	0	0	0	0	54581982	54581992	0
6582	0	0	4	55	-86.525	-21.289	-0.995	0	0	0	0	5	55	-83.856	-35.898	0.194	0	0	0	0	6	55	-84.067	-29.51	10.551	0	0	0	0	7	55	-82.628	-28.342	-10.807	0	0	0	0	8	55	-85.393	-55.361	-3.195	0	0	0	0	9	55	-153.804	-0.973	1.573	0	0	0	0	10	55	3.816649E+28	-3.960696E+28	-3.279706E+28	0	0	0	0	1	0	-79.096	-19.595	0.977	5	5	5	4	2	0	-78.277	-10.303	0.035	5	5	5	1	0	0	-87.203	-5.704	-0.466	0	0	0	0	54581982	54581993	54581993
6598	0	0	4	55	-86.525	-21.478	-0.958	0	0	0	0	5	55	-83.784	-36.075	0.156	0	0	0	0	6	55	-84.014	-29.6	10.56	0	0	0	0	7	55	-82.734	-28.382	-10.686	0	0	0	0	8	55	-85.33	-55.499	-3.158	0	0	0	0	9	55	-154.098	-1.292	1.332	0	0	0	0	10	55	3.821748E+28	-3.958703E+28	-3.276172E+28	0	0	0	0	1	0	-79.096	-19.595	0.977	5	5	5	4	2	0	-78.277	-10.303	0.035	5	5	5	1	0	0	-87.203	-5.704	-0.466	0	0	0	0	54582001	54582009	0
6599	0	0	4	55	-86.525	-21.478	-0.958	0	0	0	0	5	55	-83.784	-36.075	0.156	0	0	0	0	6	55	-84.014	-29.6	10.56	0	0	0	0	7	55	-82.734	-28.382	-10.686	0	0	0	0	8	55	-85.329	-55.499	-3.158	0	0	0	0	9	55	-154.098	-1.292	1.332	0	0	0	0	10	55	3.821748E+28	-3.958703E+28	-3.276172E+28	0	0	0	0	1	0	-79.096	-19.595	0.977	5	5	5	4	2	0	-78.277	-10.303	0.035	5	5	5	1	0	0	-87.203	-5.704	-0.466	0	0	0	0	54582001	54582009	54582009
6615	0	0	4	55	-86.593	-21.527	-0.884	0	0	0	0	5	55	-83.574	-36.239	0.25	0	0	0	0	6	55	-83.96	-29.76	10.649	0	0	0	0	7	55	-82.75	-29.024	-10.85	0	0	0	0	8	55	-85.331	-55.509	-3.204	0	0	0	0	9	55	-154.045	-1.076	1.578	0	0	0	0	10	55	3.819399E+28	-3.956274E+28	-3.281841E+28	0	0	0	0	1	0	-79.096	-19.595	0.977	5	5	5	4	2	0	-78.277	-10.303	0.035	5	5	5	1	0	0	-87.203	-5.704	-0.466	0	0	0	0	54582017	54582026	54582026
6632	0	0	4	55	-86.714	-21.409	-0.875	0	0	0	0	5	55	-83.706	-36.125	0.336	0	0	0	0	6	55	-84.037	-29.594	10.677	0	0	0	0	7	55	-82.856	-28.432	-10.558	0	0	0	0	8	55	-85.386	-55.391	-3.1	0	0	0	0	9	55	-153.965	-0.873	1.855	0	0	0	0	10	55	3.807522E+28	-3.96524E+28	-3.28482E+28	0	0	0	0	1	0	-79.096	-19.595	0.977	5	5	5	4	2	0	-78.277	-10.303	0.035	5	5	5	1	0	0	-87.203	-5.704	-0.466	0	0	0	0	54582035	54582042	0
6632	0	0	4	55	-86.714	-21.409	-0.875	0	0	0	0	5	55	-83.706	-36.125	0.336	0	0	0	0	6	55	-84.037	-29.594	10.677	0	0	0	0	7	55	-82.856	-28.432	-10.558	0	0	0	0	8	55	-85.386	-55.391	-3.1	0	0	0	0	9	55	-153.965	-0.873	1.855	0	0	0	0	10	55	3.807522E+28	-3.96524E+28	-3.284821E+28	0	0	0	0	1	0	-79.096	-19.595	0.977	5	5	5	4	2	0	-78.277	-10.303	0.035	5	5	5	1	0	0	-87.203	-5.704	-0.466	0	0	0	0	54582035	54582043	54582043
6648	0	0	4	55	-86.828	-21.401	-0.879	0	0	0	0	5	55	-83.872	-36.083	0.43	0	0	0	0	6	55	-84.12	-29.534	10.64	0	0	0	0	7	55	-82.879	-28.134	-10.443	0	0	0	0	8	55	-85.41	-55.376	-3.09	0	0	0	0	9	55	-153.995	-0.83	1.786	0	0	0	0	10	55	3.804894E+28	-3.9673E+28	-3.285378E+28	0	0	0	0	1	0	-79.096	-19.595	0.977	5	5	5	4	2	0	-78.277	-10.303	0.035	5	5	5	1	0	0	-87.203	-5.704	-0.466	0	0	0	0	54582050	54582059	0
6649	0	0	4	55	-86.828	-21.401	-0.879	0	0	0	0	5	55	-83.872	-36.083	0.43	0	0	0	0	6	55	-84.12	-29.534	10.64	0	0	0	0	7	55	-82.879	-28.134	-10.443	0	0	0	0	8	55	-85.41	-55.376	-3.09	0	0	0	0	9	55	-153.995	-0.83	1.786	0	0	0	0	10	55	3.804894E+28	-3.9673E+28	-3.285378E+28	0	0	0	0	1	0	-79.096	-19.595	0.977	5	5	5	4	2	0	-78.277	-10.303	0.035	5	5	5	1	0	0	-87.203	-5.704	-0.466	0	0	0	0	54582050	54582059	54582059
6665	0	0	4	55	-87.091	-21.254	-0.949	0	0	0	0	5	55	-84.287	-35.865	0.347	0	0	0	0	6	55	-84.172	-29.401	10.567	0	0	0	0	7	55	-82.936	-27.961	-10.417	0	0	0	0	8	55	-85.402	-55.329	-3.031	0	0	0	0	9	55	-153.851	-0.831	1.763	0	0	0	0	10	55	3.798009E+28	-3.974437E+28	-3.284718E+28	0	0	0	0	1	0	-79.096	-19.595	0.977	5	5	5	4	2	0	-78.277	-10.303	0.035	5	5	5	1	0	0	-87.203	-5.704	-0.466	0	0	0	0	54582067	54582076	54582076
6682	0	0	4	55	-87.305	-21.214	-1.079	0	0	0	0	5	55	-84.394	-35.72	0.257	0	0	0	0	6	55	-84.175	-29.368	10.381	0	0	0	0	7	55	-83.142	-27.965	-10.506	0	0	0	0	8	55	-85.428	-55.137	-3.172	0	0	0	0	9	55	-154.111	-0.772	1.599	0	0	0	0	10	55	3.796692E+28	-3.972656E+28	-3.288393E+28	0	0	0	0	1	0	-79.096	-19.595	0.977	5	5	5	4	2	0	-78.277	-10.303	0.035	5	5	5	1	0	0	-87.203	-5.704	-0.466	0	0	0	0	54582084	54582093	0
6682	0	0	4	55	-87.305	-21.214	-1.079	0	0	0	0	5	55	-84.394	-35.72	0.257	0	0	0	0	6	55	-84.175	-29.368	10.381	0	0	0	0	7	55	-83.142	-27.965	-10.506	0	0	0	0	8	55	-85.428	-55.137	-3.172	0	0	0	0	9	55	-154.111	-0.772	1.599	0	0	0	0	10	55	3.796692E+28	-3.972656E+28	-3.288392E+28	0	0	0	0	1	0	-79.096	-19.595	0.977	5	5	5	4	2	0	-78.277	-10.303	0.035	5	5	5	1	0	0	-87.203	-5.704	-0.466	0	0	0	0	54582084	54582093	54582093
6698	0	0	4	55	-87.22	-21.318	-1.165	0	0	0	0	5	55	-84.535	-35.771	0.352	0	0	0	0	6	55	-84.265	-29.312	10.413	0	0	0	0	7	55	-83.211	-28.086	-10.526	0	0	0	0	8	55	-85.477	-55.084	-3.211	0	0	0	0	9	55	-154.179	-0.872	1.579	0	0	0	0	10	55	3.796581E+28	-3.971475E+28	-3.289948E+28	0	0	0	0	1	0	-79.096	-19.595	0.977	5	5	5	4	2	0	-78.277	-10.303	0.035	5	5	5	1	0	0	-87.203	-5.704	-0.466	0	0	0	0	54582101	54582109	0
6699	0	0	4	55	-87.22	-21.318	-1.165	0	0	0	0	5	55	-84.535	-35.771	0.352	0	0	0	0	6	55	-84.265	-29.312	10.413	0	0	0	0	7	55	-83.211	-28.086	-10.526	0	0	0	0	8	55	-85.477	-55.084	-3.211	0	0	0	0	9	55	-154.179	-0.872	1.579	0	0	0	0	10	55	3.796581E+28	-3.971475E+28	-3.289948E+28	0	0	0	0	1	0	-79.096	-19.595	0.977	5	5	5	4	2	0	-78.277	-10.303	0.035	5	5	5	1	0	0	-87.203	-5.704	-0.466	0	0	0	0	54582101	54582109	54582109
6715	0	0	4	55	-87.248	-21.207	-0.945	0	0	0	0	5	55	-84.347	-35.689	0.325	0	0	0	0	6	55	-84.132	-29.323	10.579	0	0	0	0	7	55	-82.931	-28.222	-10.615	0	0	0	0	8	55	-85.477	-54.929	-3.086	0	0	0	0	9	55	-154.055	-0.781	1.716	0	0	0	0	10	55	3.790972E+28	-3.975988E+28	-3.290964E+28	0	0	0	0	1	0	-79.096	-19.595	0.977	5	5	5	4	2	0	-78.277	-10.303	0.035	5	5	5	1	0	0	-87.203	-5.704	-0.466	0	0	0	0	54582117	54582126	54582126
6732	0	0	4	55	-87.146	-21.26	-0.941	0	0	0	0	5	55	-84.313	-35.669	0.228	0	0	0	0	6	55	-84.143	-29.402	10.524	0	0	0	0	7	55	-82.862	-28.11	-10.46	0	0	0	0	8	55	-85.466	-54.898	-3.154	0	0	0	0	9	55	-154.1	-0.952	1.583	0	0	0	0	10	55	3.794025E+28	-3.975829E+28	-3.287637E+28	0	0	0	0	1	0	-79.096	-19.595	0.977	5	5	5	4	2	0	-78.277	-10.303	0.035	5	5	5	1	0	0	-87.203	-5.704	-0.466	0	0	0	0	54582135	54582143	0
6732	0	0	4	55	-87.051	-21.233	-0.911	0	0	0	0	5	55	-84.163	-35.717	0.22	0	0	0	0	6	55	-84.127	-29.341	10.641	0	0	0	0	7	55	-83.039	-27.704	-10.575	0	0	0	0	8	55	-85.31	-54.979	-3.118	0	0	0	0	9	55	-154.125	-0.845	1.667	0	0	0	0	10	55	3.791835E+28	-3.974953E+28	-3.291222E+28	0	0	0	0	1	0	-79.096	-19.595	0.977	5	5	5	4	2	0	-78.277	-10.303	0.035	5	5	5	1	0	0	-87.203	-5.704	-0.466	0	0	0	0	54582136	54582143	54582143
6748	0	0	4	55	-86.993	-21.208	-0.903	0	0	0	0	5	55	-84.075	-35.709	0.299	0	0	0	0	6	55	-84.028	-29.435	10.749	0	0	0	0	7	55	-82.68	-28.367	-10.656	0	0	0	0	8	55	-85.284	-55.045	-3.05	0	0	0	0	9	55	-154.117	-0.935	1.728	0	0	0	0	10	55	3.790759E+28	-3.977787E+28	-3.289035E+28	0	0	0	0	1	0	-79.096	-19.595	0.977	5	5	5	4	2	0	-78.277	-10.303	0.035	5	5	5	1	0	0	-87.203	-5.704	-0.466	0	0	0	0	54582150	54582159	0
6748	0	0	4	55	-86.993	-21.208	-0.903	0	0	0	0	5	55	-84.075	-35.709	0.299	0	0	0	0	6	55	-84.028	-29.435	10.749	0	0	0	0	7	55	-82.68	-28.367	-10.656	0	0	0	0	8	55	-85.284	-55.045	-3.05	0	0	0	0	9	55	-154.117	-0.935	1.728	0	0	0	0	10	55	3.79076E+28	-3.977787E+28	-3.289035E+28	0	0	0	0	1	0	-79.096	-19.595	0.977	5	5	5	4	2	0	-78.277	-10.303	0.035	5	5	5	1	0	0	-87.203	-5.704	-0.466	0	0	0	0	54582151	54582159	54582159
6765	0	0	4	55	-86.978	-21.099	-0.832	0	0	0	0	5	55	-84.015	-35.558	0.378	0	0	0	0	6	55	-84.051	-29.417	10.731	0	0	0	0	7	55	-83.022	-27.712	-10.441	0	0	0	0	8	55	-85.337	-54.869	-3.037	0	0	0	0	9	55	-154.165	-0.893	1.825	0	0	0	0	10	55	3.781201E+28	-3.980276E+28	-3.297016E+28	0	0	0	0	1	0	-79.096	-19.595	0.977	5	5	5	4	2	0	-78.277	-10.303	0.035	5	5	5	1	0	0	-87.203	-5.704	-0.466	0	0	0	0	54582167	54582176	54582176
6782	0	0	4	55	-86.94	-21.19	-0.812	0	0	0	0	5	55	-83.98	-35.616	0.477	0	0	0	0	6	55	-83.987	-29.499	10.803	0	0	0	0	7	55	-82.791	-28.252	-10.816	0	0	0	0	8	55	-85.313	-54.959	-2.928	0	0	0	0	9	55	-154.093	-1.015	1.839	0	0	0	0	10	55	3.783582E+28	-3.986128E+28	-3.2872E+28	0	0	0	0	1	0	-79.096	-19.595	0.977	5	5	5	4	2	0	-78.277	-10.303	0.035	5	5	5	1	0	0	-87.203	-5.704	-0.466	0	0	0	0	54582184	54582193	0
6782	0	0	4	55	-86.94	-21.19	-0.812	0	0	0	0	5	55	-83.979	-35.616	0.477	0	0	0	0	6	55	-83.987	-29.5	10.803	0	0	0	0	7	55	-82.791	-28.252	-10.816	0	0	0	0	8	55	-85.313	-54.959	-2.928	0	0	0	0	9	55	-154.093	-1.015	1.839	0	0	0	0	10	55	3.783583E+28	-3.986127E+28	-3.287199E+28	0	0	0	0	1	0	-79.096	-19.595	0.977	5	5	5	4	2	0	-78.277	-10.303	0.035	5	5	5	1	0	0	-87.203	-5.704	-0.466	0	0	0	0	54582184	54582193	54582193
6798	0	0	4	55	-86.856	-21.203	-0.815	0	0	0	0	5	55	-83.942	-35.611	0.39	0	0	0	0	6	55	-84.002	-29.471	10.839	0	0	0	0	7	55	-82.88	-27.979	-10.649	0	0	0	0	8	55	-85.38	-54.82	-2.985	0	0	0	0	9	55	-154.097	-1.034	1.797	0	0	0	0	10	55	3.784781E+28	-3.987684E+28	-3.283931E+28	0	0	0	0	1	0	-79.096	-19.595	0.977	5	5	5	4	2	0	-78.277	-10.303	0.035	5	5	5	1	0	0	-87.203	-5.704	-0.466	0	0	0	0	54582201	54582209	0
6798	0	0	4	55	-86.856	-21.203	-0.815	0	0	0	0	5	55	-83.942	-35.611	0.39	0	0	0	0	6	55	-84.002	-29.471	10.839	0	0	0	0	7	55	-82.88	-27.979	-10.649	0	0	0	0	8	55	-85.38	-54.82	-2.985	0	0	0	0	9	55	-154.097	-1.034	1.797	0	0	0	0	10	55	3.784781E+28	-3.987684E+28	-3.283931E+28	0	0	0	0	1	0	-79.096	-19.595	0.977	5	5	5	4	2	0	-78.277	-10.303	0.035	5	5	5	1	0	0	-87.203	-5.704	-0.466	0	0	0	0	54582201	54582209	54582209
6815	0	0	4	55	-86.717	-21.347	-0.923	0	0	0	0	5	55	-83.809	-35.802	0.285	0	0	0	0	6	55	-83.894	-29.586	10.768	0	0	0	0	7	55	-82.624	-28.625	-11.14	0	0	0	0	8	55	-85.239	-55.196	-2.964	0	0	0	0	9	55	-154.145	-1.267	1.672	0	0	0	0	10	55	3.792388E+28	-3.989722E+28	-3.27266E+28	0	0	0	0	1	0	-79.096	-19.595	0.977	5	5	5	4	2	0	-78.277	-10.303	0.035	5	5	5	1	0	0	-87.203	-5.704	-0.466	0	0	0	0	54582218	54582226	54582226
6832	0	0	4	55	-86.677	-21.351	-1.05	0	0	0	0	5	55	-83.812	-35.797	0.412	0	0	0	0	6	55	-83.902	-29.612	10.918	0	0	0	0	7	55	-82.63	-28.788	-10.838	0	0	0	0	8	55	-85.209	-55.163	-2.977	0	0	0	0	9	55	-154.173	-1.264	1.693	0	0	0	0	10	55	3.789635E+28	-3.9919E+28	-3.273193E+28	0	0	0	0	1	0	-79.096	-19.595	0.977	5	5	5	4	2	0	-78.277	-10.303	0.035	5	5	5	1	0	0	-87.203	-5.704	-0.466	0	0	0	0	54582235	54582243	0
6832	0	0	4	55	-86.677	-21.351	-1.05	0	0	0	0	5	55	-83.812	-35.797	0.412	0	0	0	0	6	55	-83.902	-29.612	10.918	0	0	0	0	7	55	-82.63	-28.788	-10.838	0	0	0	0	8	55	-85.209	-55.163	-2.977	0	0	0	0	9	55	-154.173	-1.264	1.693	0	0	0	0	10	55	3.789635E+28	-3.9919E+28	-3.273193E+28	0	0	0	0	1	0	-79.096	-19.595	0.977	5	5	5	4	2	0	-78.277	-10.303	0.035	5	5	5	1	0	0	-87.203	-5.704	-0.466	0	0	0	0	54582235	54582243	54582243
6849	0	0	4	55	-86.653	-21.41	-1.041	0	0	0	0	5	55	-83.679	-35.943	0.44	0	0	0	0	6	55	-83.909	-29.636	10.918	0	0	0	0	7	55	-82.672	-29.056	-11.105	0	0	0	0	8	55	-85.161	-55.181	-2.908	0	0	0	0	9	55	-154.345	-1.481	1.523	0	0	0	0	10	55	3.790984E+28	-3.994572E+28	-3.268368E+28	0	0	0	0	1	0	-79.096	-19.595	0.977	5	5	5	4	2	0	-78.277	-10.303	0.035	5	5	5	1	0	0	-87.203	-5.704	-0.466	0	0	0	0	54582250	54582259	0
6849	0	0	4	55	-86.653	-21.41	-1.041	0	0	0	0	5	55	-83.679	-35.943	0.44	0	0	0	0	6	55	-83.909	-29.636	10.918	0	0	0	0	7	55	-82.672	-29.056	-11.105	0	0	0	0	8	55	-85.161	-55.181	-2.908	0	0	0	0	9	55	-154.345	-1.481	1.523	0	0	0	0	10	55	3.790983E+28	-3.994571E+28	-3.26837E+28	0	0	0	0	1	0	-79.096	-19.595	0.977	5	5	5	4	2	0	-78.277	-10.303	0.035	5	5	5	1	0	0	-87.203	-5.704	-0.466	0	0	0	0	54582250	54582260	54582260
6865	0	0	4	55	-86.46	-21.729	-1.021	0	0	0	0	5	55	-83.623	-36.102	0.484	0	0	0	0	6	55	-83.801	-29.877	10.926	0	0	0	0	7	55	-82.665	-29.661	-11.096	0	0	0	0	8	55	-85.201	-55.202	-2.898	0	0	0	0	9	55	-154.441	-1.848	1.402	0	0	0	0	10	55	3.797663E+28	-3.992229E+28	-3.263474E+28	0	0	0	0	1	0	-79.096	-19.595	0.977	5	5	5	4	2	0	-78.277	-10.303	0.035	5	5	5	1	0	0	-87.203	-5.704	-0.466	0	0	0	0	54582267	54582276	54582276
6882	0	0	4	55	-86.39	-21.864	-1.067	0	0	0	0	5	55	-83.549	-36.203	0.534	0	0	0	0	6	55	-83.715	-29.97	10.928	0	0	0	0	7	55	-82.578	-29.275	-10.971	0	0	0	0	8	55	-85.114	-55.277	-2.856	0	0	0	0	9	55	-154.393	-1.907	1.485	0	0	0	0	10	55	3.799406E+28	-3.99035E+28	-3.263744E+28	0	0	0	0	1	0	-79.096	-19.595	0.977	5	5	5	4	2	0	-78.277	-10.303	0.035	5	5	5	1	0	0	-87.203	-5.704	-0.466	0	0	0	0	54582283	54582293	0
6882	0	0	4	55	-86.39	-21.864	-1.067	0	0	0	0	5	55	-83.549	-36.203	0.534	0	0	0	0	6	55	-83.715	-29.97	10.928	0	0	0	0	7	55	-82.578	-29.275	-10.971	0	0	0	0	8	55	-85.114	-55.277	-2.856	0	0	0	0	9	55	-154.393	-1.907	1.485	0	0	0	0	10	55	3.799406E+28	-3.990349E+28	-3.263743E+28	0	0	0	0	1	0	-79.096	-19.595	0.977	5	5	5	4	2	0	-78.277	-10.303	0.035	5	5	5	1	0	0	-87.203	-5.704	-0.466	0	0	0	0	54582284	54582293	54582293
6898	0	0	4	55	-86.413	-21.779	-1.042	0	0	0	0	5	55	-83.551	-36.178	0.556	0	0	0	0	6	55	-83.813	-29.879	10.939	0	0	0	0	7	55	-82.686	-29.007	-10.874	0	0	0	0	8	55	-85.108	-55.389	-2.791	0	0	0	0	9	55	-154.25	-1.781	1.583	0	0	0	0	10	55	3.7979E+28	-3.996469E+28	-3.258002E+28	0	0	0	0	1	0	-79.096	-19.595	0.977	5	5	5	4	2	0	-78.277	-10.303	0.035	5	5	5	1	0	0	-87.203	-5.704	-0.466	0	0	0	0	54582300	54582309	0
6899	0	0	4	55	-86.413	-21.779	-1.042	0	0	0	0	5	55	-83.551	-36.178	0.556	0	0	0	0	6	55	-83.813	-29.879	10.939	0	0	0	0	7	55	-82.686	-29.007	-10.874	0	0	0	0	8	55	-85.108	-55.389	-2.791	0	0	0	0	9	55	-154.25	-1.781	1.583	0	0	0	0	10	55	3.7979E+28	-3.996469E+28	-3.258003E+28	0	0	0	0	1	0	-79.096	-19.595	0.977	5	5	5	4	2	0	-78.277	-10.303	0.035	5	5	5	1	0	0	-87.203	-5.704	-0.466	0	0	0	0	54582301	54582309	54582309
6915	0	0	4	55	-86.435	-21.676	-1.135	0	0	0	0	5	55	-83.523	-36.153	0.453	0	0	0	0	6	55	-83.787	-29.831	10.836	0	0	0	0	7	55	-82.634	-29.257	-11.223	0	0	0	0	8	55	-85.131	-55.292	-3.059	0	0	0	0	9	55	-154.28	-1.686	1.567	0	0	0	0	10	55	3.792103E+28	-3.994664E+28	-3.266957E+28	0	0	0	0	1	0	-79.096	-19.595	0.977	5	5	5	4	2	0	-78.277	-10.303	0.035	5	5	5	1	0	0	-87.203	-5.704	-0.466	0	0	0	0	54582317	54582326	54582326
6932	0	0	4	55	-86.494	-21.597	-1.02	0	0	0	0	5	55	-83.445	-36.074	0.41	0	0	0	0	6	55	-83.775	-29.812	10.935	0	0	0	0	7	55	-82.366	-29.233	-11.034	0	0	0	0	8	55	-85.095	-55.149	-2.952	0	0	0	0	9	55	-154.282	-1.553	1.625	0	0	0	0	10	55	3.784029E+28	-4.00116E+28	-3.268369E+28	0	0	0	0	1	0	-79.096	-19.595	0.977	5	5	5	4	2	0	-78.277	-10.303	0.035	5	5	5	1	0	0	-87.203	-5.704	-0.466	0	0	0	0	54582334	54582342	0
6932	0	0	4	55	-86.494	-21.597	-1.02	0	0	0	0	5	55	-83.445	-36.074	0.41	0	0	0	0	6	55	-83.775	-29.812	10.935	0	0	0	0	7	55	-82.366	-29.233	-11.034	0	0	0	0	8	55	-85.095	-55.149	-2.952	0	0	0	0	9	55	-154.282	-1.553	1.625	0	0	0	0	10	55	3.78403E+28	-4.001159E+28	-3.268369E+28	0	0	0	0	1	0	-79.096	-19.595	0.977	5	5	5	4	2	0	-78.277	-10.303	0.035	5	5	5	1	0	0	-87.203	-5.704	-0.466	0	0	0	0	54582334	54582343	54582343
6948	0	0	4	55	-86.265	-21.522	-1.128	0	0	0	0	5	55	-83.455	-35.926	0.391	0	0	0	0	6	55	-83.717	-29.697	10.939	0	0	0	0	7	55	-82.24	-29.082	-11.023	0	0	0	0	8	55	-85.123	-54.994	-3.031	0	0	0	0	9	55	-154.245	-1.408	1.641	0	0	0	0	10	55	3.778043E+28	-4.001206E+28	-3.275232E+28	0	0	0	0	1	0	-79.096	-19.595	0.977	5	5	5	4	2	0	-78.277	-10.303	0.035	5	5	5	1	0	0	-87.203	-5.704	-0.466	0	0	0	0	54582351	54582359	0
6949	0	0	4	55	-86.265	-21.522	-1.127	0	0	0	0	5	55	-83.455	-35.926	0.391	0	0	0	0	6	55	-83.717	-29.697	10.939	0	0	0	0	7	55	-82.24	-29.082	-11.023	0	0	0	0	8	55	-85.123	-54.994	-3.031	0	0	0	0	9	55	-154.245	-1.408	1.641	0	0	0	0	10	55	3.778042E+28	-4.001206E+28	-3.275232E+28	0	0	0	0	1	0	-79.096	-19.595	0.977	5	5	5	4	2	0	-78.277	-10.303	0.035	5	5	5	1	0	0	-87.203	-5.704	-0.466	0	0	0	0	54582351	54582359	54582359
6965	0	0	4	55	-86.272	-21.692	-0.996	0	0	0	0	5	55	-83.262	-36.031	0.302	0	0	0	0	6	55	-83.59	-29.819	10.968	0	0	0	0	7	55	-82.571	-29.369	-11.301	0	0	0	0	8	55	-84.989	-55.013	-2.979	0	0	0	0	9	55	-154.266	-1.518	1.591	0	0	0	0	10	55	3.779648E+28	-4.002556E+28	-3.271728E+28	0	0	0	0	1	0	-79.096	-19.595	0.977	5	5	5	4	2	0	-78.277	-10.303	0.035	5	5	5	1	0	0	-87.203	-5.704	-0.466	0	0	0	0	54582368	54582376	54582376
6982	0	0	4	55	-86.172	-21.66	-1.034	0	0	0	0	5	55	-83.096	-36.048	0.41	0	0	0	0	6	55	-83.604	-29.758	10.939	0	0	0	0	7	55	-82.452	-29.242	-11.294	0	0	0	0	8	55	-84.935	-55.007	-3.022	0	0	0	0	9	55	-154.24	-1.424	1.603	0	0	0	0	10	55	3.775198E+28	-4.004223E+28	-3.274825E+28	0	0	0	0	1	0	-79.096	-19.595	0.977	5	5	5	4	2	0	-78.277	-10.303	0.035	5	5	5	1	0	0	-87.203	-5.704	-0.466	0	0	0	0	54582384	54582393	0
6982	0	0	4	55	-86.172	-21.66	-1.034	0	0	0	0	5	55	-83.096	-36.048	0.41	0	0	0	0	6	55	-83.604	-29.758	10.939	0	0	0	0	7	55	-82.452	-29.242	-11.294	0	0	0	0	8	55	-84.935	-55.007	-3.022	0	0	0	0	9	55	-154.24	-1.424	1.602	0	0	0	0	10	55	3.775198E+28	-4.004223E+28	-3.274825E+28	0	0	0	0	1	0	-79.096	-19.595	0.977	5	5	5	4	2	0	-78.277	-10.303	0.035	5	5	5	1	0	0	-87.203	-5.704	-0.466	0	0	0	0	54582384	54582393	54582393
6998	0	0	4	55	-86.064	-21.611	-1.161	0	0	0	0	5	55	-83.102	-35.923	0.589	0	0	0	0	6	55	-83.592	-29.691	11.009	0	0	0	0	7	55	-82.317	-29.474	-11.356	0	0	0	0	8	55	-84.954	-54.863	-3.056	0	0	0	0	9	55	-154.197	-1.37	1.605	0	0	0	0	10	55	3.772951E+28	-4.005531E+28	-3.275815E+28	0	0	0	0	1	0	-79.096	-19.595	0.977	5	5	5	4	2	0	-78.277	-10.303	0.035	5	5	5	1	0	0	-87.203	-5.704	-0.466	0	0	0	0	54582400	54582409	0
6999	0	0	4	55	-86.064	-21.611	-1.161	0	0	0	0	5	55	-83.102	-35.923	0.589	0	0	0	0	6	55	-83.592	-29.691	11.009	0	0	0	0	7	55	-82.317	-29.474	-11.356	0	0	0	0	8	55	-84.954	-54.863	-3.056	0	0	0	0	9	55	-154.197	-1.37	1.605	0	0	0	0	10	55	3.772951E+28	-4.005531E+28	-3.275815E+28	0	0	0	0	1	0	-79.096	-19.595	0.977	5	5	5	4	2	0	-78.277	-10.303	0.035	5	5	5	1	0	0	-87.203	-5.704	-0.466	0	0	0	0	54582401	0	54582409
7015	0	0	4	55	-86.061	-21.616	-1.105	0	0	0	0	5	55	-82.936	-35.976	0.562	0	0	0	0	6	55	-83.546	-29.78	10.992	0	0	0	0	7	55	-82.142	-29.133	-11.162	0	0	0	0	8	55	-84.997	-54.836	-3.009	0	0	0	0	9	55	-154.159	-1.48	1.535	0	0	0	0	10	55	3.778069E+28	-4.005928E+28	-3.269423E+28	0	0	0	0	1	0	-79.096	-19.595	0.977	5	5	5	4	2	0	-78.277	-10.303	0.035	5	5	5	1	0	0	-87.203	-5.704	-0.466	0	0	0	0	54582417	54582426	54582426
7032	0	0	4	55	-85.967	-21.706	-1.177	0	0	0	0	5	55	-82.87	-35.89	0.447	0	0	0	0	6	55	-83.597	-29.725	10.926	0	0	0	0	7	55	-82.172	-29.353	-11.423	0	0	0	0	8	55	-85.123	-54.893	-3.055	0	0	0	0	9	55	-153.775	-1.163	1.492	0	0	0	0	10	55	3.77247E+28	-4.003041E+28	-3.27941E+28	0	0	0	0	1	0	-79.096	-19.595	0.977	5	5	5	4	2	0	-78.277	-10.303	0.035	5	5	5	1	0	0	-87.203	-5.704	-0.466	0	0	0	0	54582434	54582443	0
7032	0	0	4	55	-85.967	-21.706	-1.177	0	0	0	0	5	55	-82.87	-35.89	0.447	0	0	0	0	6	55	-83.597	-29.725	10.926	0	0	0	0	7	55	-82.172	-29.353	-11.423	0	0	0	0	8	55	-85.123	-54.893	-3.055	0	0	0	0	9	55	-153.775	-1.163	1.492	0	0	0	0	10	55	3.77247E+28	-4.003041E+28	-3.279409E+28	0	0	0	0	1	0	-79.096	-19.595	0.977	5	5	5	4	2	0	-78.277	-10.303	0.035	5	5	5	1	0	0	-87.203	-5.704	-0.466	0	0	0	0	54582434	54582443	54582443
7048	0	0	4	55	-85.947	-21.825	-1.172	0	0	0	0	5	55	-82.969	-35.991	0.427	0	0	0	0	6	55	-83.562	-29.884	10.878	0	0	0	0	7	55	-82.178	-29.453	-11.265	0	0	0	0	8	55	-85.168	-55.112	-2.936	0	0	0	0	9	55	-153.58	-1.366	1.16	0	0	0	0	10	55	3.777466E+28	-4.003702E+28	-3.272845E+28	0	0	0	0	1	0	-79.096	-19.595	0.977	5	5	5	4	2	0	-78.277	-10.303	0.035	5	5	5	1	0	0	-87.203	-5.704	-0.466	0	0	0	0	54582451	54582459	0
7049	0	0	4	55	-85.947	-21.825	-1.172	0	0	0	0	5	55	-82.969	-35.991	0.427	0	0	0	0	6	55	-83.562	-29.884	10.878	0	0	0	0	7	55	-82.178	-29.453	-11.265	0	0	0	0	8	55	-85.168	-55.112	-2.936	0	0	0	0	9	55	-153.58	-1.366	1.16	0	0	0	0	10	55	3.777466E+28	-4.003703E+28	-3.272845E+28	0	0	0	0	1	0	-79.096	-19.595	0.977	5	5	5	4	2	0	-78.277	-10.303	0.035	5	5	5	1	0	0	-87.203	-5.704	-0.466	0	0	0	0	54582451	54582459	54582460
7065	0	0	4	55	-85.832	-21.763	-1.206	0	0	0	0	5	55	-82.769	-36.091	0.179	0	0	0	0	6	55	-83.501	-29.871	10.855	0	0	0	0	7	55	-82.112	-29.312	-11.4	0	0	0	0	8	55	-85.389	-55.071	-3.013	0	0	0	0	9	55	-153.118	-0.807	1.313	0	0	0	0	10	55	3.767733E+28	-4.00636E+28	-3.280801E+28	0	0	0	0	1	0	-79.096	-19.595	0.977	5	5	5	4	2	0	-78.277	-10.303	0.035	5	5	5	1	0	0	-87.203	-5.704	-0.466	0	0	0	0	54582468	54582476	54582476
7082	0	0	4	55	-85.44	-21.829	-1.287	0	0	0	0	5	55	-82.572	-36.242	0.064	0	0	0	0	6	55	-83.292	-29.847	10.859	0	0	0	0	7	55	-81.89	-29.812	-11.396	0	0	0	0	8	55	-85.528	-55.201	-3.001	0	0	0	0	9	55	-152.645	-0.503	1.379	0	0	0	0	10	55	3.761295E+28	-4.011311E+28	-3.282139E+28	0	0	0	0	1	0	-79.096	-19.595	0.977	5	5	5	4	2	0	-78.277	-10.303	0.035	5	5	5	1	0	0	-87.203	-5.704	-0.466	0	0	0	0	54582484	54582493	0
7082	0	0	4	55	-85.44	-21.829	-1.287	0	0	0	0	5	55	-82.572	-36.242	0.064	0	0	0	0	6	55	-83.292	-29.847	10.859	0	0	0	0	7	55	-81.89	-29.812	-11.396	0	0	0	0	8	55	-85.528	-55.201	-3.001	0	0	0	0	9	55	-152.645	-0.503	1.379	0	0	0	0	10	55	3.761295E+28	-4.01131E+28	-3.28214E+28	0	0	0	0	1	0	-79.096	-19.595	0.977	5	5	5	4	2	0	-78.277	-10.303	0.035	5	5	5	1	0	0	-87.203	-5.704	-0.466	0	0	0	0	54582484	54582493	54582493
7098	0	0	4	55	-85.621	-21.74	-1.246	0	0	0	0	5	55	-82.643	-36.243	0.008	0	0	0	0	6	55	-83.287	-29.875	10.705	0	0	0	0	7	55	-81.954	-29.717	-11.467	0	0	0	0	8	55	-85.754	-55.096	-3.155	0	0	0	0	9	55	-152.366	-0.255	1.407	0	0	0	0	10	55	3.756405E+28	-4.014099E+28	-3.284331E+28	0	0	0	0	1	0	-79.096	-19.595	0.977	5	5	5	4	2	0	-78.277	-10.303	0.035	5	5	5	1	0	0	-87.203	-5.704	-0.466	0	0	0	0	54582500	54582509	0
7099	0	0	4	55	-85.621	-21.74	-1.246	0	0	0	0	5	55	-82.643	-36.243	0.008	0	0	0	0	6	55	-83.287	-29.875	10.705	0	0	0	0	7	55	-81.954	-29.717	-11.467	0	0	0	0	8	55	-85.754	-55.096	-3.155	0	0	0	0	9	55	-152.366	-0.255	1.407	0	0	0	0	10	55	3.756404E+28	-4.014098E+28	-3.284332E+28	0	0	0	0	1	0	-79.096	-19.595	0.977	5	5	5	4	2	0	-78.277	-10.303	0.035	5	5	5	1	0	0	-87.203	-5.704	-0.466	0	0	0	0	54582501	54582509	54582509
7116	0	0	4	55	-85.195	-21.992	-1.342	0	0	0	0	5	55	-82.535	-36.432	0.088	0	0	0	0	6	55	-83.027	-30.04	10.735	0	0	0	0	7	55	-81.804	-29.196	-11.27	0	0	0	0	8	55	-85.937	-55.186	-2.965	0	0	0	0	9	55	-152.163	0.007	1.294	0	0	0	0	10	55	3.75127E+28	-4.020246E+28	-3.282681E+28	0	0	0	0	1	0	-79.096	-19.595	0.977	5	5	5	4	2	0	-78.277	-10.303	0.035	5	5	5	1	0	0	-87.203	-5.704	-0.466	0	0	0	0	54582518	54582527	54582527
7132	0	0	4	55	-84.847	-22.232	-1.312	0	0	0	0	5	55	-82.578	-36.636	0.32	0	0	0	0	6	55	-82.86	-30.206	10.783	0	0	0	0	7	55	-81.392	-30.019	-11.325	0	0	0	0	8	55	-86.158	-55.213	-2.971	0	0	0	0	9	55	-152.094	0.002	1.298	0	0	0	0	10	55	3.753471E+28	-4.025584E+28	-3.273611E+28	0	0	0	0	1	0	-79.096	-19.595	0.977	5	5	5	4	2	0	-78.277	-10.303	0.035	5	5	5	1	0	0	-87.203	-5.704	-0.466	0	0	0	0	54582534	54582542	0
7132	0	0	4	55	-84.847	-22.232	-1.312	0	0	0	0	5	55	-82.578	-36.636	0.32	0	0	0	0	6	55	-82.86	-30.206	10.783	0	0	0	0	7	55	-81.392	-30.019	-11.325	0	0	0	0	8	55	-86.158	-55.213	-2.971	0	0	0	0	9	55	-152.094	0.002	1.298	0	0	0	0	10	55	3.753471E+28	-4.025584E+28	-3.273611E+28	0	0	0	0	1	0	-79.096	-19.595	0.977	5	5	5	4	2	0	-78.277	-10.303	0.035	5	5	5	1	0	0	-87.203	-5.704	-0.466	0	0	0	0	54582534	54582543	54582543
7148	0	0	4	55	-84.898	-22.288	-1.273	0	0	0	0	5	55	-82.553	-36.65	0.414	0	0	0	0	6	55	-82.79	-30.253	10.837	0	0	0	0	7	55	-81.405	-29.598	-11.176	0	0	0	0	8	55	-86.144	-55.266	-2.813	0	0	0	0	9	55	-151.945	0.169	1.562	0	0	0	0	10	55	3.745589E+28	-4.029552E+28	-3.277754E+28	0	0	0	0	1	0	-79.096	-19.595	0.977	5	5	5	4	2	0	-78.277	-10.303	0.035	5	5	5	1	0	0	-87.203	-5.704	-0.466	0	0	0	0	54582551	54582559	0
7149	0	0	4	55	-84.898	-22.288	-1.273	0	0	0	0	5	55	-82.553	-36.65	0.414	0	0	0	0	6	55	-82.79	-30.253	10.837	0	0	0	0	7	55	-81.405	-29.598	-11.176	0	0	0	0	8	55	-86.144	-55.266	-2.813	0	0	0	0	9	55	-151.945	0.169	1.562	0	0	0	0	10	55	3.74559E+28	-4.029551E+28	-3.277754E+28	0	0	0	0	1	0	-79.096	-19.595	0.977	5	5	5	4	2	0	-78.277	-10.303	0.035	5	5	5	1	0	0	-87.203	-5.704	-0.466	0	0	0	0	54582551	54582559	54582559
7165	0	0	4	55	-84.697	-22.68	-1.27	0	0	0	0	5	55	-82.606	-36.97	0.293	0	0	0	0	6	55	-82.707	-30.635	10.832	0	0	0	0	7	55	-81.527	-30.148	-11.452	0	0	0	0	8	55	-86.254	-55.364	-2.916	0	0	0	0	9	55	-152.193	-0.018	1.407	0	0	0	0	10	55	3.751305E+28	-4.028465E+28	-3.272549E+28	0	0	0	0	1	0	-79.096	-19.595	0.977	5	5	5	4	2	0	-78.277	-10.303	0.035	5	5	5	1	0	0	-87.203	-5.704	-0.466	0	0	0	0	54582567	54582576	54582576
7182	0	0	4	55	-84.603	-22.98	-1.175	0	0	0	0	5	55	-82.742	-37.181	0.297	0	0	0	0	6	55	-82.673	-30.84	10.951	0	0	0	0	7	55	-81.31	-30.557	-11.205	0	0	0	0	8	55	-86.408	-55.399	-2.784	0	0	0	0	9	55	-152.202	-0.282	1.651	0	0	0	0	10	55	3.752572E+28	-4.030905E+28	-3.268089E+28	0	0	0	0	1	0	-79.096	-19.595	0.977	5	5	5	4	2	0	-78.277	-10.303	0.035	5	5	5	1	0	0	-87.203	-5.704	-0.466	0	0	0	0	54582584	54582593	0
7182	0	0	4	55	-84.603	-22.98	-1.175	0	0	0	0	5	55	-82.742	-37.181	0.297	0	0	0	0	6	55	-82.673	-30.84	10.951	0	0	0	0	7	55	-81.31	-30.557	-11.205	0	0	0	0	8	55	-86.408	-55.399	-2.784	0	0	0	0	9	55	-152.202	-0.282	1.651	0	0	0	0	10	55	3.752571E+28	-4.030905E+28	-3.26809E+28	0	0	0	0	1	0	-79.096	-19.595	0.977	5	5	5	4	2	0	-78.277	-10.303	0.035	5	5	5	1	0	0	-87.203	-5.704	-0.466	0	0	0	0	54582584	54582593	54582593
7198	0	0	4	55	-84.698	-23.15	-1.128	0	0	0	0	5	55	-82.761	-37.354	0.219	0	0	0	0	6	55	-82.669	-31.069	10.913	0	0	0	0	7	55	-81.312	-30.693	-11.356	0	0	0	0	8	55	-86.303	-55.649	-2.877	0	0	0	0	9	55	-152.22	-0.258	1.743	0	0	0	0	10	55	3.754125E+28	-4.030673E+28	-3.266591E+28	0	0	0	0	1	0	-79.096	-19.595	0.977	5	5	5	4	2	0	-78.277	-10.303	0.035	5	5	5	1	0	0	-87.203	-5.704	-0.466	0	0	0	0	54582600	54582609	0
7199	0	0	4	55	-84.698	-23.15	-1.128	0	0	0	0	5	55	-82.761	-37.354	0.219	0	0	0	0	6	55	-82.669	-31.069	10.913	0	0	0	0	7	55	-81.312	-30.693	-11.356	0	0	0	0	8	55	-86.303	-55.649	-2.877	0	0	0	0	9	55	-152.22	-0.258	1.743	0	0	0	0	10	55	3.754125E+28	-4.030673E+28	-3.266591E+28	0	0	0	0	1	0	-79.096	-19.595	0.977	5	5	5	4	2	0	-78.277	-10.303	0.035	5	5	5	1	0	0	-87.203	-5.704	-0.466	0	0	0	0	54582601	54582609	54582609
7215	0	0	4	55	-84.727	-23.517	-0.918	0	0	0	0	5	55	-82.879	-37.474	0.279	0	0	0	0	6	55	-82.656	-31.342	11.129	0	0	0	0	7	55	-81.242	-30.669	-11.075	0	0	0	0	8	55	-86.349	-55.758	-2.758	0	0	0	0	9	55	-152.443	-0.498	1.589	0	0	0	0	10	55	3.748456E+28	-4.036687E+28	-3.265674E+28	0	0	0	0	1	0	-79.096	-19.595	0.977	5	5	5	4	2	0	-78.277	-10.303	0.035	5	5	5	1	0	0	-87.203	-5.704	-0.466	0	0	0	0	54582618	54582626	54582626
7232	0	0	4	55	-84.611	-23.976	-0.784	0	0	0	0	5	55	-82.877	-37.662	0.099	0	0	0	0	6	55	-82.739	-31.881	11.122	0	0	0	0	7	55	-81.292	-30.588	-11.095	0	0	0	0	8	55	-86.321	-55.87	-2.846	0	0	0	0	9	55	-152.864	-0.682	1.779	0	0	0	0	10	55	3.745142E+28	-4.033476E+28	-3.273435E+28	0	0	0	0	1	0	-79.096	-19.595	0.977	5	5	5	4	2	0	-78.277	-10.303	0.035	5	5	5	1	0	0	-87.203	-5.704	-0.466	0	0	0	0	54582634	54582642	0
7232	0	0	4	55	-84.611	-23.976	-0.784	0	0	0	0	5	55	-82.877	-37.662	0.099	0	0	0	0	6	55	-82.739	-31.881	11.122	0	0	0	0	7	55	-81.292	-30.588	-11.095	0	0	0	0	8	55	-86.321	-55.87	-2.846	0	0	0	0	9	55	-152.864	-0.682	1.779	0	0	0	0	10	55	3.745142E+28	-4.033477E+28	-3.273434E+28	0	0	0	0	1	0	-79.096	-19.595	0.977	5	5	5	4	2	0	-78.277	-10.303	0.035	5	5	5	1	0	0	-87.203	-5.704	-0.466	0	0	0	0	54582634	54582643	54582643
7248	0	0	4	55	-84.62	-24.239	-0.668	0	0	0	0	5	55	-82.915	-37.864	0.051	0	0	0	0	6	55	-82.625	-32.146	11.151	0	0	0	0	7	55	-81.26	-30.722	-11.085	0	0	0	0	8	55	-86.341	-55.959	-2.999	0	0	0	0	9	55	-153.033	-1.176	1.683	0	0	0	0	10	55	3.75094E+28	-4.027544E+28	-3.274101E+28	0	0	0	0	1	0	-79.096	-19.595	0.977	5	5	5	4	2	0	-78.277	-10.303	0.035	5	5	5	1	0	0	-87.203	-5.704	-0.466	0	0	0	0	54582651	54582659	0
7249	0	0	4	55	-84.62	-24.239	-0.668	0	0	0	0	5	55	-82.915	-37.864	0.051	0	0	0	0	6	55	-82.625	-32.146	11.151	0	0	0	0	7	55	-81.26	-30.722	-11.085	0	0	0	0	8	55	-86.341	-55.959	-2.999	0	0	0	0	9	55	-153.033	-1.176	1.683	0	0	0	0	10	55	3.750938E+28	-4.027544E+28	-3.274102E+28	0	0	0	0	1	0	-79.096	-19.595	0.977	5	5	5	4	2	0	-78.277	-10.303	0.035	5	5	5	1	0	0	-87.203	-5.704	-0.466	0	0	0	0	54582651	54582659	54582659
7265	0	0	4	55	-84.825	-24.884	-1.094	0	0	0	0	5	55	-83.288	-38.019	-0.263	0	0	0	0	6	55	-82.728	-32.556	10.879	0	0	0	0	7	55	-81.666	-30.937	-11.418	0	0	0	0	8	55	-86.289	-56.279	-3.312	0	0	0	0	9	55	-153.525	-1.429	1.488	0	0	0	0	10	55	3.743943E+28	-4.032706E+28	-3.275754E+28	0	0	0	0	1	0	-79.096	-19.595	0.977	5	5	5	4	2	0	-78.277	-10.303	0.035	5	5	5	1	0	0	-87.203	-5.704	-0.466	0	0	0	0	54582667	54582676	54582676
7282	0	0	4	55	-85.078	-25.176	-0.873	0	0	0	0	5	55	-83.543	-37.867	-0.439	0	0	0	0	6	55	-82.685	-32.61	11.025	0	0	0	0	7	55	-81.678	-30.866	-11.499	0	0	0	0	8	55	-86.032	-55.937	-3.513	0	0	0	0	9	55	-153.546	-1.431	1.415	0	0	0	0	10	55	3.734058E+28	-4.039726E+28	-3.278387E+28	0	0	0	0	1	0	-79.096	-19.595	0.977	5	5	5	4	2	0	-78.277	-10.303	0.035	5	5	5	1	0	0	-87.203	-5.704	-0.466	0	0	0	0	54582684	54582693	0
7282	0	0	4	55	-85.078	-25.176	-0.873	0	0	0	0	5	55	-83.543	-37.867	-0.439	0	0	0	0	6	55	-82.685	-32.61	11.025	0	0	0	0	7	55	-81.678	-30.866	-11.499	0	0	0	0	8	55	-86.032	-55.937	-3.513	0	0	0	0	9	55	-153.546	-1.431	1.415	0	0	0	0	10	55	3.734057E+28	-4.039726E+28	-3.278388E+28	0	0	0	0	1	0	-79.096	-19.595	0.977	5	5	5	4	2	0	-78.277	-10.303	0.035	5	5	5	1	0	0	-87.203	-5.704	-0.466	0	0	0	0	54582684	54582693	54582693
7298	0	0	4	55	-84.951	-25.405	-0.729	0	0	0	0	5	55	-83.496	-37.905	-0.272	0	0	0	0	6	55	-82.59	-32.788	11.298	0	0	0	0	7	55	-81.546	-30.813	-11.28	0	0	0	0	8	55	-85.864	-55.915	-3.319	0	0	0	0	9	55	-153.584	-1.559	1.577	0	0	0	0	10	55	3.7431E+28	-4.035109E+28	-3.273758E+28	0	0	0	0	1	0	-79.096	-19.595	0.977	5	5	5	4	2	0	-78.277	-10.303	0.035	5	5	5	1	0	0	-87.203	-5.704	-0.466	0	0	0	0	54582701	54582709	0
7299	0	0	4	55	-84.951	-25.405	-0.729	0	0	0	0	5	55	-83.496	-37.905	-0.272	0	0	0	0	6	55	-82.59	-32.788	11.298	0	0	0	0	7	55	-81.546	-30.813	-11.28	0	0	0	0	8	55	-85.864	-55.915	-3.319	0	0	0	0	9	55	-153.584	-1.559	1.577	0	0	0	0	10	55	3.743099E+28	-4.035109E+28	-3.273759E+28	0	0	0	0	1	0	-79.096	-19.595	0.977	5	5	5	4	2	0	-78.277	-10.303	0.035	5	5	5	1	0	0	-87.203	-5.704	-0.466	0	0	0	0	54582701	54582709	54582709
7316	0	0	4	55	-84.734	-25.736	-0.557	0	0	0	0	5	55	-83.284	-37.888	-0.368	0	0	0	0	6	55	-82.171	-33.049	11.513	0	0	0	0	7	55	-81.033	-31.131	-11.476	0	0	0	0	8	55	-85.575	-55.752	-3.452	0	0	0	0	9	55	-153.529	-1.578	1.545	0	0	0	0	10	55	3.743855E+28	-4.0398E+28	-3.267102E+28	0	0	0	0	1	0	-79.096	-19.595	0.977	5	5	5	4	2	0	-78.277	-10.303	0.035	5	5	5	1	0	0	-87.203	-5.704	-0.466	0	0	0	0	54582716	54582727	54582727
7332	0	0	4	55	-84.188	-25.827	-0.469	0	0	0	0	5	55	-83.019	-37.687	-0.384	0	0	0	0	6	55	-81.803	-33.094	11.758	0	0	0	0	7	55	-80.97	-30.64	-11.403	0	0	0	0	8	55	-85.166	-55.532	-3.345	0	0	0	0	9	55	-153.441	-1.493	1.589	0	0	0	0	10	55	3.738681E+28	-4.042242E+28	-3.270006E+28	0	0	0	0	1	0	-79.096	-19.595	0.977	5	5	5	4	2	0	-78.277	-10.303	0.035	5	5	5	1	0	0	-87.203	-5.704	-0.466	0	0	0	0	54582734	54582743	0
7332	0	0	4	55	-84.188	-25.827	-0.469	0	0	0	0	5	55	-83.019	-37.687	-0.384	0	0	0	0	6	55	-81.803	-33.094	11.758	0	0	0	0	7	55	-80.97	-30.64	-11.403	0	0	0	0	8	55	-85.166	-55.532	-3.345	0	0	0	0	9	55	-153.441	-1.493	1.589	0	0	0	0	10	55	3.738682E+28	-4.042242E+28	-3.270006E+28	0	0	0	0	1	0	-79.096	-19.595	0.977	5	5	5	4	2	0	-78.277	-10.303	0.035	5	5	5	1	0	0	-87.203	-5.704	-0.466	0	0	0	0	54582735	54582743	54582743
7348	0	0	4	55	-84.268	-25.634	-0.38	0	0	0	0	5	55	-83.11	-37.234	-0.414	0	0	0	0	6	55	-81.743	-32.854	11.808	0	0	0	0	7	55	-80.848	-30.942	-11.451	0	0	0	0	8	55	-85.118	-55.166	-3.39	0	0	0	0	9	55	-153.315	-1.031	1.77	0	0	0	0	10	55	3.726153E+28	-4.050743E+28	-3.273783E+28	0	0	0	0	1	0	-79.096	-19.595	0.977	5	5	5	4	2	0	-78.277	-10.303	0.035	5	5	5	1	0	0	-87.203	-5.704	-0.466	0	0	0	0	54582751	54582759	0
7349	0	0	4	55	-84.268	-25.634	-0.38	0	0	0	0	5	55	-83.11	-37.234	-0.414	0	0	0	0	6	55	-81.743	-32.854	11.808	0	0	0	0	7	55	-80.848	-30.942	-11.451	0	0	0	0	8	55	-85.118	-55.166	-3.39	0	0	0	0	9	55	-153.315	-1.031	1.77	0	0	0	0	10	55	3.726153E+28	-4.050743E+28	-3.273784E+28	0	0	0	0	1	0	-79.096	-19.595	0.977	5	5	5	4	2	0	-78.277	-10.303	0.035	5	5	5	1	0	0	-87.203	-5.704	-0.466	0	0	0	0	54582751	54582760	54582760
7365	0	0	4	55	-84.133	-25.377	-0.542	0	0	0	0	5	55	-82.843	-37.005	-0.352	0	0	0	0	6	55	-81.497	-32.684	11.802	0	0	0	0	7	55	-80.611	-30.549	-11.492	0	0	0	0	8	55	-84.934	-54.717	-3.531	0	0	0	0	9	55	-152.978	-0.964	1.768	0	0	0	0	10	55	3.733938E+28	-4.055306E+28	-3.259233E+28	0	0	0	0	1	0	-79.096	-19.595	0.977	5	5	5	4	2	0	-78.277	-10.303	0.035	5	5	5	1	0	0	-87.203	-5.704	-0.466	0	0	0	0	54582767	54582776	54582776
7382	0	0	4	55	-83.38	-24.857	-0.32	0	0	0	0	5	55	-82.48	-36.297	-0.416	0	0	0	0	6	55	-81.045	-32.299	12.018	0	0	0	0	7	55	-80.501	-30.655	-11.571	0	0	0	0	8	55	-84.74	-54.053	-3.39	0	0	0	0	9	55	-152.355	-0.361	1.977	0	0	0	0	10	55	3.725792E+28	-4.064437E+28	-3.25718E+28	0	0	0	0	1	0	-79.096	-19.595	0.977	5	5	5	4	2	0	-78.277	-10.303	0.035	5	5	5	1	0	0	-87.203	-5.704	-0.466	0	0	0	0	54582784	54582793	0
7382	0	0	4	55	-83.38	-24.857	-0.32	0	0	0	0	5	55	-82.48	-36.297	-0.416	0	0	0	0	6	55	-81.045	-32.299	12.018	0	0	0	0	7	55	-80.501	-30.655	-11.571	0	0	0	0	8	55	-84.74	-54.053	-3.39	0	0	0	0	9	55	-152.355	-0.361	1.977	0	0	0	0	10	55	3.725791E+28	-4.064437E+28	-3.257182E+28	0	0	0	0	1	0	-79.096	-19.595	0.977	5	5	5	4	2	0	-78.277	-10.303	0.035	5	5	5	1	0	0	-87.203	-5.704	-0.466	0	0	0	0	54582785	54582793	54582793
7398	0	0	4	55	-82.919	-24.389	-0.246	0	0	0	0	5	55	-82.149	-35.787	-0.21	0	0	0	0	6	55	-80.804	-32.054	12.281	0	0	0	0	7	55	-80.282	-29.952	-11.321	0	0	0	0	8	55	-84.648	-53.492	-3.422	0	0	0	0	9	55	-151.953	0.128	2.196	0	0	0	0	10	55	3.717213E+28	-4.068908E+28	-3.261397E+28	0	0	0	0	1	0	-79.096	-19.595	0.977	5	5	5	4	2	0	-78.277	-10.303	0.035	5	5	5	1	0	0	-87.203	-5.704	-0.466	0	0	0	0	54582800	54582809	0
7399	0	0	4	55	-82.919	-24.389	-0.246	0	0	0	0	5	55	-82.149	-35.787	-0.21	0	0	0	0	6	55	-80.804	-32.054	12.281	0	0	0	0	7	55	-80.282	-29.952	-11.321	0	0	0	0	8	55	-84.648	-53.492	-3.422	0	0	0	0	9	55	-151.953	0.128	2.196	0	0	0	0	10	55	3.717213E+28	-4.068908E+28	-3.261397E+28	0	0	0	0	1	0	-79.096	-19.595	0.977	5	5	5	4	2	0	-78.277	-10.303	0.035	5	5	5	1	0	0	-87.203	-5.704	-0.466	0	0	0	0	54582801	54582809	54582809
7415	0	0	4	55	-81.613	-23.134	0.114	0	0	0	0	5	55	-81.005	-34.524	-0.245	0	0	0	0	6	55	-80.431	-31.522	12.313	0	0	0	0	7	55	-79.929	-30.195	-11.557	0	0	0	0	8	55	-84.525	-52.112	-3.389	0	0	0	0	9	55	-151.317	0.655	2.183	0	0	0	0	10	55	3.715728E+28	-4.077729E+28	-3.252058E+28	0	0	0	0	1	1	-79.096	-19.595	0.977	5	5	5	4	2	0	-78.277	-10.303	0.035	5	5	5	1	0	0	-87.203	-5.704	-0.466	0	0	0	0	54582817	54582826	54582826
7432	0	0	4	55	-80.157	-21.994	0.122	0	0	0	0	5	55	-79.644	-33.416	-0.438	0	0	0	0	6	55	-80.118	-31.251	12.164	0	0	0	0	7	55	-79.924	-29.818	-11.224	0	0	0	0	8	55	-84.594	-50.554	-3.471	0	0	0	0	9	55	-150.76	1.314	2.316	0	0	0	0	10	55	3.719677E+28	-4.075472E+28	-3.250374E+28	0	0	0	0	1	2	-79.096	-19.595	0.977	5	5	5	4	2	0	-78.277	-10.303	0.035	5	5	5	1	0	0	-87.203	-5.704	-0.466	0	0	0	0	54582834	54582843	0
7432	0	0	4	55	-80.157	-21.994	0.122	0	0	0	0	5	55	-79.644	-33.416	-0.438	0	0	0	0	6	55	-80.118	-31.251	12.164	0	0	0	0	7	55	-79.924	-29.818	-11.224	0	0	0	0	8	55	-84.594	-50.554	-3.471	0	0	0	0	9	55	-150.76	1.314	2.316	0	0	0	0	10	55	3.719676E+28	-4.075472E+28	-3.250374E+28	0	0	0	0	1	2	-79.096	-19.595	0.977	5	5	5	4	2	0	-78.277	-10.303	0.035	5	5	5	1	0	0	-87.203	-5.704	-0.466	0	0	0	0	54582834	54582843	54582843
7448	0	0	4	55	-79.905	-22.135	0.252	0	0	0	0	5	55	-79.495	-33.518	-0.566	0	0	0	0	6	55	-80.311	-31.679	11.876	0	0	0	0	7	55	-80.179	-30.295	-11.696	0	0	0	0	8	55	-84.924	-50.473	-3.689	0	0	0	0	9	55	-150.66	0.861	2.296	0	0	0	0	10	55	3.73116E+28	-4.06548E+28	-3.249725E+28	0	0	0	0	1	2	-79.096	-19.595	0.977	5	5	5	4	2	0	-78.277	-10.303	0.035	5	5	5	1	0	0	-87.203	-5.704	-0.466	0	0	0	0	54582851	54582859	0
7449	0	0	4	55	-79.905	-22.135	0.252	0	0	0	0	5	55	-79.495	-33.518	-0.566	0	0	0	0	6	55	-80.311	-31.679	11.876	0	0	0	0	7	55	-80.179	-30.295	-11.696	0	0	0	0	8	55	-84.924	-50.473	-3.689	0	0	0	0	9	55	-150.66	0.861	2.296	0	0	0	0	10	55	3.731161E+28	-4.06548E+28	-3.249725E+28	0	0	0	0	1	2	-79.096	-19.595	0.977	5	5	5	4	2	0	-78.277	-10.303	0.035	5	5	5	1	0	0	-87.203	-5.704	-0.466	0	0	0	0	54582851	54582860	54582860
7465	0	0	4	55	-80.057	-21.555	0.233	0	0	0	0	5	55	-79.556	-32.819	-0.626	0	0	0	0	6	55	-80.286	-31.101	11.901	0	0	0	0	7	55	-80.306	-30.148	-11.672	0	0	0	0	8	55	-85.726	-49.477	-3.546	0	0	0	0	9	55	-150.848	0.713	2.552	0	0	0	0	10	55	3.738313E+28	-4.055305E+28	-3.254215E+28	0	0	0	0	1	2	-79.096	-19.595	0.977	5	5	5	4	2	0	-78.277	-10.303	0.035	5	5	5	1	0	0	-87.203	-5.704	-0.466	0	0	0	0	54582866	54582876	54582876
7482	0	0	4	55	-80.31	-21.14	0.203	0	0	0	0	5	55	-79.128	-32.484	-0.725	0	0	0	0	6	55	-80.276	-30.886	11.815	0	0	0	0	7	55	-80.153	-29.948	-11.534	0	0	0	0	8	55	-85.789	-49.133	-3.512	0	0	0	0	9	55	-151.121	0.159	2.59	0	0	0	0	10	55	3.762243E+28	-4.046444E+28	-3.237625E+28	0	0	0	0	1	2	-79.096	-19.595	0.977	5	5	5	4	2	0	-78.277	-10.303	0.035	5	5	5	1	0	0	-87.203	-5.704	-0.466	0	0	0	0	54582885	54582893	0
7482	0	0	4	55	-80.31	-21.141	0.203	0	0	0	0	5	55	-79.128	-32.484	-0.725	0	0	0	0	6	55	-80.276	-30.886	11.815	0	0	0	0	7	55	-80.153	-29.948	-11.534	0	0	0	0	8	55	-85.789	-49.133	-3.512	0	0	0	0	9	55	-151.121	0.159	2.59	0	0	0	0	10	55	3.762243E+28	-4.046444E+28	-3.237625E+28	0	0	0	0	1	2	-79.096	-19.595	0.977	5	5	5	4	2	0	-78.277	-10.303	0.035	5	5	5	1	0	0	-87.203	-5.704	-0.466	0	0	0	0	54582885	54582893	54582893
7498	0	0	4	55	-80.493	-21.403	0.055	0	0	0	0	5	55	-79.285	-32.68	-0.883	0	0	0	0	6	55	-80.355	-31.129	11.729	0	0	0	0	7	55	-80.255	-29.851	-11.526	0	0	0	0	8	55	-85.813	-49.438	-3.634	0	0	0	0	9	55	-151.525	-0.557	2.691	0	0	0	0	10	55	3.785279E+28	-4.027683E+28	-3.234165E+28	0	0	0	0	1	2	-79.096	-19.595	0.977	5	5	5	4	2	0	-78.277	-10.303	0.035	5	5	5	1	0	0	-87.203	-5.704	-0.466	0	0	0	0	54582901	54582909	0
7499	0	0	4	55	-80.493	-21.403	0.055	0	0	0	0	5	55	-79.285	-32.68	-0.883	0	0	0	0	6	55	-80.355	-31.129	11.729	0	0	0	0	7	55	-80.255	-29.851	-11.526	0	0	0	0	8	55	-85.813	-49.438	-3.634	0	0	0	0	9	55	-151.525	-0.557	2.691	0	0	0	0	10	55	3.78528E+28	-4.027682E+28	-3.234166E+28	0	0	0	0	1	2	-79.096	-19.595	0.977	5	5	5	4	2	0	-78.277	-10.303	0.035	5	5	5	1	0	0	-87.203	-5.704	-0.466	0	0	0	0	54582901	54582909	54582909
7515	0	0	4	55	-80.902	-21.422	0.097	0	0	0	0	5	55	-79.478	-32.749	-0.82	0	0	0	0	6	55	-80.275	-31.162	11.679	0	0	0	0	7	55	-79.972	-30.228	-11.657	0	0	0	0	8	55	-86.175	-49.529	-3.598	0	0	0	0	9	55	-152.242	-1.357	2.797	0	0	0	0	10	55	3.796151E+28	-4.014811E+28	-3.237425E+28	0	0	0	0	1	2	-79.096	-19.595	0.977	5	5	5	4	2	0	-78.277	-10.303	0.035	5	5	5	1	0	0	-87.203	-5.704	-0.466	0	0	0	0	54582917	54582926	54582926
7532	0	0	4	55	-81.306	-21.532	-0.186	0	0	0	0	5	55	-80.193	-32.733	-1.003	0	0	0	0	6	55	-80.274	-30.868	11.564	0	0	0	0	7	55	-80.049	-30.672	-11.455	0	0	0	0	8	55	-86.308	-49.722	-3.582	0	0	0	0	9	55	-153.284	-2.028	3.001	0	0	0	0	10	55	3.811962E+28	-4.00021E+28	-3.236921E+28	0	0	0	0	1	2	-79.096	-19.595	0.977	5	5	5	4	2	0	-78.277	-10.303	0.035	5	5	5	1	0	0	-87.203	-5.704	-0.466	0	0	0	0	54582934	54582943	0
7532	0	0	4	55	-81.306	-21.532	-0.186	0	0	0	0	5	55	-80.193	-32.733	-1.003	0	0	0	0	6	55	-80.274	-30.868	11.564	0	0	0	0	7	55	-80.049	-30.672	-11.455	0	0	0	0	8	55	-86.308	-49.722	-3.582	0	0	0	0	9	55	-153.284	-2.028	3.001	0	0	0	0	10	55	3.811963E+28	-4.00021E+28	-3.236921E+28	0	0	0	0	1	2	-79.096	-19.595	0.977	5	5	5	4	2	0	-78.277	-10.303	0.035	5	5	5	1	0	0	-87.203	-5.704	-0.466	0	0	0	0	54582934	54582943	54582943
7548	0	0	4	55	-82.296	-21.736	-0.157	0	0	0	0	5	55	-80.883	-33.007	-1.201	0	0	0	0	6	55	-80.353	-31.185	11.382	0	0	0	0	7	55	-80.009	-30.846	-11.691	0	0	0	0	8	55	-86.599	-49.999	-3.737	0	0	0	0	9	55	-153.942	-2.572	2.97	0	0	0	0	10	55	3.826628E+28	-3.984792E+28	-3.238633E+28	0	0	0	0	1	2	-79.096	-19.595	0.977	5	5	5	4	2	0	-78.277	-10.303	0.035	5	5	5	1	0	0	-87.203	-5.704	-0.466	0	0	0	0	54582951	54582959	0
7549	0	0	4	55	-82.296	-21.736	-0.157	0	0	0	0	5	55	-80.883	-33.007	-1.201	0	0	0	0	6	55	-80.353	-31.185	11.382	0	0	0	0	7	55	-80.009	-30.846	-11.691	0	0	0	0	8	55	-86.599	-49.999	-3.737	0	0	0	0	9	55	-153.942	-2.572	2.97	0	0	0	0	10	55	3.826628E+28	-3.984792E+28	-3.238633E+28	0	0	0	0	1	2	-79.096	-19.595	0.977	5	5	5	4	2	0	-78.277	-10.303	0.035	5	5	5	1	0	0	-87.203	-5.704	-0.466	0	0	0	0	54582951	54582959	54582959
7565	0	0	4	55	-83.993	-21.926	-0.501	0	0	0	0	5	55	-82.3	-33.193	-1.283	0	0	0	0	6	55	-81.045	-30.28	11.136	0	0	0	0	7	55	-80.46	-30.169	-11.788	0	0	0	0	8	55	-86.736	-50.761	-3.654	0	0	0	0	9	55	-154.94	-3.493	2.658	0	0	0	0	10	55	3.841774E+28	-3.971693E+28	-3.236791E+28	0	0	0	0	1	0	-79.096	-19.595	0.977	5	5	5	4	2	0	-78.277	-10.303	0.035	5	5	5	1	0	0	-87.203	-5.704	-0.466	0	0	0	0	54582968	54582976	54582976
7582	0	0	4	55	-84.752	-22.357	-0.486	0	0	0	0	5	55	-83.321	-33.474	-1.21	0	0	0	0	6	55	-81.264	-29.729	11.544	0	0	0	0	7	55	-80.634	-30.075	-11.685	0	0	0	0	8	55	-86.616	-51.196	-3.512	0	0	0	0	9	55	-155.452	-3.19	2.836	0	0	0	0	10	55	3.824442E+28	-3.978322E+28	-3.249153E+28	0	0	0	0	1	0	-79.096	-19.595	0.977	5	5	5	4	2	0	-78.277	-10.303	0.035	5	5	5	1	0	0	-87.203	-5.704	-0.466	0	0	0	0	54582984	54582992	0
7582	0	0	4	55	-84.752	-22.357	-0.486	0	0	0	0	5	55	-83.321	-33.474	-1.21	0	0	0	0	6	55	-81.264	-29.729	11.544	0	0	0	0	7	55	-80.634	-30.075	-11.685	0	0	0	0	8	55	-86.616	-51.196	-3.512	0	0	0	0	9	55	-155.452	-3.19	2.836	0	0	0	0	10	55	3.824442E+28	-3.978322E+28	-3.249152E+28	0	0	0	0	1	0	-79.096	-19.595	0.977	5	5	5	4	2	0	-78.277	-10.303	0.035	5	5	5	1	0	0	-87.203	-5.704	-0.466	0	0	0	0	54582984	54582993	54582993
7598	0	0	4	55	-85.188	-22.699	-0.364	0	0	0	0	5	55	-83.553	-33.857	-1.237	0	0	0	0	6	55	-81.696	-30.22	11.109	0	0	0	0	7	55	-80.767	-30.121	-11.582	0	0	0	0	8	55	-86.606	-51.596	-3.526	0	0	0	0	9	55	-155.728	-3.22	2.55	0	0	0	0	10	55	3.814796E+28	-3.984512E+28	-3.252905E+28	0	0	0	0	1	0	-79.096	-19.595	0.977	5	5	5	4	2	0	-78.277	-10.303	0.035	5	5	5	1	0	0	-87.203	-5.704	-0.466	0	0	0	0	54583001	54583009	0
7598	0	0	4	55	-85.188	-22.699	-0.364	0	0	0	0	5	55	-83.553	-33.857	-1.237	0	0	0	0	6	55	-81.696	-30.22	11.109	0	0	0	0	7	55	-80.767	-30.121	-11.582	0	0	0	0	8	55	-86.606	-51.596	-3.526	0	0	0	0	9	55	-155.728	-3.22	2.55	0	0	0	0	10	55	3.814796E+28	-3.984512E+28	-3.252905E+28	0	0	0	0	1	0	-79.096	-19.595	0.977	5	5	5	4	2	0	-78.277	-10.303	0.035	5	5	5	1	0	0	-87.203	-5.704	-0.466	0	0	0	0	54583001	54583009	54583009
7615	0	0	4	55	-85.792	-23.534	-0.493	0	0	0	0	5	55	-84.109	-34.738	-1.316	0	0	0	0	6	55	-82.194	-30.855	11.143	0	0	0	0	7	55	-80.935	-29.636	-11.396	0	0	0	0	8	55	-86.54	-52.452	-3.52	0	0	0	0	9	55	-156.034	-3.081	2.514	0	0	0	0	10	55	3.798027E+28	-3.992352E+28	-3.262898E+28	0	0	0	0	1	0	-79.096	-19.595	0.977	5	5	5	4	2	0	-78.277	-10.303	0.035	5	5	5	1	0	0	-87.203	-5.704	-0.466	0	0	0	0	54583015	54583026	54583026
7632	0	0	4	55	-86.082	-23.815	-0.503	0	0	0	0	5	55	-84.398	-35.114	-1.076	0	0	0	0	6	55	-82.518	-30.844	11.231	0	0	0	0	7	55	-81.092	-29.905	-11.302	0	0	0	0	8	55	-86.303	-52.772	-3.448	0	0	0	0	9	55	-156.125	-2.819	2.526	0	0	0	0	10	55	3.781146E+28	-4.002575E+28	-3.269973E+28	0	0	0	0	1	0	-79.096	-19.595	0.977	5	5	5	4	2	0	-78.277	-10.303	0.035	5	5	5	1	0	0	-87.203	-5.704	-0.466	0	0	0	0	54583035	54583043	0
7632	0	0	4	55	-86.082	-23.815	-0.503	0	0	0	0	5	55	-84.398	-35.114	-1.076	0	0	0	0	6	55	-82.518	-30.844	11.231	0	0	0	0	7	55	-81.092	-29.905	-11.302	0	0	0	0	8	55	-86.303	-52.772	-3.448	0	0	0	0	9	55	-156.125	-2.819	2.526	0	0	0	0	10	55	3.781146E+28	-4.002575E+28	-3.269972E+28	0	0	0	0	1	0	-79.096	-19.595	0.977	5	5	5	4	2	0	-78.277	-10.303	0.035	5	5	5	1	0	0	-87.203	-5.704	-0.466	0	0	0	0	54583035	54583043	54583043
7648	0	0	4	55	-86.128	-23.891	-0.449	0	0	0	0	5	55	-84.564	-35.193	-1.071	0	0	0	0	6	55	-82.668	-30.865	11.172	0	0	0	0	7	55	-81.38	-30.053	-11.499	0	0	0	0	8	55	-86.156	-53.02	-3.3	0	0	0	0	9	55	-156.051	-2.895	2.402	0	0	0	0	10	55	3.783505E+28	-4.005536E+28	-3.263612E+28	0	0	0	0	1	0	-79.096	-19.595	0.977	5	5	5	4	2	0	-78.277	-10.303	0.035	5	5	5	1	0	0	-87.203	-5.704	-0.466	0	0	0	0	54583050	54583059	0
7648	0	0	4	55	-86.127	-23.891	-0.449	0	0	0	0	5	55	-84.564	-35.193	-1.071	0	0	0	0	6	55	-82.668	-30.865	11.172	0	0	0	0	7	55	-81.38	-30.053	-11.499	0	0	0	0	8	55	-86.156	-53.02	-3.3	0	0	0	0	9	55	-156.051	-2.895	2.402	0	0	0	0	10	55	3.783505E+28	-4.005536E+28	-3.263613E+28	0	0	0	0	1	0	-79.096	-19.595	0.977	5	5	5	4	2	0	-78.277	-10.303	0.035	5	5	5	1	0	0	-87.203	-5.704	-0.466	0	0	0	0	54583050	54583059	54583059
7665	0	0	4	55	-86.637	-23.848	-0.685	0	0	0	0	5	55	-85.055	-35.218	-1.009	0	0	0	0	6	55	-83.131	-30.587	11.193	0	0	0	0	7	55	-81.422	-30.206	-11.473	0	0	0	0	8	55	-86.061	-53.18	-3.259	0	0	0	0	9	55	-156.369	-2.903	2.39	0	0	0	0	10	55	3.7823E+28	-4.005975E+28	-3.264471E+28	0	0	0	0	1	0	-79.096	-19.595	0.977	5	5	5	4	2	0	-78.277	-10.303	0.035	5	5	5	1	0	0	-87.203	-5.704	-0.466	0	0	0	0	54583067	54583076	54583076
7682	0	0	4	55	-87.304	-23.891	-0.907	0	0	0	0	5	55	-85.507	-35.658	-0.93	0	0	0	0	6	55	-83.859	-30.487	10.871	0	0	0	0	7	55	-82.046	-29.852	-11.466	0	0	0	0	8	55	-86.24	-53.583	-3.418	0	0	0	0	9	55	-156.478	-3.312	2.124	0	0	0	0	10	55	3.79227E+28	-3.998099E+28	-3.262559E+28	0	0	0	0	1	0	-79.096	-19.595	0.977	5	5	5	4	2	0	-78.277	-10.303	0.035	5	5	5	1	0	0	-87.203	-5.704	-0.466	0	0	0	0	54583083	54583092	0
7682	0	0	4	55	-87.304	-23.891	-0.907	0	0	0	0	5	55	-85.507	-35.658	-0.93	0	0	0	0	6	55	-83.859	-30.487	10.871	0	0	0	0	7	55	-82.046	-29.852	-11.466	0	0	0	0	8	55	-86.24	-53.583	-3.418	0	0	0	0	9	55	-156.478	-3.312	2.124	0	0	0	0	10	55	3.79227E+28	-3.998098E+28	-3.262559E+28	0	0	0	0	1	0	-79.096	-19.595	0.977	5	5	5	4	2	0	-78.277	-10.303	0.035	5	5	5	1	0	0	-87.203	-5.704	-0.466	0	0	0	0	54583084	54583093	54583093
7698	0	0	4	55	-87.573	-23.435	-1.009	0	0	0	0	5	55	-85.577	-35.472	-0.851	0	0	0	0	6	55	-83.944	-30.169	10.717	0	0	0	0	7	55	-81.726	-30.349	-11.223	0	0	0	0	8	55	-86.215	-53.355	-3.401	0	0	0	0	9	55	-156.244	-3.033	2.011	0	0	0	0	10	55	3.784303E+28	-4.007694E+28	-3.260035E+28	0	0	0	0	1	0	-79.096	-19.595	0.977	5	5	5	4	2	0	-78.277	-10.303	0.035	5	5	5	1	0	0	-87.203	-5.704	-0.466	0	0	0	0	54583101	54583109	0
7699	0	0	4	55	-87.573	-23.435	-1.009	0	0	0	0	5	55	-85.577	-35.472	-0.851	0	0	0	0	6	55	-83.944	-30.169	10.717	0	0	0	0	7	55	-81.726	-30.349	-11.223	0	0	0	0	8	55	-86.215	-53.355	-3.401	0	0	0	0	9	55	-156.244	-3.033	2.011	0	0	0	0	10	55	3.784303E+28	-4.007693E+28	-3.260036E+28	0	0	0	0	1	0	-79.096	-19.595	0.977	5	5	5	4	2	0	-78.277	-10.303	0.035	5	5	5	1	0	0	-87.203	-5.704	-0.466	0	0	0	0	54583101	54583109	54583109
7715	0	0	4	55	-87.814	-23.541	-1.164	0	0	0	0	5	55	-86.187	-35.818	-0.91	0	0	0	0	6	55	-84.497	-30.226	10.546	0	0	0	0	7	55	-82.325	-30.071	-11.309	0	0	0	0	8	55	-86.365	-53.993	-3.276	0	0	0	0	9	55	-156.509	-3.605	1.83	0	0	0	0	10	55	3.795693E+28	-3.995989E+28	-3.261163E+28	0	0	0	0	1	0	-79.096	-19.595	0.977	5	5	5	4	2	0	-78.277	-10.303	0.035	5	5	5	1	0	0	-87.203	-5.704	-0.466	0	0	0	0	54583117	54583126	54583126
7732	0	0	4	55	-88.163	-23.358	-1.354	0	0	0	0	5	55	-86.66	-35.895	-0.787	0	0	0	0	6	55	-84.912	-29.926	10.592	0	0	0	0	7	55	-82.927	-29.923	-11.251	0	0	0	0	8	55	-86.63	-54.017	-3.414	0	0	0	0	9	55	-156.715	-3.808	1.589	0	0	0	0	10	55	3.798465E+28	-3.99359E+28	-3.260875E+28	0	0	0	0	1	0	-79.096	-19.595	0.977	5	5	5	4	2	0	-78.277	-10.303	0.035	5	5	5	1	0	0	-87.203	-5.704	-0.466	0	0	0	0	54583134	54583143	0
7732	0	0	4	55	-88.163	-23.358	-1.354	0	0	0	0	5	55	-86.66	-35.895	-0.787	0	0	0	0	6	55	-84.912	-29.926	10.592	0	0	0	0	7	55	-82.927	-29.923	-11.251	0	0	0	0	8	55	-86.63	-54.017	-3.414	0	0	0	0	9	55	-156.715	-3.808	1.589	0	0	0	0	10	55	3.798466E+28	-3.99359E+28	-3.260875E+28	0	0	0	0	1	0	-79.096	-19.595	0.977	5	5	5	4	2	0	-78.277	-10.303	0.035	5	5	5	1	0	0	-87.203	-5.704	-0.466	0	0	0	0	54583134	54583143	54583143
7749	0	0	4	55	-88.452	-23.142	-1.545	0	0	0	0	5	55	-87.029	-35.848	-0.879	0	0	0	0	6	55	-85.069	-29.947	10.325	0	0	0	0	7	55	-83.284	-30.408	-11.461	0	0	0	0	8	55	-86.998	-54.092	-3.459	0	0	0	0	9	55	-156.695	-3.721	1.513	0	0	0	0	10	55	3.788041E+28	-3.997376E+28	-3.268352E+28	0	0	0	0	1	0	-79.096	-19.595	0.977	5	5	5	4	2	0	-78.277	-10.303	0.035	5	5	5	1	0	0	-87.203	-5.704	-0.466	0	0	0	0	54583154	54583159	0
7749	0	0	4	55	-88.452	-23.142	-1.545	0	0	0	0	5	55	-87.029	-35.848	-0.879	0	0	0	0	6	55	-85.069	-29.947	10.325	0	0	0	0	7	55	-83.284	-30.408	-11.461	0	0	0	0	8	55	-86.998	-54.092	-3.459	0	0	0	0	9	55	-156.694	-3.721	1.513	0	0	0	0	10	55	3.788041E+28	-3.997375E+28	-3.268353E+28	0	0	0	0	1	0	-79.096	-19.595	0.977	5	5	5	4	2	0	-78.277	-10.303	0.035	5	5	5	1	0	0	-87.203	-5.704	-0.466	0	0	0	0	54583154	54583160	54583160
7765	0	0	4	55	-88.66	-23.111	-1.456	0	0	0	0	5	55	-87.15	-35.974	-0.858	0	0	0	0	6	55	-85.295	-30.008	10.093	0	0	0	0	7	55	-83.099	-30.564	-11.719	0	0	0	0	8	55	-87.074	-54.27	-3.586	0	0	0	0	9	55	-156.818	-3.846	1.38	0	0	0	0	10	55	3.788994E+28	-3.996511E+28	-3.268305E+28	0	0	0	0	1	0	-79.096	-19.595	0.977	5	5	5	4	2	0	-78.277	-10.303	0.035	5	5	5	1	0	0	-87.203	-5.704	-0.466	0	0	0	0	54583168	54583176	54583176
7782	0	0	4	55	-88.57	-23.4	-1.785	0	0	0	0	5	55	-87.213	-36.418	-0.911	0	0	0	0	6	55	-85.366	-30.196	10.186	0	0	0	0	7	55	-83.291	-30.259	-11.496	0	0	0	0	8	55	-87.099	-54.72	-3.664	0	0	0	0	9	55	-156.937	-4.381	1.184	0	0	0	0	10	55	3.799191E+28	-3.995022E+28	-3.258272E+28	0	0	0	0	1	0	-79.096	-19.595	0.977	5	5	5	4	2	0	-78.277	-10.303	0.035	5	5	5	1	0	0	-87.203	-5.704	-0.466	0	0	0	0	54583184	54583193	0
7782	0	0	4	55	-88.57	-23.4	-1.785	0	0	0	0	5	55	-87.213	-36.418	-0.911	0	0	0	0	6	55	-85.366	-30.196	10.186	0	0	0	0	7	55	-83.291	-30.259	-11.496	0	0	0	0	8	55	-87.099	-54.72	-3.664	0	0	0	0	9	55	-156.937	-4.381	1.184	0	0	0	0	10	55	3.799191E+28	-3.995021E+28	-3.258274E+28	0	0	0	0	1	0	-79.096	-19.595	0.977	5	5	5	4	2	0	-78.277	-10.303	0.035	5	5	5	1	0	0	-87.203	-5.704	-0.466	0	0	0	0	54583184	54583193	54583193
7798	0	0	4	55	-88.666	-23.3	-1.744	0	0	0	0	5	55	-87.347	-36.275	-0.843	0	0	0	0	6	55	-85.501	-30.122	10.132	0	0	0	0	7	55	-83.172	-30.35	-11.519	0	0	0	0	8	55	-87.365	-54.62	-3.637	0	0	0	0	9	55	-156.952	-4.342	1.19	0	0	0	0	10	55	3.790385E+28	-3.998534E+28	-3.264217E+28	0	0	0	0	1	0	-79.096	-19.595	0.977	5	5	5	4	2	0	-78.277	-10.303	0.035	5	5	5	1	0	0	-87.203	-5.704	-0.466	0	0	0	0	54583200	54583209	0
7798	0	0	4	55	-88.666	-23.3	-1.744	0	0	0	0	5	55	-87.347	-36.275	-0.843	0	0	0	0	6	55	-85.501	-30.122	10.132	0	0	0	0	7	55	-83.172	-30.35	-11.519	0	0	0	0	8	55	-87.364	-54.62	-3.637	0	0	0	0	9	55	-156.952	-4.342	1.19	0	0	0	0	10	55	3.790385E+28	-3.998534E+28	-3.264216E+28	0	0	0	0	1	0	-79.096	-19.595	0.977	5	5	5	4	2	0	-78.277	-10.303	0.035	5	5	5	1	0	0	-87.203	-5.704	-0.466	0	0	0	0	54583201	54583209	54583209
7815	0	0	4	55	-88.619	-23.36	-1.679	0	0	0	0	5	55	-87.274	-36.375	-0.91	0	0	0	0	6	55	-85.478	-30.145	10.087	0	0	0	0	7	55	-83.688	-30.39	-11.403	0	0	0	0	8	55	-87.351	-54.842	-3.667	0	0	0	0	9	55	-156.846	-4.296	1.192	0	0	0	0	10	55	3.783089E+28	-4.004116E+28	-3.265837E+28	0	0	0	0	1	0	-79.096	-19.595	0.977	5	5	5	4	2	0	-78.277	-10.303	0.035	5	5	5	1	0	0	-87.203	-5.704	-0.466	0	0	0	0	54583217	54583226	54583226
7832	0	0	4	55	-88.521	-23.286	-1.651	0	0	0	0	5	55	-87.016	-36.472	-0.922	0	0	0	0	6	55	-85.452	-30.224	10.117	0	0	0	0	7	55	-83.668	-30.569	-11.875	0	0	0	0	8	55	-87.354	-54.909	-3.587	0	0	0	0	9	55	-156.773	-4.394	1.146	0	0	0	0	10	55	3.788761E+28	-4.004884E+28	-3.258311E+28	0	0	0	0	1	0	-79.096	-19.595	0.977	5	5	5	4	2	0	-78.277	-10.303	0.035	5	5	5	1	0	0	-87.203	-5.704	-0.466	0	0	0	0	54583234	54583242	0
7832	0	0	4	55	-88.521	-23.286	-1.651	0	0	0	0	5	55	-87.016	-36.472	-0.922	0	0	0	0	6	55	-85.452	-30.224	10.117	0	0	0	0	7	55	-83.668	-30.569	-11.875	0	0	0	0	8	55	-87.354	-54.909	-3.587	0	0	0	0	9	55	-156.773	-4.394	1.146	0	0	0	0	10	55	3.788761E+28	-4.004885E+28	-3.258311E+28	0	0	0	0	1	0	-79.096	-19.595	0.977	5	5	5	4	2	0	-78.277	-10.303	0.035	5	5	5	1	0	0	-87.203	-5.704	-0.466	0	0	0	0	54583234	54583243	54583243
7848	0	0	4	55	-88.264	-23.062	-1.501	0	0	0	0	5	55	-86.721	-36.339	-0.765	0	0	0	0	6	55	-85.231	-29.987	10.361	0	0	0	0	7	55	-83.522	-30.41	-11.672	0	0	0	0	8	55	-87.085	-54.889	-3.325	0	0	0	0	9	55	-156.428	-4.246	1.278	0	0	0	0	10	55	3.795303E+28	-4.006053E+28	-3.249247E+28	0	0	0	0	1	0	-79.096	-19.595	0.977	5	5	5	4	2	0	-78.277	-10.303	0.035	5	5	5	1	0	0	-87.203	-5.704	-0.466	0	0	0	0	54583250	54583259	0
7848	0	0	4	55	-88.264	-23.062	-1.501	0	0	0	0	5	55	-86.721	-36.339	-0.765	0	0	0	0	6	55	-85.231	-29.987	10.361	0	0	0	0	7	55	-83.522	-30.41	-11.672	0	0	0	0	8	55	-87.085	-54.889	-3.325	0	0	0	0	9	55	-156.428	-4.246	1.277	0	0	0	0	10	55	3.795302E+28	-4.006054E+28	-3.249247E+28	0	0	0	0	1	0	-79.096	-19.595	0.977	5	5	5	4	2	0	-78.277	-10.303	0.035	5	5	5	1	0	0	-87.203	-5.704	-0.466	0	0	0	0	54583251	54583259	54583259
7865	0	0	4	55	-87.874	-22.789	-1.285	0	0	0	0	5	55	-86.16	-36.069	-0.486	0	0	0	0	6	55	-84.89	-29.865	10.6	0	0	0	0	7	55	-83.145	-29.862	-11.288	0	0	0	0	8	55	-86.828	-54.743	-3.24	0	0	0	0	9	55	-156.109	-4.021	1.403	0	0	0	0	10	55	3.792946E+28	-4.010861E+28	-3.246067E+28	0	0	0	0	1	0	-79.096	-19.595	0.977	5	5	5	4	2	0	-78.277	-10.303	0.035	5	5	5	1	0	0	-87.203	-5.704	-0.466	0	0	0	0	54583267	54583276	54583276
7882	0	0	4	55	-87.666	-22.523	-1.221	0	0	0	0	5	55	-86.013	-35.813	-0.47	0	0	0	0	6	55	-84.728	-29.813	10.749	0	0	0	0	7	55	-83.09	-29.652	-11.319	0	0	0	0	8	55	-86.951	-54.462	-3.194	0	0	0	0	9	55	-156.024	-3.437	1.477	0	0	0	0	10	55	3.77707E+28	-4.010771E+28	-3.264638E+28	0	0	0	0	1	0	-79.096	-19.595	0.977	5	5	5	4	2	0	-78.277	-10.303	0.035	5	5	5	1	0	0	-87.203	-5.704	-0.466	0	0	0	0	54583284	54583292	0
7882	0	0	4	55	-87.666	-22.523	-1.221	0	0	0	0	5	55	-86.013	-35.813	-0.47	0	0	0	0	6	55	-84.728	-29.813	10.749	0	0	0	0	7	55	-83.09	-29.652	-11.319	0	0	0	0	8	55	-86.951	-54.462	-3.194	0	0	0	0	9	55	-156.024	-3.437	1.477	0	0	0	0	10	55	3.777071E+28	-4.010771E+28	-3.264637E+28	0	0	0	0	1	0	-79.096	-19.595	0.977	5	5	5	4	2	0	-78.277	-10.303	0.035	5	5	5	1	0	0	-87.203	-5.704	-0.466	0	0	0	0	54583284	54583293	54583293
7898	0	0	4	55	-87.555	-22.543	-1.049	0	0	0	0	5	55	-85.802	-35.67	-0.53	0	0	0	0	6	55	-84.57	-29.699	10.836	0	0	0	0	7	55	-82.811	-29.509	-11.524	0	0	0	0	8	55	-86.833	-54.321	-3.229	0	0	0	0	9	55	-155.603	-3.215	1.569	0	0	0	0	10	55	3.78167E+28	-4.009207E+28	-3.261232E+28	0	0	0	0	1	0	-79.096	-19.595	0.977	5	5	5	4	2	0	-78.277	-10.303	0.035	5	5	5	1	0	0	-87.203	-5.704	-0.466	0	0	0	0	54583301	54583309	0
7900	0	0	4	55	-87.555	-22.543	-1.049	0	0	0	0	5	55	-85.802	-35.67	-0.53	0	0	0	0	6	55	-84.57	-29.699	10.836	0	0	0	0	7	55	-82.811	-29.509	-11.524	0	0	0	0	8	55	-86.833	-54.321	-3.229	0	0	0	0	9	55	-155.603	-3.215	1.569	0	0	0	0	10	55	3.78167E+28	-4.009207E+28	-3.261231E+28	0	0	0	0	1	0	-79.096	-19.595	0.977	5	5	5	4	2	0	-78.277	-10.303	0.035	5	5	5	1	0	0	-87.203	-5.704	-0.466	0	0	0	0	54583301	54583311	54583311
7915	0	0	4	55	-87.39	-22.835	-1.033	0	0	0	0	5	55	-85.392	-36.06	-0.606	0	0	0	0	6	55	-84.469	-30.3	10.742	0	0	0	0	7	55	-82.896	-29.432	-11.248	0	0	0	0	8	55	-86.562	-54.724	-3.286	0	0	0	0	9	55	-154.956	-3.286	1.547	0	0	0	0	10	55	3.794399E+28	-3.990189E+28	-3.26976E+28	0	0	0	0	1	0	-79.096	-19.595	0.977	5	5	5	4	2	0	-78.277	-10.303	0.035	5	5	5	1	0	0	-87.203	-5.704	-0.466	0	0	0	0	54583318	54583326	54583326
7932	0	0	4	55	-86.935	-22.969	-1.206	0	0	0	0	5	55	-84.946	-36.228	-0.684	0	0	0	0	6	55	-84.229	-30.371	10.769	0	0	0	0	7	55	-82.971	-29.709	-11.514	0	0	0	0	8	55	-86.435	-54.825	-3.42	0	0	0	0	9	55	-154.676	-3.252	1.36	0	0	0	0	10	55	3.799623E+28	-3.989689E+28	-3.264297E+28	0	0	0	0	1	0	-79.096	-19.595	0.977	5	5	5	4	2	0	-78.277	-10.303	0.035	5	5	5	1	0	0	-87.203	-5.704	-0.466	0	0	0	0	54583334	54583343	0
7932	0	0	4	55	-86.935	-22.969	-1.206	0	0	0	0	5	55	-84.946	-36.228	-0.684	0	0	0	0	6	55	-84.229	-30.371	10.769	0	0	0	0	7	55	-82.971	-29.709	-11.514	0	0	0	0	8	55	-86.435	-54.825	-3.42	0	0	0	0	9	55	-154.676	-3.252	1.36	0	0	0	0	10	55	3.799624E+28	-3.989689E+28	-3.264296E+28	0	0	0	0	1	0	-79.096	-19.595	0.977	5	5	5	4	2	0	-78.277	-10.303	0.035	5	5	5	1	0	0	-87.203	-5.704	-0.466	0	0	0	0	54583335	54583343	54583343
7949	0	0	4	55	-86.684	-22.651	-0.842	0	0	0	0	5	55	-84.808	-35.838	-0.602	0	0	0	0	6	55	-84.085	-30.164	10.886	0	0	0	0	7	55	-82.792	-29.598	-11.718	0	0	0	0	8	55	-86.411	-54.384	-3.337	0	0	0	0	9	55	-154.472	-2.949	1.633	0	0	0	0	10	55	3.789852E+28	-3.991383E+28	-3.273573E+28	0	0	0	0	1	0	-79.096	-19.595	0.977	5	5	5	4	2	0	-78.277	-10.303	0.035	5	5	5	1	0	0	-87.203	-5.704	-0.466	0	0	0	0	54583351	54583359	0
7949	0	0	4	55	-86.684	-22.651	-0.842	0	0	0	0	5	55	-84.808	-35.838	-0.602	0	0	0	0	6	55	-84.085	-30.164	10.886	0	0	0	0	7	55	-82.792	-29.598	-11.718	0	0	0	0	8	55	-86.411	-54.384	-3.337	0	0	0	0	9	55	-154.472	-2.949	1.633	0	0	0	0	10	55	3.789851E+28	-3.991383E+28	-3.273573E+28	0	0	0	0	1	0	-79.096	-19.595	0.977	5	5	5	4	2	0	-78.277	-10.303	0.035	5	5	5	1	0	0	-87.203	-5.704	-0.466	0	0	0	0	54583351	54583360	54583360
7965	0	0	4	55	-86.487	-22.569	-0.847	0	0	0	0	5	55	-84.582	-35.803	-0.52	0	0	0	0	6	55	-83.991	-30.145	10.915	0	0	0	0	7	55	-82.9	-29.453	-11.572	0	0	0	0	8	55	-86.391	-54.233	-3.367	0	0	0	0	9	55	-154.345	-2.848	1.642	0	0	0	0	10	55	3.783495E+28	-3.995266E+28	-3.276188E+28	0	0	0	0	1	0	-79.096	-19.595	0.977	5	5	5	4	2	0	-78.277	-10.303	0.035	5	5	5	1	0	0	-87.203	-5.704	-0.466	0	0	0	0	54583367	54583376	54583376
7982	0	0	4	55	-86.236	-22.715	-0.862	0	0	0	0	5	55	-84.186	-35.779	-0.388	0	0	0	0	6	55	-83.85	-30.34	11.038	0	0	0	0	7	55	-82.477	-29.156	-11.742	0	0	0	0	8	55	-85.836	-54.328	-3.32	0	0	0	0	9	55	-154.651	-3.287	1.518	0	0	0	0	10	55	3.803961E+28	-3.990355E+28	-3.258426E+28	0	0	0	0	1	0	-79.096	-19.595	0.977	5	5	5	4	2	0	-78.277	-10.303	0.035	5	5	5	1	0	0	-87.203	-5.704	-0.466	0	0	0	0	54583384	54583393	0
7982	0	0	4	55	-86.236	-22.715	-0.862	0	0	0	0	5	55	-84.186	-35.779	-0.388	0	0	0	0	6	55	-83.85	-30.34	11.038	0	0	0	0	7	55	-82.477	-29.156	-11.742	0	0	0	0	8	55	-85.836	-54.328	-3.32	0	0	0	0	9	55	-154.651	-3.287	1.519	0	0	0	0	10	55	3.803961E+28	-3.990355E+28	-3.258426E+28	0	0	0	0	1	0	-79.096	-19.595	0.977	5	5	5	4	2	0	-78.277	-10.303	0.035	5	5	5	1	0	0	-87.203	-5.704	-0.466	0	0	0	0	54583384	54583393	54583393
7998	0	0	4	55	-85.996	-22.708	-0.696	0	0	0	0	5	55	-83.596	-35.484	-0.477	0	0	0	0	6	55	-83.545	-30.221	11.249	0	0	0	0	7	55	-82.288	-29.677	-11.796	0	0	0	0	8	55	-85.354	-53.867	-3.437	0	0	0	0	9	55	-154.891	-3.337	1.504	0	0	0	0	10	55	3.807153E+28	-3.993105E+28	-3.251322E+28	0	0	0	0	1	0	-79.096	-19.595	0.977	5	5	5	4	2	0	-78.277	-10.303	0.035	5	5	5	1	0	0	-87.203	-5.704	-0.466	0	0	0	0	54583401	54583409	0
7999	0	0	4	55	-85.996	-22.708	-0.696	0	0	0	0	5	55	-83.596	-35.484	-0.477	0	0	0	0	6	55	-83.545	-30.221	11.249	0	0	0	0	7	55	-82.288	-29.677	-11.796	0	0	0	0	8	55	-85.354	-53.867	-3.437	0	0	0	0	9	55	-154.891	-3.337	1.504	0	0	0	0	10	55	3.807152E+28	-3.993105E+28	-3.251323E+28	0	0	0	0	1	0	-79.096	-19.595	0.977	5	5	5	4	2	0	-78.277	-10.303	0.035	5	5	5	1	0	0	-87.203	-5.704	-0.466	0	0	0	0	54583401	54583409	54583409
8015	0	0	4	55	-85.73	-22.857	-0.629	0	0	0	0	5	55	-83.459	-35.464	-0.392	0	0	0	0	6	55	-83.458	-30.448	11.354	0	0	0	0	7	55	-81.907	-29.903	-11.773	0	0	0	0	8	55	-85.21	-53.933	-3.23	0	0	0	0	9	55	-154.96	-3.42	1.796	0	0	0	0	10	55	3.804081E+28	-3.990883E+28	-3.257639E+28	0	0	0	0	1	0	-79.096	-19.595	0.977	5	5	5	4	2	0	-78.277	-10.303	0.035	5	5	5	1	0	0	-87.203	-5.704	-0.466	0	0	0	0	54583418	54583426	54583426
8032	0	0	4	55	-85.719	-22.994	-0.552	0	0	0	0	5	55	-83.17	-35.431	-0.327	0	0	0	0	6	55	-83.396	-30.61	11.406	0	0	0	0	7	55	-82.285	-29.635	-11.679	0	0	0	0	8	55	-85.006	-53.732	-3.298	0	0	0	0	9	55	-155.286	-3.599	1.46	0	0	0	0	10	55	3.799468E+28	-3.996757E+28	-3.25582E+28	0	0	0	0	1	0	-79.096	-19.595	0.977	5	5	5	4	2	0	-78.277	-10.303	0.035	5	5	5	1	0	0	-87.203	-5.704	-0.466	0	0	0	0	54583434	54583442	0
8032	0	0	4	55	-85.719	-22.994	-0.552	0	0	0	0	5	55	-83.17	-35.431	-0.327	0	0	0	0	6	55	-83.396	-30.61	11.406	0	0	0	0	7	55	-82.285	-29.635	-11.679	0	0	0	0	8	55	-85.006	-53.732	-3.298	0	0	0	0	9	55	-155.286	-3.599	1.46	0	0	0	0	10	55	3.799468E+28	-3.996757E+28	-3.25582E+28	0	0	0	0	1	0	-79.096	-19.595	0.977	5	5	5	4	2	0	-78.277	-10.303	0.035	5	5	5	1	0	0	-87.203	-5.704	-0.466	0	0	0	0	54583434	54583443	54583443
8049	0	0	4	55	-85.492	-22.991	-0.501	0	0	0	0	5	55	-83.032	-35.454	-0.228	0	0	0	0	6	55	-83.32	-30.643	11.541	0	0	0	0	7	55	-82.176	-29.287	-11.799	0	0	0	0	8	55	-85.02	-53.565	-3.201	0	0	0	0	9	55	-155.23	-3.313	1.769	0	0	0	0	10	55	3.792403E+28	-4.002777E+28	-3.256663E+28	0	0	0	0	1	0	-79.096	-19.595	0.977	5	5	5	4	2	0	-78.277	-10.303	0.035	5	5	5	1	0	0	-87.203	-5.704	-0.466	0	0	0	0	54583449	54583459	0
8049	0	0	4	55	-85.492	-22.991	-0.501	0	0	0	0	5	55	-83.032	-35.454	-0.228	0	0	0	0	6	55	-83.32	-30.643	11.541	0	0	0	0	7	55	-82.176	-29.287	-11.799	0	0	0	0	8	55	-85.02	-53.565	-3.201	0	0	0	0	9	55	-155.23	-3.313	1.769	0	0	0	0	10	55	3.792403E+28	-4.002777E+28	-3.256662E+28	0	0	0	0	1	0	-79.096	-19.595	0.977	5	5	5	4	2	0	-78.277	-10.303	0.035	5	5	5	1	0	0	-87.203	-5.704	-0.466	0	0	0	0	54583449	54583460	54583460
8065	0	0	4	55	-85.424	-22.961	-0.541	0	0	0	0	5	55	-82.855	-35.368	-0.265	0	0	0	0	6	55	-83.161	-30.696	11.455	0	0	0	0	7	55	-82.273	-29.481	-11.904	0	0	0	0	8	55	-84.526	-53.635	-3.319	0	0	0	0	9	55	-155.181	-3.127	1.523	0	0	0	0	10	55	3.78724E+28	-4.00733E+28	-3.257071E+28	0	0	0	0	1	0	-79.096	-19.595	0.977	5	5	5	4	2	0	-78.277	-10.303	0.035	5	5	5	1	0	0	-87.203	-5.704	-0.466	0	0	0	0	54583467	54583476	54583476
8082	0	0	4	55	-85.298	-22.88	-0.352	0	0	0	0	5	55	-82.678	-35.154	-0.137	0	0	0	0	6	55	-83.001	-30.648	11.72	0	0	0	0	7	55	-82.05	-29.047	-11.66	0	0	0	0	8	55	-84.267	-53.403	-3.227	0	0	0	0	9	55	-155.058	-2.9	1.737	0	0	0	0	10	55	3.776535E+28	-4.008226E+28	-3.26838E+28	0	0	0	0	1	0	-79.096	-19.595	0.977	5	5	5	4	2	0	-78.277	-10.303	0.035	5	5	5	1	0	0	-87.203	-5.704	-0.466	0	0	0	0	54583485	54583492	0
8082	0	0	4	55	-85.298	-22.88	-0.352	0	0	0	0	5	55	-82.678	-35.154	-0.137	0	0	0	0	6	55	-83.001	-30.648	11.72	0	0	0	0	7	55	-82.05	-29.047	-11.66	0	0	0	0	8	55	-84.267	-53.403	-3.227	0	0	0	0	9	55	-155.058	-2.9	1.737	0	0	0	0	10	55	3.776534E+28	-4.008226E+28	-3.268381E+28	0	0	0	0	1	0	-79.096	-19.595	0.977	5	5	5	4	2	0	-78.277	-10.303	0.035	5	5	5	1	0	0	-87.203	-5.704	-0.466	0	0	0	0	54583485	54583493	54583493
8098	0	0	4	55	-85.271	-22.93	-0.289	0	0	0	0	5	55	-82.567	-35.176	-0.035	0	0	0	0	6	55	-83.009	-30.579	11.78	0	0	0	0	7	55	-81.771	-28.871	-11.473	0	0	0	0	8	55	-84.119	-53.397	-3.038	0	0	0	0	9	55	-154.987	-2.763	1.925	0	0	0	0	10	55	3.782078E+28	-4.007332E+28	-3.263062E+28	0	0	0	0	1	0	-79.096	-19.595	0.977	5	5	5	4	2	0	-78.277	-10.303	0.035	5	5	5	1	0	0	-87.203	-5.704	-0.466	0	0	0	0	54583501	54583509	0
8099	0	0	4	55	-85.271	-22.93	-0.289	0	0	0	0	5	55	-82.567	-35.176	-0.035	0	0	0	0	6	55	-83.009	-30.579	11.78	0	0	0	0	7	55	-81.771	-28.871	-11.473	0	0	0	0	8	55	-84.119	-53.397	-3.038	0	0	0	0	9	55	-154.986	-2.763	1.925	0	0	0	0	10	55	3.78208E+28	-4.007331E+28	-3.263061E+28	0	0	0	0	1	0	-79.096	-19.595	0.977	5	5	5	4	2	0	-78.277	-10.303	0.035	5	5	5	1	0	0	-87.203	-5.704	-0.466	0	0	0	0	54583501	54583509	54583509
8115	0	0	4	55	-85.2	-23.238	-0.442	0	0	0	0	5	55	-82.489	-35.441	-0.217	0	0	0	0	6	55	-83.046	-30.763	11.741	0	0	0	0	7	55	-82.028	-29.166	-11.905	0	0	0	0	8	55	-83.933	-53.577	-3.237	0	0	0	0	9	55	-155.062	-2.861	1.656	0	0	0	0	10	55	3.788088E+28	-3.999232E+28	-3.266026E+28	0	0	0	0	1	0	-79.096	-19.595	0.977	5	5	5	4	2	0	-78.277	-10.303	0.035	5	5	5	1	0	0	-87.203	-5.704	-0.466	0	0	0	0	54583517	54583526	54583526
8132	0	0	4	55	-85.087	-23.136	-0.556	0	0	0	0	5	55	-82.559	-35.252	-0.221	0	0	0	0	6	55	-82.935	-30.646	11.627	0	0	0	0	7	55	-81.927	-29.483	-11.712	0	0	0	0	8	55	-83.818	-53.486	-3.241	0	0	0	0	9	55	-154.846	-2.363	1.834	0	0	0	0	10	55	3.784027E+28	-3.997033E+28	-3.273418E+28	0	0	0	0	1	0	-79.096	-19.595	0.977	5	5	5	4	2	0	-78.277	-10.303	0.035	5	5	5	1	0	0	-87.203	-5.704	-0.466	0	0	0	0	54583534	54583542	0
8132	0	0	4	55	-85.087	-23.136	-0.556	0	0	0	0	5	55	-82.559	-35.252	-0.221	0	0	0	0	6	55	-82.935	-30.646	11.627	0	0	0	0	7	55	-81.927	-29.483	-11.712	0	0	0	0	8	55	-83.818	-53.486	-3.241	0	0	0	0	9	55	-154.846	-2.363	1.834	0	0	0	0	10	55	3.784027E+28	-3.997032E+28	-3.273419E+28	0	0	0	0	1	0	-79.096	-19.595	0.977	5	5	5	4	2	0	-78.277	-10.303	0.035	5	5	5	1	0	0	-87.203	-5.704	-0.466	0	0	0	0	54583534	54583543	54583543
8148	0	0	4	55	-85.037	-23.253	-0.613	0	0	0	0	5	55	-82.381	-35.475	-0.286	0	0	0	0	6	55	-82.866	-30.884	11.57	0	0	0	0	7	55	-81.816	-29.376	-12.095	0	0	0	0	8	55	-83.717	-53.46	-3.345	0	0	0	0	9	55	-154.837	-2.538	1.756	0	0	0	0	10	55	3.790116E+28	-3.985846E+28	-3.280007E+28	0	0	0	0	1	0	-79.096	-19.595	0.977	5	5	5	4	2	0	-78.277	-10.303	0.035	5	5	5	1	0	0	-87.203	-5.704	-0.466	0	0	0	0	54583551	54583559	0
8149	0	0	4	55	-85.037	-23.253	-0.613	0	0	0	0	5	55	-82.381	-35.475	-0.286	0	0	0	0	6	55	-82.866	-30.884	11.57	0	0	0	0	7	55	-81.816	-29.376	-12.095	0	0	0	0	8	55	-83.717	-53.46	-3.345	0	0	0	0	9	55	-154.837	-2.538	1.756	0	0	0	0	10	55	3.790117E+28	-3.985845E+28	-3.280008E+28	0	0	0	0	1	0	-79.096	-19.595	0.977	5	5	5	4	2	0	-78.277	-10.303	0.035	5	5	5	1	0	0	-87.203	-5.704	-0.466	0	0	0	0	54583551	54583560	54583560
8165	0	0	4	55	-84.708	-23.145	-0.506	0	0	0	0	5	55	-82.003	-35.31	-0.13	0	0	0	0	6	55	-82.663	-30.716	11.731	0	0	0	0	7	55	-81.439	-29.501	-11.856	0	0	0	0	8	55	-83.308	-53.331	-3.306	0	0	0	0	9	55	-154.796	-2.38	1.485	0	0	0	0	10	55	3.797555E+28	-3.987372E+28	-3.269532E+28	0	0	0	0	1	0	-79.096	-19.595	0.977	5	5	5	4	2	0	-78.277	-10.303	0.035	5	5	5	1	0	0	-87.203	-5.704	-0.466	0	0	0	0	54583566	54583576	54583576
8182	0	0	4	55	-84.641	-23.54	-0.639	0	0	0	0	5	55	-81.82	-35.735	-0.274	0	0	0	0	6	55	-82.679	-31.222	11.617	0	0	0	0	7	55	-81.393	-29.802	-12.053	0	0	0	0	8	55	-82.951	-53.723	-3.332	0	0	0	0	9	55	-154.867	-2.834	1.402	0	0	0	0	10	55	3.822452E+28	-3.969626E+28	-3.262104E+28	0	0	0	0	1	0	-79.096	-19.595	0.977	5	5	5	4	2	0	-78.277	-10.303	0.035	5	5	5	1	0	0	-87.203	-5.704	-0.466	0	0	0	0	54583583	54583592	0
8182	0	0	4	55	-84.641	-23.54	-0.639	0	0	0	0	5	55	-81.82	-35.735	-0.274	0	0	0	0	6	55	-82.679	-31.222	11.617	0	0	0	0	7	55	-81.393	-29.802	-12.053	0	0	0	0	8	55	-82.951	-53.723	-3.332	0	0	0	0	9	55	-154.867	-2.834	1.402	0	0	0	0	10	55	3.822452E+28	-3.969626E+28	-3.262104E+28	0	0	0	0	1	0	-79.096	-19.595	0.977	5	5	5	4	2	0	-78.277	-10.303	0.035	5	5	5	1	0	0	-87.203	-5.704	-0.466	0	0	0	0	54583583	54583593	54583593
8198	0	0	4	55	-84.422	-23.62	-0.771	0	0	0	0	5	55	-81.736	-35.814	-0.45	0	0	0	0	6	55	-82.7	-31.202	11.522	0	0	0	0	7	55	-81.482	-29.98	-12.183	0	0	0	0	8	55	-83.002	-53.672	-3.425	0	0	0	0	9	55	-154.92	-2.983	1.24	0	0	0	0	10	55	3.824573E+28	-3.965675E+28	-3.264423E+28	0	0	0	0	1	0	-79.096	-19.595	0.977	5	5	5	4	2	0	-78.277	-10.303	0.035	5	5	5	1	0	0	-87.203	-5.704	-0.466	0	0	0	0	54583599	54583609	0
8198	0	0	4	55	-84.422	-23.62	-0.771	0	0	0	0	5	55	-81.736	-35.814	-0.449	0	0	0	0	6	55	-82.7	-31.202	11.522	0	0	0	0	7	55	-81.482	-29.98	-12.183	0	0	0	0	8	55	-83.002	-53.672	-3.425	0	0	0	0	9	55	-154.92	-2.983	1.24	0	0	0	0	10	55	3.824573E+28	-3.965675E+28	-3.264423E+28	0	0	0	0	1	0	-79.096	-19.595	0.977	5	5	5	4	2	0	-78.277	-10.303	0.035	5	5	5	1	0	0	-87.203	-5.704	-0.466	0	0	0	0	54583600	54583609	54583609
8215	0	0	4	55	-84.347	-23.698	-0.733	0	0	0	0	5	55	-81.636	-35.862	-0.082	0	0	0	0	6	55	-82.627	-31.233	11.559	0	0	0	0	7	55	-81.522	-30.12	-12.364	0	0	0	0	8	55	-82.681	-53.841	-3.42	0	0	0	0	9	55	-155.029	-3.113	1.356	0	0	0	0	10	55	3.843851E+28	-3.951899E+28	-3.258481E+28	0	0	0	0	1	0	-79.096	-19.595	0.977	5	5	5	4	2	0	-78.277	-10.303	0.035	5	5	5	1	0	0	-87.203	-5.704	-0.466	0	0	0	0	54583617	54583626	54583626
8232	0	0	4	55	-84.246	-23.336	-0.58	0	0	0	0	5	55	-81.361	-35.632	-0.098	0	0	0	0	6	55	-82.551	-30.922	11.709	0	0	0	0	7	55	-81.476	-29.865	-12.192	0	0	0	0	8	55	-82.528	-53.575	-3.224	0	0	0	0	9	55	-154.804	-2.817	1.455	0	0	0	0	10	55	3.837106E+28	-3.960911E+28	-3.255487E+28	0	0	0	0	1	0	-79.096	-19.595	0.977	5	5	5	4	2	0	-78.277	-10.303	0.035	5	5	5	1	0	0	-87.203	-5.704	-0.466	0	0	0	0	54583635	54583642	0
8232	0	0	4	55	-84.246	-23.336	-0.58	0	0	0	0	5	55	-81.361	-35.632	-0.098	0	0	0	0	6	55	-82.551	-30.922	11.709	0	0	0	0	7	55	-81.476	-29.865	-12.192	0	0	0	0	8	55	-82.528	-53.575	-3.224	0	0	0	0	9	55	-154.804	-2.817	1.455	0	0	0	0	10	55	3.837106E+28	-3.960911E+28	-3.255486E+28	0	0	0	0	1	0	-79.096	-19.595	0.977	5	5	5	4	2	0	-78.277	-10.303	0.035	5	5	5	1	0	0	-87.203	-5.704	-0.466	0	0	0	0	54583635	54583643	54583643
8248	0	0	4	55	-84.054	-23.4	-0.748	0	0	0	0	5	55	-81.314	-35.648	0.069	0	0	0	0	6	55	-82.48	-30.955	11.689	0	0	0	0	7	55	-81.489	-29.502	-12.058	0	0	0	0	8	55	-82.208	-53.829	-3.131	0	0	0	0	9	55	-154.918	-3.012	1.447	0	0	0	0	10	55	3.846165E+28	-3.955774E+28	-3.25104E+28	0	0	0	0	1	0	-79.096	-19.595	0.977	5	5	5	4	2	0	-78.277	-10.303	0.035	5	5	5	1	0	0	-87.203	-5.704	-0.466	0	0	0	0	54583651	54583659	0
8248	0	0	4	55	-84.054	-23.4	-0.748	0	0	0	0	5	55	-81.314	-35.648	0.069	0	0	0	0	6	55	-82.48	-30.955	11.689	0	0	0	0	7	55	-81.489	-29.502	-12.058	0	0	0	0	8	55	-82.208	-53.829	-3.131	0	0	0	0	9	55	-154.918	-3.012	1.447	0	0	0	0	10	55	3.846166E+28	-3.955774E+28	-3.251038E+28	0	0	0	0	1	0	-79.096	-19.595	0.977	5	5	5	4	2	0	-78.277	-10.303	0.035	5	5	5	1	0	0	-87.203	-5.704	-0.466	0	0	0	0	54583651	54583659	54583659
8265	0	0	4	55	-84.058	-23.121	-0.564	0	0	0	0	5	55	-81.204	-35.411	0.137	0	0	0	0	6	55	-82.445	-30.66	11.828	0	0	0	0	7	55	-81.22	-29.637	-12.129	0	0	0	0	8	55	-82.311	-53.379	-3.147	0	0	0	0	9	55	-154.75	-2.602	1.662	0	0	0	0	10	55	3.834023E+28	-3.956368E+28	-3.264631E+28	0	0	0	0	1	0	-79.096	-19.595	0.977	5	5	5	4	2	0	-78.277	-10.303	0.035	5	5	5	1	0	0	-87.203	-5.704	-0.466	0	0	0	0	54583667	54583676	54583676
8282	0	0	4	55	-84.155	-23.157	-0.592	0	0	0	0	5	55	-81.193	-35.516	-0.206	0	0	0	0	6	55	-82.469	-30.816	11.644	0	0	0	0	7	55	-81.352	-29.73	-11.968	0	0	0	0	8	55	-82.281	-53.596	-3.204	0	0	0	0	9	55	-154.908	-2.597	1.318	0	0	0	0	10	55	3.832736E+28	-3.957978E+28	-3.26419E+28	0	0	0	0	1	0	-79.096	-19.595	0.977	5	5	5	4	2	0	-78.277	-10.303	0.035	5	5	5	1	0	0	-87.203	-5.704	-0.466	0	0	0	0	54583684	54583693	0
8282	0	0	4	55	-84.155	-23.157	-0.592	0	0	0	0	5	55	-81.193	-35.516	-0.206	0	0	0	0	6	55	-82.469	-30.816	11.644	0	0	0	0	7	55	-81.352	-29.73	-11.968	0	0	0	0	8	55	-82.281	-53.596	-3.204	0	0	0	0	9	55	-154.908	-2.597	1.318	0	0	0	0	10	55	3.832736E+28	-3.957978E+28	-3.264191E+28	0	0	0	0	1	0	-79.096	-19.595	0.977	5	5	5	4	2	0	-78.277	-10.303	0.035	5	5	5	1	0	0	-87.203	-5.704	-0.466	0	0	0	0	54583684	54583693	54583693
8298	0	0	4	55	-84.101	-22.933	-0.496	0	0	0	0	5	55	-81.281	-35.264	0.014	0	0	0	0	6	55	-82.5	-30.541	11.806	0	0	0	0	7	55	-81.802	-29.244	-12.01	0	0	0	0	8	55	-82.492	-53.263	-3.27	0	0	0	0	9	55	-154.912	-2.33	1.508	0	0	0	0	10	55	3.822476E+28	-3.959096E+28	-3.274848E+28	0	0	0	0	1	0	-79.096	-19.595	0.977	5	5	5	4	2	0	-78.277	-10.303	0.035	5	5	5	1	0	0	-87.203	-5.704	-0.466	0	0	0	0	54583700	54583709	0
8299	0	0	4	55	-84.101	-22.933	-0.496	0	0	0	0	5	55	-81.281	-35.264	0.014	0	0	0	0	6	55	-82.5	-30.541	11.806	0	0	0	0	7	55	-81.802	-29.244	-12.01	0	0	0	0	8	55	-82.492	-53.263	-3.27	0	0	0	0	9	55	-154.912	-2.33	1.508	0	0	0	0	10	55	3.822476E+28	-3.959096E+28	-3.274848E+28	0	0	0	0	1	0	-79.096	-19.595	0.977	5	5	5	4	2	0	-78.277	-10.303	0.035	5	5	5	1	0	0	-87.203	-5.704	-0.466	0	0	0	0	54583700	54583709	54583709
8315	0	0	4	55	-84.003	-22.817	-0.405	0	0	0	0	5	55	-81.124	-35.211	0.088	0	0	0	0	6	55	-82.44	-30.459	11.917	0	0	0	0	7	55	-81.621	-29.675	-12.069	0	0	0	0	8	55	-82.42	-53.201	-3.173	0	0	0	0	9	55	-154.84	-2.267	1.663	0	0	0	0	10	55	3.817932E+28	-3.958084E+28	-3.281365E+28	0	0	0	0	1	0	-79.096	-19.595	0.977	5	5	5	4	2	0	-78.277	-10.303	0.035	5	5	5	1	0	0	-87.203	-5.704	-0.466	0	0	0	0	54583717	54583726	54583726
8332	0	0	4	55	-83.95	-22.823	-0.375	0	0	0	0	5	55	-81.086	-35.165	0.268	0	0	0	0	6	55	-82.441	-30.495	11.934	0	0	0	0	7	55	-81.665	-29.772	-12.001	0	0	0	0	8	55	-82.109	-53.253	-3.072	0	0	0	0	9	55	-154.856	-2.277	1.736	0	0	0	0	10	55	3.817724E+28	-3.957995E+28	-3.281716E+28	0	0	0	0	1	0	-79.096	-19.595	0.977	5	5	5	4	2	0	-78.277	-10.303	0.035	5	5	5	1	0	0	-87.203	-5.704	-0.466	0	0	0	0	54583734	54583742	0
8332	0	0	4	55	-83.95	-22.823	-0.375	0	0	0	0	5	55	-81.086	-35.165	0.268	0	0	0	0	6	55	-82.441	-30.495	11.934	0	0	0	0	7	55	-81.665	-29.772	-12.001	0	0	0	0	8	55	-82.109	-53.253	-3.072	0	0	0	0	9	55	-154.856	-2.277	1.736	0	0	0	0	10	55	3.817723E+28	-3.957995E+28	-3.281717E+28	0	0	0	0	1	0	-79.096	-19.595	0.977	5	5	5	4	2	0	-78.277	-10.303	0.035	5	5	5	1	0	0	-87.203	-5.704	-0.466	0	0	0	0	54583734	54583743	54583743
8348	0	0	4	55	-83.879	-22.661	-0.269	0	0	0	0	5	55	-80.954	-35.012	0.308	0	0	0	0	6	55	-82.421	-30.254	12.116	0	0	0	0	7	55	-81.64	-29.544	-11.769	0	0	0	0	8	55	-82.153	-53.095	-3.052	0	0	0	0	9	55	-154.836	-2.157	1.817	0	0	0	0	10	55	3.812321E+28	-3.959024E+28	-3.28675E+28	0	0	0	0	1	0	-79.096	-19.595	0.977	5	5	5	4	2	0	-78.277	-10.303	0.035	5	5	5	1	0	0	-87.203	-5.704	-0.466	0	0	0	0	54583749	54583759	0
8349	0	0	4	55	-83.879	-22.661	-0.269	0	0	0	0	5	55	-80.954	-35.012	0.308	0	0	0	0	6	55	-82.421	-30.254	12.116	0	0	0	0	7	55	-81.64	-29.544	-11.769	0	0	0	0	8	55	-82.153	-53.095	-3.052	0	0	0	0	9	55	-154.836	-2.157	1.817	0	0	0	0	10	55	3.812321E+28	-3.959025E+28	-3.28675E+28	0	0	0	0	1	0	-79.096	-19.595	0.977	5	5	5	4	2	0	-78.277	-10.303	0.035	5	5	5	1	0	0	-87.203	-5.704	-0.466	0	0	0	0	54583749	54583759	54583759
8365	0	0	4	55	-83.721	-22.421	-0.18	0	0	0	0	5	55	-80.683	-34.816	0.509	0	0	0	0	6	55	-82.279	-30.206	12.204	0	0	0	0	7	55	-81.647	-29.349	-11.853	0	0	0	0	8	55	-81.94	-52.928	-2.906	0	0	0	0	9	55	-154.78	-2.236	1.776	0	0	0	0	10	55	3.814892E+28	-3.966511E+28	-3.27472E+28	0	0	0	0	1	0	-79.096	-19.595	0.977	5	5	5	4	2	0	-78.277	-10.303	0.035	5	5	5	1	0	0	-87.203	-5.704	-0.466	0	0	0	0	54583768	54583776	54583776
8382	0	0	4	55	-83.503	-22.167	-0.045	0	0	0	0	5	55	-80.303	-34.675	0.351	0	0	0	0	6	55	-82.154	-30.11	12.301	0	0	0	0	7	55	-81.528	-29.557	-11.867	0	0	0	0	8	55	-81.812	-52.658	-2.864	0	0	0	0	9	55	-154.743	-2.192	1.806	0	0	0	0	10	55	3.810803E+28	-3.965306E+28	-3.280933E+28	0	0	0	0	1	0	-79.096	-19.595	0.977	5	5	5	4	2	0	-78.277	-10.303	0.035	5	5	5	1	0	0	-87.203	-5.704	-0.466	0	0	0	0	54583783	54583792	0
8382	0	0	4	55	-83.503	-22.167	-0.045	0	0	0	0	5	55	-80.303	-34.675	0.351	0	0	0	0	6	55	-82.154	-30.11	12.301	0	0	0	0	7	55	-81.528	-29.557	-11.867	0	0	0	0	8	55	-81.812	-52.658	-2.864	0	0	0	0	9	55	-154.743	-2.192	1.806	0	0	0	0	10	55	3.810803E+28	-3.965306E+28	-3.280934E+28	0	0	0	0	1	0	-79.096	-19.595	0.977	5	5	5	4	2	0	-78.277	-10.303	0.035	5	5	5	1	0	0	-87.203	-5.704	-0.466	0	0	0	0	54583784	54583793	54583793
8398	0	0	4	55	-83.209	-22.128	-0.063	0	0	0	0	5	55	-80.238	-34.528	0.349	0	0	0	0	6	55	-82.107	-30.003	12.337	0	0	0	0	7	55	-81.554	-29.922	-11.972	0	0	0	0	8	55	-81.646	-52.6	-2.888	0	0	0	0	9	55	-154.71	-2.222	1.785	0	0	0	0	10	55	3.810645E+28	-3.96632E+28	-3.279891E+28	0	0	0	0	1	1	-79.096	-19.595	0.977	5	5	5	4	2	0	-78.277	-10.303	0.035	5	5	5	1	0	0	-87.203	-5.704	-0.466	0	0	0	0	54583800	54583809	0
8399	0	0	4	55	-83.209	-22.128	-0.063	0	0	0	0	5	55	-80.238	-34.528	0.349	0	0	0	0	6	55	-82.107	-30.003	12.337	0	0	0	0	7	55	-81.554	-29.922	-11.972	0	0	0	0	8	55	-81.646	-52.6	-2.888	0	0	0	0	9	55	-154.71	-2.222	1.785	0	0	0	0	10	55	3.810645E+28	-3.96632E+28	-3.279892E+28	0	0	0	0	1	2	-79.096	-19.595	0.977	5	5	5	4	2	0	-78.277	-10.303	0.035	5	5	5	1	0	0	-87.203	-5.704	-0.466	0	0	0	0	54583800	54583809	54583809
8415	0	0	4	55	-82.94	-22.073	-0.062	0	0	0	0	5	55	-79.852	-34.437	0.285	0	0	0	0	6	55	-81.925	-30.053	12.321	0	0	0	0	7	55	-81.239	-29.874	-11.996	0	0	0	0	8	55	-81.328	-52.395	-2.933	0	0	0	0	9	55	-154.723	-2.31	1.598	0	0	0	0	10	55	3.813479E+28	-3.967502E+28	-3.275165E+28	0	0	0	0	1	2	-79.096	-19.595	0.977	5	5	5	4	2	0	-78.277	-10.303	0.035	5	5	5	1	0	0	-87.203	-5.704	-0.466	0	0	0	0	54583817	54583826	54583826
8432	0	0	4	55	-82.737	-22.034	-0.095	0	0	0	0	5	55	-79.43	-34.421	0.511	0	0	0	0	6	55	-81.722	-29.952	12.465	0	0	0	0	7	55	-81.549	-29.432	-11.74	0	0	0	0	8	55	-81.257	-52.176	-2.896	0	0	0	0	9	55	-154.634	-2.395	1.593	0	0	0	0	10	55	3.812594E+28	-3.967524E+28	-3.276168E+28	0	0	0	0	1	2	-79.096	-19.595	0.977	5	5	5	4	2	0	-78.277	-10.303	0.035	5	5	5	1	0	0	-87.203	-5.704	-0.466	0	0	0	0	54583834	54583842	0
8432	0	0	4	55	-82.737	-22.034	-0.095	0	0	0	0	5	55	-79.43	-34.421	0.511	0	0	0	0	6	55	-81.722	-29.952	12.465	0	0	0	0	7	55	-81.549	-29.432	-11.74	0	0	0	0	8	55	-81.256	-52.177	-2.896	0	0	0	0	9	55	-154.634	-2.395	1.593	0	0	0	0	10	55	3.812595E+28	-3.967524E+28	-3.276168E+28	0	0	0	0	1	2	-79.096	-19.595	0.977	5	5	5	4	2	0	-78.277	-10.303	0.035	5	5	5	1	0	0	-87.203	-5.704	-0.466	0	0	0	0	54583834	54583843	54583843
8448	0	0	4	55	-82.592	-21.9	-0.104	0	0	0	0	5	55	-79.421	-34.213	0.368	0	0	0	0	6	55	-81.623	-29.983	12.414	0	0	0	0	7	55	-81.184	-29.554	-12.027	0	0	0	0	8	55	-80.902	-52.359	-2.873	0	0	0	0	9	55	-154.602	-2.444	1.477	0	0	0	0	10	55	3.813858E+28	-3.96847E+28	-3.273548E+28	0	0	0	0	1	2	-79.096	-19.595	0.977	5	5	5	4	2	0	-78.277	-10.303	0.035	5	5	5	1	0	0	-87.203	-5.704	-0.466	0	0	0	0	54583851	54583859	0
8449	0	0	4	55	-82.592	-21.9	-0.104	0	0	0	0	5	55	-79.421	-34.213	0.368	0	0	0	0	6	55	-81.623	-29.983	12.414	0	0	0	0	7	55	-81.184	-29.554	-12.027	0	0	0	0	8	55	-80.902	-52.359	-2.873	0	0	0	0	9	55	-154.602	-2.444	1.477	0	0	0	0	10	55	3.813858E+28	-3.96847E+28	-3.27355E+28	0	0	0	0	1	2	-79.096	-19.595	0.977	5	5	5	4	2	0	-78.277	-10.303	0.035	5	5	5	1	0	0	-87.203	-5.704	-0.466	0	0	0	0	54583851	54583859	54583859
8465	0	0	4	55	-82.507	-21.845	0.008	0	0	0	0	5	55	-79.253	-34.264	0.592	0	0	0	0	6	55	-81.553	-30.029	12.466	0	0	0	0	7	55	-81.218	-29.534	-11.939	0	0	0	0	8	55	-80.784	-52.41	-2.812	0	0	0	0	9	55	-154.576	-2.515	1.476	0	0	0	0	10	55	3.815135E+28	-3.970582E+28	-3.269498E+28	0	0	0	0	1	2	-79.096	-19.595	0.977	5	5	5	4	2	0	-78.277	-10.303	0.035	5	5	5	1	0	0	-87.203	-5.704	-0.466	0	0	0	0	54583868	54583876	54583876
8482	0	0	4	55	-82.434	-21.703	-0.022	0	0	0	0	5	55	-79.29	-34.083	0.593	0	0	0	0	6	55	-81.608	-29.857	12.545	0	0	0	0	7	55	-80.943	-29.426	-11.715	0	0	0	0	8	55	-80.824	-52.181	-2.902	0	0	0	0	9	55	-154.536	-2.339	1.595	0	0	0	0	10	55	3.802867E+28	-3.976993E+28	-3.275992E+28	0	0	0	0	1	2	-79.096	-19.595	0.977	5	5	5	4	2	0	-78.277	-10.303	0.035	5	5	5	1	0	0	-87.203	-5.704	-0.466	0	0	0	0	54583884	54583892	0
8482	0	0	4	55	-82.434	-21.703	-0.022	0	0	0	0	5	55	-79.29	-34.083	0.593	0	0	0	0	6	55	-81.608	-29.857	12.545	0	0	0	0	7	55	-80.943	-29.426	-11.715	0	0	0	0	8	55	-80.824	-52.181	-2.902	0	0	0	0	9	55	-154.536	-2.339	1.595	0	0	0	0	10	55	3.802867E+28	-3.976993E+28	-3.275992E+28	0	0	0	0	1	2	-79.096	-19.595	0.977	5	5	5	4	2	0	-78.277	-10.303	0.035	5	5	5	1	0	0	-87.203	-5.704	-0.466	0	0	0	0	54583884	54583893	54583893
8499	0	0	4	55	-82.333	-21.753	0.047	0	0	0	0	5	55	-79.149	-34.18	0.632	0	0	0	0	6	55	-81.635	-29.826	12.545	0	0	0	0	7	55	-81.238	-29.338	-11.62	0	0	0	0	8	55	-80.805	-52.222	-2.742	0	0	0	0	9	55	-154.523	-2.359	1.62	0	0	0	0	10	55	3.802256E+28	-3.981119E+28	-3.271687E+28	0	0	0	0	1	2	-79.096	-19.595	0.977	5	5	5	4	2	0	-78.277	-10.303	0.035	5	5	5	1	0	0	-87.203	-5.704	-0.466	0	0	0	0	54583899	54583909	0
8499	0	0	4	55	-82.333	-21.753	0.047	0	0	0	0	5	55	-79.149	-34.18	0.632	0	0	0	0	6	55	-81.635	-29.826	12.545	0	0	0	0	7	55	-81.238	-29.338	-11.62	0	0	0	0	8	55	-80.806	-52.222	-2.742	0	0	0	0	9	55	-154.523	-2.359	1.62	0	0	0	0	10	55	3.802255E+28	-3.981119E+28	-3.271687E+28	0	0	0	0	1	2	-79.096	-19.595	0.977	5	5	5	4	2	0	-78.277	-10.303	0.035	5	5	5	1	0	0	-87.203	-5.704	-0.466	0	0	0	0	54583902	54583910	54583910
8515	0	0	4	55	-82.215	-21.964	0.103	0	0	0	0	5	55	-79.152	-34.258	0.76	0	0	0	0	6	55	-81.514	-29.949	12.624	0	0	0	0	7	55	-81.524	-29.206	-11.737	0	0	0	0	8	55	-80.847	-52.377	-2.673	0	0	0	0	9	55	-154.483	-2.442	1.707	0	0	0	0	10	55	3.802386E+28	-3.984134E+28	-3.267864E+28	0	0	0	0	1	2	-79.096	-19.595	0.977	5	5	5	4	2	0	-78.277	-10.303	0.035	5	5	5	1	0	0	-87.203	-5.704	-0.466	0	0	0	0	54583917	54583926	54583926
8532	0	0	4	55	-82.331	-21.748	0.116	0	0	0	0	5	55	-79.202	-34.093	0.583	0	0	0	0	6	55	-81.51	-29.777	12.626	0	0	0	0	7	55	-81.434	-29.418	-11.709	0	0	0	0	8	55	-80.756	-52.264	-2.721	0	0	0	0	9	55	-154.417	-2.229	1.721	0	0	0	0	10	55	3.794554E+28	-3.985848E+28	-3.27487E+28	0	0	0	0	1	2	-79.096	-19.595	0.977	5	5	5	4	2	0	-78.277	-10.303	0.035	5	5	5	1	0	0	-87.203	-5.704	-0.466	0	0	0	0	54583934	54583942	0
8532	0	0	4	55	-82.331	-21.748	0.116	0	0	0	0	5	55	-79.202	-34.093	0.583	0	0	0	0	6	55	-81.51	-29.777	12.626	0	0	0	0	7	55	-81.434	-29.418	-11.709	0	0	0	0	8	55	-80.756	-52.264	-2.721	0	0	0	0	9	55	-154.417	-2.229	1.721	0	0	0	0	10	55	3.794554E+28	-3.985847E+28	-3.27487E+28	0	0	0	0	1	2	-79.096	-19.595	0.977	5	5	5	4	2	0	-78.277	-10.303	0.035	5	5	5	1	0	0	-87.203	-5.704	-0.466	0	0	0	0	54583934	54583943	54583943
8548	0	0	4	55	-82.271	-21.689	0.068	0	0	0	0	5	55	-79.191	-34.042	0.613	0	0	0	0	6	55	-81.563	-29.763	12.566	0	0	0	0	7	55	-81.29	-29.477	-11.898	0	0	0	0	8	55	-80.788	-52.176	-2.757	0	0	0	0	9	55	-154.414	-2.105	1.746	0	0	0	0	10	55	3.78842E+28	-3.988667E+28	-3.278537E+28	0	0	0	0	1	2	-79.096	-19.595	0.977	5	5	5	4	2	0	-78.277	-10.303	0.035	5	5	5	1	0	0	-87.203	-5.704	-0.466	0	0	0	0	54583951	54583959	0
8549	0	0	4	55	-82.217	-21.731	-0.067	0	0	0	0	5	55	-79.199	-34.083	0.474	0	0	0	0	6	55	-81.473	-29.785	12.507	0	0	0	0	7	55	-81.266	-29.474	-11.754	0	0	0	0	8	55	-80.816	-52.118	-2.882	0	0	0	0	9	55	-154.401	-2.044	1.713	0	0	0	0	10	55	3.786123E+28	-3.986271E+28	-3.284099E+28	0	0	0	0	1	2	-79.096	-19.595	0.977	5	5	5	4	2	0	-78.277	-10.303	0.035	5	5	5	1	0	0	-87.203	-5.704	-0.466	0	0	0	0	54583951	54583959	54583959
8565	0	0	4	55	-82.309	-21.675	-0.161	0	0	0	0	5	55	-79.31	-34.042	0.405	0	0	0	0	6	55	-81.581	-29.681	12.483	0	0	0	0	7	55	-81.305	-28.965	-11.827	0	0	0	0	8	55	-80.853	-52.093	-3.006	0	0	0	0	9	55	-154.422	-1.986	1.665	0	0	0	0	10	55	3.785322E+28	-3.984944E+28	-3.286633E+28	0	0	0	0	1	2	-79.096	-19.595	0.977	5	5	5	4	2	0	-78.277	-10.303	0.035	5	5	5	1	0	0	-87.203	-5.704	-0.466	0	0	0	0	54583967	54583976	54583976
8582	0	0	4	55	-82.252	-21.822	-0.171	0	0	0	0	5	55	-79.273	-34.192	0.309	0	0	0	0	6	55	-81.564	-29.782	12.34	0	0	0	0	7	55	-81.639	-29.446	-12.034	0	0	0	0	8	55	-80.844	-52.162	-3.019	0	0	0	0	9	55	-154.431	-2.099	1.654	0	0	0	0	10	55	3.789902E+28	-3.980577E+28	-3.286646E+28	0	0	0	0	1	2	-79.096	-19.595	0.977	5	5	5	4	2	0	-78.277	-10.303	0.035	5	5	5	1	0	0	-87.203	-5.704	-0.466	0	0	0	0	54583984	54583993	0
8582	0	0	4	55	-82.252	-21.822	-0.171	0	0	0	0	5	55	-79.273	-34.192	0.309	0	0	0	0	6	55	-81.564	-29.782	12.34	0	0	0	0	7	55	-81.639	-29.446	-12.034	0	0	0	0	8	55	-80.844	-52.162	-3.019	0	0	0	0	9	55	-154.431	-2.099	1.655	0	0	0	0	10	55	3.789902E+28	-3.980576E+28	-3.286648E+28	0	0	0	0	1	2	-79.096	-19.595	0.977	5	5	5	4	2	0	-78.277	-10.303	0.035	5	5	5	1	0	0	-87.203	-5.704	-0.466	0	0	0	0	54583984	54583993	54583993
8598	0	0	4	55	-82.324	-21.769	-0.236	0	0	0	0	5	55	-79.275	-34.094	0.252	0	0	0	0	6	55	-81.503	-29.788	12.274	0	0	0	0	7	55	-81.657	-29.578	-12.06	0	0	0	0	8	55	-80.872	-52.149	-3.058	0	0	0	0	9	55	-154.425	-2.07	1.655	0	0	0	0	10	55	3.789049E+28	-3.979436E+28	-3.289011E+28	0	0	0	0	1	2	-79.096	-19.595	0.977	5	5	5	4	2	0	-78.277	-10.303	0.035	5	5	5	1	0	0	-87.203	-5.704	-0.466	0	0	0	0	54584000	54584009	0
8599	0	0	4	55	-82.324	-21.769	-0.236	0	0	0	0	5	55	-79.275	-34.094	0.252	0	0	0	0	6	55	-81.503	-29.788	12.274	0	0	0	0	7	55	-81.657	-29.578	-12.06	0	0	0	0	8	55	-80.872	-52.149	-3.058	0	0	0	0	9	55	-154.425	-2.07	1.655	0	0	0	0	10	55	3.789049E+28	-3.979437E+28	-3.28901E+28	0	0	0	0	1	2	-79.096	-19.595	0.977	5	5	5	4	2	0	-78.277	-10.303	0.035	5	5	5	1	0	0	-87.203	-5.704	-0.466	0	0	0	0	54584001	54584009	54584009
8615	0	0	4	55	-82.505	-21.725	-0.208	0	0	0	0	5	55	-79.32	-34.034	0.249	0	0	0	0	6	55	-81.574	-29.705	12.311	0	0	0	0	7	55	-81.408	-29.582	-12.093	0	0	0	0	8	55	-80.989	-52.061	-3.06	0	0	0	0	9	55	-154.421	-1.948	1.762	0	0	0	0	10	55	3.781841E+28	-3.981316E+28	-3.295026E+28	0	0	0	0	1	2	-79.096	-19.595	0.977	5	5	5	4	2	0	-78.277	-10.303	0.035	5	5	5	1	0	0	-87.203	-5.704	-0.466	0	0	0	0	54584017	54584026	54584026
8632	0	0	4	55	-82.49	-21.635	-0.187	0	0	0	0	5	55	-79.416	-33.981	0.337	0	0	0	0	6	55	-81.613	-29.755	12.33	0	0	0	0	7	55	-81.733	-28.677	-11.823	0	0	0	0	8	55	-81.229	-52.242	-2.948	0	0	0	0	9	55	-154.472	-1.823	1.95	0	0	0	0	10	55	3.772943E+28	-3.983814E+28	-3.3022E+28	0	0	0	0	1	2	-79.096	-19.595	0.977	5	5	5	4	2	0	-78.277	-10.303	0.035	5	5	5	1	0	0	-87.203	-5.704	-0.466	0	0	0	0	54584034	54584042	0
8632	0	0	4	55	-82.49	-21.635	-0.187	0	0	0	0	5	55	-79.416	-33.981	0.337	0	0	0	0	6	55	-81.613	-29.755	12.33	0	0	0	0	7	55	-81.733	-28.677	-11.823	0	0	0	0	8	55	-81.229	-52.242	-2.948	0	0	0	0	9	55	-154.472	-1.823	1.95	0	0	0	0	10	55	3.772942E+28	-3.983813E+28	-3.302201E+28	0	0	0	0	1	2	-79.096	-19.595	0.977	5	5	5	4	2	0	-78.277	-10.303	0.035	5	5	5	1	0	0	-87.203	-5.704	-0.466	0	0	0	0	54584034	54584043	54584043
8648	0	0	4	55	-82.339	-21.67	-0.22	0	0	0	0	5	55	-79.372	-34.256	0.233	0	0	0	0	6	55	-81.603	-29.815	12.271	0	0	0	0	7	55	-81.533	-29.292	-11.858	0	0	0	0	8	55	-81.11	-52.11	-2.986	0	0	0	0	9	55	-154.473	-1.972	1.875	0	0	0	0	10	55	3.779695E+28	-3.982145E+28	-3.296486E+28	0	0	0	0	1	2	-79.096	-19.595	0.977	5	5	5	4	2	0	-78.277	-10.303	0.035	5	5	5	1	0	0	-87.203	-5.704	-0.466	0	0	0	0	54584050	54584059	0
8649	0	0	4	55	-82.339	-21.67	-0.22	0	0	0	0	5	55	-79.372	-34.256	0.233	0	0	0	0	6	55	-81.603	-29.815	12.271	0	0	0	0	7	55	-81.533	-29.292	-11.858	0	0	0	0	8	55	-81.11	-52.11	-2.986	0	0	0	0	9	55	-154.473	-1.972	1.875	0	0	0	0	10	55	3.779695E+28	-3.982145E+28	-3.296487E+28	0	0	0	0	1	2	-79.096	-19.595	0.977	5	5	5	4	2	0	-78.277	-10.303	0.035	5	5	5	1	0	0	-87.203	-5.704	-0.466	0	0	0	0	54584051	54584059	54584059
8665	0	0	4	55	-82.549	-21.582	-0.24	0	0	0	0	5	55	-79.483	-34.298	0.253	0	0	0	0	6	55	-81.689	-29.666	12.195	0	0	0	0	7	55	-81.49	-28.788	-11.715	0	0	0	0	8	55	-81.228	-52.084	-2.856	0	0	0	0	9	55	-154.495	-1.934	1.837	0	0	0	0	10	55	3.777217E+28	-3.993077E+28	-3.286087E+28	0	0	0	0	1	2	-79.096	-19.595	0.977	5	5	5	4	2	0	-78.277	-10.303	0.035	5	5	5	1	0	0	-87.203	-5.704	-0.466	0	0	0	0	54584067	54584076	54584076
8682	0	0	4	55	-82.47	-21.71	-0.217	0	0	0	0	5	55	-79.488	-34.481	0.374	0	0	0	0	6	55	-81.606	-29.827	12.119	0	0	0	0	7	55	-81.444	-29.434	-11.902	0	0	0	0	8	55	-81.261	-52.219	-2.803	0	0	0	0	9	55	-154.533	-2.093	1.907	0	0	0	0	10	55	3.775881E+28	-3.991472E+28	-3.289571E+28	0	0	0	0	1	2	-79.096	-19.595	0.977	5	5	5	4	2	0	-78.277	-10.303	0.035	5	5	5	1	0	0	-87.203	-5.704	-0.466	0	0	0	0	54584083	54584092	0
8682	0	0	4	55	-82.47	-21.71	-0.217	0	0	0	0	5	55	-79.488	-34.481	0.374	0	0	0	0	6	55	-81.606	-29.827	12.119	0	0	0	0	7	55	-81.444	-29.434	-11.902	0	0	0	0	8	55	-81.261	-52.219	-2.803	0	0	0	0	9	55	-154.533	-2.093	1.907	0	0	0	0	10	55	3.77588E+28	-3.991471E+28	-3.289572E+28	0	0	0	0	1	2	-79.096	-19.595	0.977	5	5	5	4	2	0	-78.277	-10.303	0.035	5	5	5	1	0	0	-87.203	-5.704	-0.466	0	0	0	0	54584083	54584093	54584093
8698	0	0	4	55	-82.645	-21.71	-0.282	0	0	0	0	5	55	-79.497	-34.587	0.468	0	0	0	0	6	55	-81.655	-29.753	12.072	0	0	0	0	7	55	-81.187	-29.149	-11.487	0	0	0	0	8	55	-81.556	-52.691	-2.854	0	0	0	0	9	55	-154.587	-2.33	1.739	0	0	0	0	10	55	3.784625E+28	-3.991316E+28	-3.279695E+28	0	0	0	0	1	2	-79.096	-19.595	0.977	5	5	5	4	2	0	-78.277	-10.303	0.035	5	5	5	1	0	0	-87.203	-5.704	-0.466	0	0	0	0	54584101	54584109	0
8698	0	0	4	55	-82.645	-21.71	-0.282	0	0	0	0	5	55	-79.497	-34.587	0.468	0	0	0	0	6	55	-81.655	-29.753	12.072	0	0	0	0	7	55	-81.187	-29.149	-11.487	0	0	0	0	8	55	-81.556	-52.691	-2.854	0	0	0	0	9	55	-154.587	-2.33	1.739	0	0	0	0	10	55	3.784625E+28	-3.991316E+28	-3.279696E+28	0	0	0	0	1	2	-79.096	-19.595	0.977	5	5	5	4	2	0	-78.277	-10.303	0.035	5	5	5	1	0	0	-87.203	-5.704	-0.466	0	0	0	0	54584101	54584109	54584109
8715	0	0	4	55	-82.683	-21.735	-0.304	0	0	0	0	5	55	-79.531	-34.662	0.555	0	0	0	0	6	55	-81.572	-29.802	12.043	0	0	0	0	7	55	-81.369	-29.258	-11.582	0	0	0	0	8	55	-81.554	-52.752	-2.825	0	0	0	0	9	55	-154.606	-2.449	1.666	0	0	0	0	10	55	3.789158E+28	-3.992122E+28	-3.273474E+28	0	0	0	0	1	2	-79.096	-19.595	0.977	5	5	5	4	2	0	-78.277	-10.303	0.035	5	5	5	1	0	0	-87.203	-5.704	-0.466	0	0	0	0	54584116	54584126	54584126
8731	0	0	4	55	-82.556	-21.958	-0.409	0	0	0	0	5	55	-79.461	-34.912	0.331	0	0	0	0	6	55	-81.646	-29.835	11.968	0	0	0	0	7	55	-81.111	-30.009	-11.764	0	0	0	0	8	55	-81.61	-52.973	-2.678	0	0	0	0	9	55	-154.616	-2.762	1.42	0	0	0	0	10	55	3.802005E+28	-3.995789E+28	-3.254048E+28	0	0	0	0	1	2	-79.096	-19.595	0.977	5	5	5	4	2	0	-78.277	-10.303	0.035	5	5	5	1	0	0	-87.203	-5.704	-0.466	0	0	0	0	54584134	54584142	0
8732	0	0	4	55	-82.556	-21.958	-0.409	0	0	0	0	5	55	-79.461	-34.912	0.331	0	0	0	0	6	55	-81.646	-29.835	11.968	0	0	0	0	7	55	-81.111	-30.009	-11.764	0	0	0	0	8	55	-81.61	-52.973	-2.678	0	0	0	0	9	55	-154.616	-2.762	1.42	0	0	0	0	10	55	3.802005E+28	-3.995789E+28	-3.254047E+28	0	0	0	0	1	2	-79.096	-19.595	0.977	5	5	5	4	2	0	-78.277	-10.303	0.035	5	5	5	1	0	0	-87.203	-5.704	-0.466	0	0	0	0	54584134	54584142	54584142
8748	0	0	4	55	-82.59	-21.961	-0.456	0	0	0	0	5	55	-79.528	-34.963	0.361	0	0	0	0	6	55	-81.611	-29.906	12.02	0	0	0	0	7	55	-81.076	-29.794	-11.741	0	0	0	0	8	55	-81.656	-53.017	-2.622	0	0	0	0	9	55	-154.634	-2.773	1.447	0	0	0	0	10	55	3.799907E+28	-3.99924E+28	-3.252257E+28	0	0	0	0	1	2	-79.096	-19.595	0.977	5	5	5	4	2	0	-78.277	-10.303	0.035	5	5	5	1	0	0	-87.203	-5.704	-0.466	0	0	0	0	54584151	54584159	0
8749	0	0	4	55	-82.626	-22.017	-0.441	0	0	0	0	5	55	-79.61	-35.02	0.295	0	0	0	0	6	55	-81.562	-30.042	11.906	0	0	0	0	7	55	-81.246	-29.405	-11.745	0	0	0	0	8	55	-81.845	-52.977	-2.861	0	0	0	0	9	55	-154.684	-2.948	1.326	0	0	0	0	10	55	3.807262E+28	-3.992532E+28	-3.251898E+28	0	0	0	0	1	2	-79.096	-19.595	0.977	5	5	5	4	2	0	-78.277	-10.303	0.035	5	5	5	1	0	0	-87.203	-5.704	-0.466	0	0	0	0	54584151	54584159	54584159
8765	0	0	4	55	-82.669	-22.051	-0.532	0	0	0	0	5	55	-79.652	-35.088	0.363	0	0	0	0	6	55	-81.628	-30.001	11.863	0	0	0	0	7	55	-81.041	-29.091	-11.683	0	0	0	0	8	55	-81.901	-53.141	-2.791	0	0	0	0	9	55	-154.724	-3.083	1.249	0	0	0	0	10	55	3.813527E+28	-3.989765E+28	-3.247951E+28	0	0	0	0	1	2	-79.096	-19.595	0.977	5	5	5	4	2	0	-78.277	-10.303	0.035	5	5	5	1	0	0	-87.203	-5.704	-0.466	0	0	0	0	54584167	54584176	54584176
8781	0	0	4	55	-82.58	-22.032	-0.542	0	0	0	0	5	55	-79.712	-34.992	0.357	0	0	0	0	6	55	-81.625	-29.991	11.822	0	0	0	0	7	55	-81.153	-28.991	-11.543	0	0	0	0	8	55	-82.14	-53.115	-2.743	0	0	0	0	9	55	-154.687	-3.016	1.319	0	0	0	0	10	55	3.810946E+28	-3.993652E+28	-3.246201E+28	0	0	0	0	1	2	-79.096	-19.595	0.977	5	5	5	4	2	0	-78.277	-10.303	0.035	5	5	5	1	0	0	-87.203	-5.704	-0.466	0	0	0	0	54584184	54584192	0
8782	0	0	4	55	-82.58	-22.032	-0.542	0	0	0	0	5	55	-79.712	-34.992	0.357	0	0	0	0	6	55	-81.625	-29.991	11.822	0	0	0	0	7	55	-81.153	-28.991	-11.543	0	0	0	0	8	55	-82.14	-53.115	-2.743	0	0	0	0	9	55	-154.687	-3.016	1.319	0	0	0	0	10	55	3.810946E+28	-3.993653E+28	-3.246201E+28	0	0	0	0	1	2	-79.096	-19.595	0.977	5	5	5	4	2	0	-78.277	-10.303	0.035	5	5	5	1	0	0	-87.203	-5.704	-0.466	0	0	0	0	54584184	54584192	54584193
8798	0	0	4	55	-82.75	-21.781	-0.461	0	0	0	0	5	55	-79.976	-34.825	0.406	0	0	0	0	6	55	-81.675	-29.74	11.9	0	0	0	0	7	55	-81.284	-29.054	-11.689	0	0	0	0	8	55	-82.347	-53.046	-2.683	0	0	0	0	9	55	-154.693	-2.685	1.478	0	0	0	0	10	55	3.795207E+28	-3.997078E+28	-3.260394E+28	0	0	0	0	1	2	-79.096	-19.595	0.977	5	5	5	4	2	0	-78.277	-10.303	0.035	5	5	5	1	0	0	-87.203	-5.704	-0.466	0	0	0	0	54584201	54584209	0
8799	0	0	4	55	-82.75	-21.781	-0.461	0	0	0	0	5	55	-79.976	-34.825	0.406	0	0	0	0	6	55	-81.675	-29.74	11.9	0	0	0	0	7	55	-81.284	-29.054	-11.689	0	0	0	0	8	55	-82.347	-53.046	-2.683	0	0	0	0	9	55	-154.693	-2.685	1.478	0	0	0	0	10	55	3.795207E+28	-3.997078E+28	-3.260395E+28	0	0	0	0	1	2	-79.096	-19.595	0.977	5	5	5	4	2	0	-78.277	-10.303	0.035	5	5	5	1	0	0	-87.203	-5.704	-0.466	0	0	0	0	54584201	54584209	54584209
8815	0	0	4	55	-82.877	-21.663	-0.503	0	0	0	0	5	55	-80.04	-34.848	0.249	0	0	0	0	6	55	-81.797	-29.703	11.802	0	0	0	0	7	55	-81.536	-29.319	-11.741	0	0	0	0	8	55	-82.664	-52.918	-2.835	0	0	0	0	9	55	-154.727	-2.63	1.501	0	0	0	0	10	55	3.792121E+28	-3.992543E+28	-3.269528E+28	0	0	0	0	1	2	-79.096	-19.595	0.977	5	5	5	4	2	0	-78.277	-10.303	0.035	5	5	5	1	0	0	-87.203	-5.704	-0.466	0	0	0	0	54584217	54584226	54584226
8832	0	0	4	55	-82.898	-21.794	-0.64	0	0	0	0	5	55	-80.219	-34.912	0.297	0	0	0	0	6	55	-81.792	-29.803	11.663	0	0	0	0	7	55	-81.355	-29.369	-11.828	0	0	0	0	8	55	-82.913	-53.145	-3.033	0	0	0	0	9	55	-154.799	-2.735	1.508	0	0	0	0	10	55	3.796266E+28	-3.979952E+28	-3.280052E+28	0	0	0	0	1	2	-79.096	-19.595	0.977	5	5	5	4	2	0	-78.277	-10.303	0.035	5	5	5	1	0	0	-87.203	-5.704	-0.466	0	0	0	0	54584234	54584243	0
8832	0	0	4	55	-82.898	-21.794	-0.64	0	0	0	0	5	55	-80.219	-34.912	0.297	0	0	0	0	6	55	-81.792	-29.803	11.663	0	0	0	0	7	55	-81.355	-29.369	-11.828	0	0	0	0	8	55	-82.913	-53.145	-3.033	0	0	0	0	9	55	-154.799	-2.735	1.508	0	0	0	0	10	55	3.796265E+28	-3.979952E+28	-3.280053E+28	0	0	0	0	1	2	-79.096	-19.595	0.977	5	5	5	4	2	0	-78.277	-10.303	0.035	5	5	5	1	0	0	-87.203	-5.704	-0.466	0	0	0	0	54584234	54584243	54584243
8848	0	0	4	55	-83	-21.698	-0.659	0	0	0	0	5	55	-80.411	-34.864	0.231	0	0	0	0	6	55	-81.751	-29.665	11.636	0	0	0	0	7	55	-81.287	-28.456	-11.524	0	0	0	0	8	55	-83.309	-52.908	-2.955	0	0	0	0	9	55	-154.737	-2.467	1.623	0	0	0	0	10	55	3.786822E+28	-3.987876E+28	-3.281344E+28	0	0	0	0	1	2	-79.096	-19.595	0.977	5	5	5	4	2	0	-78.277	-10.303	0.035	5	5	5	1	0	0	-87.203	-5.704	-0.466	0	0	0	0	54584251	54584259	0
8849	0	0	4	55	-83	-21.698	-0.659	0	0	0	0	5	55	-80.411	-34.864	0.231	0	0	0	0	6	55	-81.751	-29.665	11.636	0	0	0	0	7	55	-81.287	-28.456	-11.524	0	0	0	0	8	55	-83.309	-52.908	-2.955	0	0	0	0	9	55	-154.737	-2.467	1.623	0	0	0	0	10	55	3.786822E+28	-3.987876E+28	-3.281345E+28	0	0	0	0	1	2	-79.096	-19.595	0.977	5	5	5	4	2	0	-78.277	-10.303	0.035	5	5	5	1	0	0	-87.203	-5.704	-0.466	0	0	0	0	54584251	54584259	54584259
8865	0	0	4	55	-83.157	-21.646	-0.659	0	0	0	0	5	55	-80.433	-34.951	-0.005	0	0	0	0	6	55	-81.781	-29.643	11.577	0	0	0	0	7	55	-81.465	-28.724	-11.547	0	0	0	0	8	55	-83.448	-52.843	-3.099	0	0	0	0	9	55	-154.728	-2.382	1.711	0	0	0	0	10	55	3.782221E+28	-3.982869E+28	-3.292711E+28	0	0	0	0	1	2	-79.096	-19.595	0.977	5	5	5	4	2	0	-78.277	-10.303	0.035	5	5	5	1	0	0	-87.203	-5.704	-0.466	0	0	0	0	54584267	54584276	54584276
8882	0	0	4	55	-83.366	-21.669	-0.756	0	0	0	0	5	55	-80.69	-34.995	0.203	0	0	0	0	6	55	-82.037	-29.571	11.511	0	0	0	0	7	55	-81.458	-28.835	-11.692	0	0	0	0	8	55	-83.791	-53	-3.063	0	0	0	0	9	55	-154.813	-2.382	1.652	0	0	0	0	10	55	3.783183E+28	-3.978832E+28	-3.296485E+28	0	0	0	0	1	0	-79.096	-19.595	0.977	5	5	5	4	2	0	-78.277	-10.303	0.035	5	5	5	1	0	0	-87.203	-5.704	-0.466	0	0	0	0	54584284	54584293	0
8882	0	0	4	55	-83.366	-21.669	-0.756	0	0	0	0	5	55	-80.69	-34.995	0.203	0	0	0	0	6	55	-82.037	-29.571	11.511	0	0	0	0	7	55	-81.458	-28.835	-11.692	0	0	0	0	8	55	-83.791	-53	-3.063	0	0	0	0	9	55	-154.813	-2.382	1.652	0	0	0	0	10	55	3.783183E+28	-3.978833E+28	-3.296485E+28	0	0	0	0	1	0	-79.096	-19.595	0.977	5	5	5	4	2	0	-78.277	-10.303	0.035	5	5	5	1	0	0	-87.203	-5.704	-0.466	0	0	0	0	54584284	54584293	54584293
8898	0	0	4	55	-83.501	-21.8	-0.701	0	0	0	0	5	55	-80.879	-35.029	0.182	0	0	0	0	6	55	-82.143	-29.637	11.51	0	0	0	0	7	55	-81.382	-28.776	-11.655	0	0	0	0	8	55	-84.006	-53.1	-3.056	0	0	0	0	9	55	-154.827	-2.461	1.756	0	0	0	0	10	55	3.783078E+28	-3.976488E+28	-3.299433E+28	0	0	0	0	1	0	-79.096	-19.595	0.977	5	5	5	4	2	0	-78.277	-10.303	0.035	5	5	5	1	0	0	-87.203	-5.704	-0.466	0	0	0	0	54584300	54584309	0
8899	0	0	4	55	-83.501	-21.8	-0.701	0	0	0	0	5	55	-80.879	-35.029	0.182	0	0	0	0	6	55	-82.143	-29.637	11.51	0	0	0	0	7	55	-81.382	-28.776	-11.655	0	0	0	0	8	55	-84.006	-53.1	-3.056	0	0	0	0	9	55	-154.827	-2.461	1.756	0	0	0	0	10	55	3.783079E+28	-3.976487E+28	-3.299433E+28	0	0	0	0	1	0	-79.096	-19.595	0.977	5	5	5	4	2	0	-78.277	-10.303	0.035	5	5	5	1	0	0	-87.203	-5.704	-0.466	0	0	0	0	54584300	54584309	54584309
8915	0	0	4	55	-83.614	-22.076	-0.739	0	0	0	0	5	55	-81.004	-35.347	0.14	0	0	0	0	6	55	-82.229	-29.835	11.473	0	0	0	0	7	55	-81.648	-29.095	-11.943	0	0	0	0	8	55	-84.283	-53.212	-3.106	0	0	0	0	9	55	-154.866	-2.788	1.567	0	0	0	0	10	55	3.785823E+28	-3.982754E+28	-3.288709E+28	0	0	0	0	1	0	-79.096	-19.595	0.977	5	5	5	4	2	0	-78.277	-10.303	0.035	5	5	5	1	0	0	-87.203	-5.704	-0.466	0	0	0	0	54584317	54584326	54584326
8932	0	0	4	55	-83.843	-22.024	-0.685	0	0	0	0	5	55	-81.28	-35.289	0.179	0	0	0	0	6	55	-82.394	-29.856	11.502	0	0	0	0	7	55	-81.488	-28.817	-11.664	0	0	0	0	8	55	-84.476	-53.226	-3.199	0	0	0	0	9	55	-154.826	-2.569	1.589	0	0	0	0	10	55	3.773442E+28	-3.986337E+28	-3.298583E+28	0	0	0	0	1	0	-79.096	-19.595	0.977	5	5	5	4	2	0	-78.277	-10.303	0.035	5	5	5	1	0	0	-87.203	-5.704	-0.466	0	0	0	0	54584333	54584342	0
8932	0	0	4	55	-83.843	-22.024	-0.685	0	0	0	0	5	55	-81.28	-35.289	0.179	0	0	0	0	6	55	-82.394	-29.856	11.502	0	0	0	0	7	55	-81.488	-28.817	-11.664	0	0	0	0	8	55	-84.476	-53.226	-3.199	0	0	0	0	9	55	-154.826	-2.569	1.589	0	0	0	0	10	55	3.773442E+28	-3.986337E+28	-3.298583E+28	0	0	0	0	1	0	-79.096	-19.595	0.977	5	5	5	4	2	0	-78.277	-10.303	0.035	5	5	5	1	0	0	-87.203	-5.704	-0.466	0	0	0	0	54584333	54584343	54584343
8948	0	0	4	55	-83.809	-22.221	-0.691	0	0	0	0	5	55	-81.316	-35.586	0.065	0	0	0	0	6	55	-82.439	-30.073	11.419	0	0	0	0	7	55	-81.49	-28.966	-11.692	0	0	0	0	8	55	-84.698	-53.466	-3.186	0	0	0	0	9	55	-154.914	-2.636	1.525	0	0	0	0	10	55	3.7764E+28	-3.982848E+28	-3.299412E+28	0	0	0	0	1	0	-79.096	-19.595	0.977	5	5	5	4	2	0	-78.277	-10.303	0.035	5	5	5	1	0	0	-87.203	-5.704	-0.466	0	0	0	0	54584351	54584359	0
8949	0	0	4	55	-83.809	-22.221	-0.691	0	0	0	0	5	55	-81.316	-35.586	0.065	0	0	0	0	6	55	-82.439	-30.073	11.419	0	0	0	0	7	55	-81.49	-28.966	-11.692	0	0	0	0	8	55	-84.698	-53.466	-3.186	0	0	0	0	9	55	-154.914	-2.636	1.525	0	0	0	0	10	55	3.7764E+28	-3.982848E+28	-3.299412E+28	0	0	0	0	1	0	-79.096	-19.595	0.977	5	5	5	4	2	0	-78.277	-10.303	0.035	5	5	5	1	0	0	-87.203	-5.704	-0.466	0	0	0	0	54584351	54584359	54584359
8965	0	0	4	55	-83.699	-22.408	-0.683	0	0	0	0	5	55	-81.395	-35.654	0.078	0	0	0	0	6	55	-82.364	-30.169	11.482	0	0	0	0	7	55	-81.599	-28.903	-11.563	0	0	0	0	8	55	-84.719	-53.607	-3.107	0	0	0	0	9	55	-154.826	-2.786	1.554	0	0	0	0	10	55	3.778753E+28	-3.985029E+28	-3.29408E+28	0	0	0	0	1	0	-79.096	-19.595	0.977	5	5	5	4	2	0	-78.277	-10.303	0.035	5	5	5	1	0	0	-87.203	-5.704	-0.466	0	0	0	0	54584367	54584376	54584376
8982	0	0	4	55	-83.782	-22.426	-0.802	0	0	0	0	5	55	-81.338	-35.773	0.045	0	0	0	0	6	55	-82.39	-30.191	11.418	0	0	0	0	7	55	-81.686	-29.284	-11.706	0	0	0	0	8	55	-84.792	-53.609	-3.135	0	0	0	0	9	55	-154.74	-2.878	1.397	0	0	0	0	10	55	3.781651E+28	-3.989584E+28	-3.285228E+28	0	0	0	0	1	0	-79.096	-19.595	0.977	5	5	5	4	2	0	-78.277	-10.303	0.035	5	5	5	1	0	0	-87.203	-5.704	-0.466	0	0	0	0	54584384	54584392	0
8982	0	0	4	55	-83.782	-22.426	-0.802	0	0	0	0	5	55	-81.338	-35.773	0.045	0	0	0	0	6	55	-82.39	-30.191	11.418	0	0	0	0	7	55	-81.686	-29.284	-11.706	0	0	0	0	8	55	-84.792	-53.609	-3.135	0	0	0	0	9	55	-154.74	-2.878	1.397	0	0	0	0	10	55	3.781651E+28	-3.989585E+28	-3.285228E+28	0	0	0	0	1	0	-79.096	-19.595	0.977	5	5	5	4	2	0	-78.277	-10.303	0.035	5	5	5	1	0	0	-87.203	-5.704	-0.466	0	0	0	0	54584384	54584393	54584393
8998	0	0	4	55	-83.779	-22.55	-0.832	0	0	0	0	5	55	-81.341	-35.916	-0.073	0	0	0	0	6	55	-82.399	-30.299	11.253	0	0	0	0	7	55	-81.316	-29.304	-11.868	0	0	0	0	8	55	-84.887	-53.6	-3.303	0	0	0	0	9	55	-154.48	-2.72	1.347	0	0	0	0	10	55	3.785823E+28	-3.988018E+28	-3.282324E+28	0	0	0	0	1	0	-79.096	-19.595	0.977	5	5	5	4	2	0	-78.277	-10.303	0.035	5	5	5	1	0	0	-87.203	-5.704	-0.466	0	0	0	0	54584401	54584409	0
8999	0	0	4	55	-83.779	-22.55	-0.832	0	0	0	0	5	55	-81.341	-35.916	-0.072	0	0	0	0	6	55	-82.399	-30.299	11.253	0	0	0	0	7	55	-81.316	-29.304	-11.868	0	0	0	0	8	55	-84.887	-53.6	-3.303	0	0	0	0	9	55	-154.48	-2.721	1.347	0	0	0	0	10	55	3.785823E+28	-3.988017E+28	-3.282324E+28	0	0	0	0	1	0	-79.096	-19.595	0.977	5	5	5	4	2	0	-78.277	-10.303	0.035	5	5	5	1	0	0	-87.203	-5.704	-0.466	0	0	0	0	54584401	54584409	54584409
9015	0	0	4	55	-83.747	-22.54	-0.895	0	0	0	0	5	55	-81.385	-35.927	-0.143	0	0	0	0	6	55	-82.344	-30.279	11.257	0	0	0	0	7	55	-81.452	-29.909	-12.123	0	0	0	0	8	55	-84.912	-53.647	-3.249	0	0	0	0	9	55	-154.431	-2.616	1.288	0	0	0	0	10	55	3.782251E+28	-3.992013E+28	-3.281586E+28	0	0	0	0	1	0	-79.096	-19.595	0.977	5	5	5	4	2	0	-78.277	-10.303	0.035	5	5	5	1	0	0	-87.203	-5.704	-0.466	0	0	0	0	54584417	54584426	54584426
9032	0	0	4	55	-83.799	-22.74	-0.914	0	0	0	0	5	55	-81.523	-36.106	-0.058	0	0	0	0	6	55	-82.312	-30.458	11.211	0	0	0	0	7	55	-81.265	-29.413	-11.999	0	0	0	0	8	55	-84.918	-53.844	-3.258	0	0	0	0	9	55	-154.398	-2.724	1.205	0	0	0	0	10	55	3.786199E+28	-3.995353E+28	-3.272957E+28	0	0	0	0	1	0	-79.096	-19.595	0.977	5	5	5	4	2	0	-78.277	-10.303	0.035	5	5	5	1	0	0	-87.203	-5.704	-0.466	0	0	0	0	54584434	54584442	0
9032	0	0	4	55	-83.799	-22.74	-0.914	0	0	0	0	5	55	-81.523	-36.106	-0.058	0	0	0	0	6	55	-82.312	-30.458	11.211	0	0	0	0	7	55	-81.266	-29.413	-11.999	0	0	0	0	8	55	-84.918	-53.844	-3.258	0	0	0	0	9	55	-154.398	-2.724	1.205	0	0	0	0	10	55	3.786197E+28	-3.995353E+28	-3.272958E+28	0	0	0	0	1	0	-79.096	-19.595	0.977	5	5	5	4	2	0	-78.277	-10.303	0.035	5	5	5	1	0	0	-87.203	-5.704	-0.466	0	0	0	0	54584434	54584443	54584443
9048	0	0	4	55	-83.53	-22.993	-0.888	0	0	0	0	5	55	-81.568	-36.284	0.033	0	0	0	0	6	55	-82.401	-30.505	11.363	0	0	0	0	7	55	-81.447	-29.727	-11.858	0	0	0	0	8	55	-85.073	-53.994	-3.201	0	0	0	0	9	55	-154.321	-2.64	1.246	0	0	0	0	10	55	3.781953E+28	-4.001813E+28	-3.269972E+28	0	0	0	0	1	0	-79.096	-19.595	0.977	5	5	5	4	2	0	-78.277	-10.303	0.035	5	5	5	1	0	0	-87.203	-5.704	-0.466	0	0	0	0	54584451	54584459	0
9049	0	0	4	55	-83.53	-22.993	-0.888	0	0	0	0	5	55	-81.568	-36.284	0.033	0	0	0	0	6	55	-82.401	-30.505	11.363	0	0	0	0	7	55	-81.447	-29.727	-11.858	0	0	0	0	8	55	-85.073	-53.994	-3.201	0	0	0	0	9	55	-154.321	-2.64	1.246	0	0	0	0	10	55	3.781953E+28	-4.001813E+28	-3.269973E+28	0	0	0	0	1	0	-79.096	-19.595	0.977	5	5	5	4	2	0	-78.277	-10.303	0.035	5	5	5	1	0	0	-87.203	-5.704	-0.466	0	0	0	0	54584451	54584459	54584459
9065	0	0	4	55	-83.773	-22.984	-0.845	0	0	0	0	5	55	-81.73	-36.375	-0.069	0	0	0	0	6	55	-82.465	-30.556	11.31	0	0	0	0	7	55	-81.162	-29.84	-12.131	0	0	0	0	8	55	-85.222	-54.092	-3.199	0	0	0	0	9	55	-154.332	-2.586	1.298	0	0	0	0	10	55	3.77804E+28	-4.001785E+28	-3.274526E+28	0	0	0	0	1	0	-79.096	-19.595	0.977	5	5	5	4	2	0	-78.277	-10.303	0.035	5	5	5	1	0	0	-87.203	-5.704	-0.466	0	0	0	0	54584467	54584476	54584476
9082	0	0	4	55	-83.832	-23.274	-0.808	0	0	0	0	5	55	-81.964	-36.656	-0.099	0	0	0	0	6	55	-82.435	-30.764	11.275	0	0	0	0	7	55	-80.899	-30.346	-11.829	0	0	0	0	8	55	-85.414	-54.462	-3.128	0	0	0	0	9	55	-154.323	-2.654	1.283	0	0	0	0	10	55	3.77994E+28	-4.001754E+28	-3.272372E+28	0	0	0	0	1	0	-79.096	-19.595	0.977	5	5	5	4	2	0	-78.277	-10.303	0.035	5	5	5	1	0	0	-87.203	-5.704	-0.466	0	0	0	0	54584483	54584493	0
9083	0	0	4	55	-83.832	-23.274	-0.808	0	0	0	0	5	55	-81.964	-36.656	-0.099	0	0	0	0	6	55	-82.435	-30.764	11.275	0	0	0	0	7	55	-80.899	-30.346	-11.829	0	0	0	0	8	55	-85.414	-54.462	-3.128	0	0	0	0	9	55	-154.323	-2.654	1.283	0	0	0	0	10	55	3.779939E+28	-4.001755E+28	-3.272371E+28	0	0	0	0	1	0	-79.096	-19.595	0.977	5	5	5	4	2	0	-78.277	-10.303	0.035	5	5	5	1	0	0	-87.203	-5.704	-0.466	0	0	0	0	54584484	54584493	54584493
9098	0	0	4	55	-83.752	-23.118	-1.1	0	0	0	0	5	55	-82.334	-36.601	-0.244	0	0	0	0	6	55	-82.636	-30.637	11.158	0	0	0	0	7	55	-81.301	-29.93	-11.828	0	0	0	0	8	55	-85.715	-54.321	-3.223	0	0	0	0	9	55	-154.298	-2.399	1.282	0	0	0	0	10	55	3.772251E+28	-4.005963E+28	-3.276091E+28	0	0	0	0	1	0	-79.096	-19.595	0.977	5	5	5	4	2	0	-78.277	-10.303	0.035	5	5	5	1	0	0	-87.203	-5.704	-0.466	0	0	0	0	54584501	54584509	0
9099	0	0	4	55	-83.752	-23.118	-1.1	0	0	0	0	5	55	-82.334	-36.601	-0.244	0	0	0	0	6	55	-82.636	-30.637	11.158	0	0	0	0	7	55	-81.301	-29.93	-11.828	0	0	0	0	8	55	-85.715	-54.321	-3.223	0	0	0	0	9	55	-154.298	-2.399	1.282	0	0	0	0	10	55	3.77225E+28	-4.005963E+28	-3.276093E+28	0	0	0	0	1	0	-79.096	-19.595	0.977	5	5	5	4	2	0	-78.277	-10.303	0.035	5	5	5	1	0	0	-87.203	-5.704	-0.466	0	0	0	0	54584501	54584509	54584509
9115	0	0	4	55	-83.919	-23.115	-1.02	0	0	0	0	5	55	-82.611	-36.611	-0.369	0	0	0	0	6	55	-82.648	-30.613	11.067	0	0	0	0	7	55	-81.246	-29.743	-12.059	0	0	0	0	8	55	-85.77	-54.45	-3.377	0	0	0	0	9	55	-154.31	-2.538	1.208	0	0	0	0	10	55	3.778798E+28	-4.001042E+28	-3.27456E+28	0	0	0	0	1	0	-79.096	-19.595	0.977	5	5	5	4	2	0	-78.277	-10.303	0.035	5	5	5	1	0	0	-87.203	-5.704	-0.466	0	0	0	0	54584518	54584526	54584526
9132	0	0	4	55	-83.888	-22.691	-1.182	0	0	0	0	5	55	-83.193	-36.291	-0.386	0	0	0	0	6	55	-82.702	-30.205	11.082	0	0	0	0	7	55	-81.279	-29.559	-12.188	0	0	0	0	8	55	-86.235	-53.82	-3.497	0	0	0	0	9	55	-154.304	-2.403	1.209	0	0	0	0	10	55	3.773858E+28	-4.001453E+28	-3.279751E+28	0	0	0	0	1	0	-79.096	-19.595	0.977	5	5	5	4	2	0	-78.277	-10.303	0.035	5	5	5	1	0	0	-87.203	-5.704	-0.466	0	0	0	0	54584533	54584542	0
9132	0	0	4	55	-83.888	-22.691	-1.182	0	0	0	0	5	55	-83.193	-36.291	-0.386	0	0	0	0	6	55	-82.702	-30.205	11.082	0	0	0	0	7	55	-81.279	-29.559	-12.188	0	0	0	0	8	55	-86.235	-53.82	-3.497	0	0	0	0	9	55	-154.304	-2.403	1.209	0	0	0	0	10	55	3.773858E+28	-4.001452E+28	-3.279752E+28	0	0	0	0	1	0	-79.096	-19.595	0.977	5	5	5	4	2	0	-78.277	-10.303	0.035	5	5	5	1	0	0	-87.203	-5.704	-0.466	0	0	0	0	54584535	54584543	54584543
9148	0	0	4	55	-83.931	-22.581	-1.172	0	0	0	0	5	55	-83.707	-35.899	-0.601	0	0	0	0	6	55	-82.67	-30.061	11.039	0	0	0	0	7	55	-80.991	-30.186	-12.321	0	0	0	0	8	55	-86.361	-53.481	-3.486	0	0	0	0	9	55	-153.988	-2.42	1.219	0	0	0	0	10	55	3.776278E+28	-3.998063E+28	-3.281099E+28	0	0	0	0	1	0	-79.096	-19.595	0.977	5	5	5	4	2	0	-78.277	-10.303	0.035	5	5	5	1	0	0	-87.203	-5.704	-0.466	0	0	0	0	54584550	54584559	0
9148	0	0	4	55	-83.931	-22.581	-1.172	0	0	0	0	5	55	-83.707	-35.899	-0.601	0	0	0	0	6	55	-82.67	-30.061	11.039	0	0	0	0	7	55	-80.991	-30.186	-12.321	0	0	0	0	8	55	-86.361	-53.481	-3.486	0	0	0	0	9	55	-153.988	-2.42	1.219	0	0	0	0	10	55	3.776278E+28	-3.998064E+28	-3.281099E+28	0	0	0	0	1	0	-79.096	-19.595	0.977	5	5	5	4	2	0	-78.277	-10.303	0.035	5	5	5	1	0	0	-87.203	-5.704	-0.466	0	0	0	0	54584550	54584559	54584559
9165	0	0	4	55	-83.911	-22.486	-1.456	0	0	0	0	5	55	-83.915	-35.675	-0.751	0	0	0	0	6	55	-82.685	-29.854	11.024	0	0	0	0	7	55	-81.07	-29.904	-12.11	0	0	0	0	8	55	-86.522	-53.311	-3.541	0	0	0	0	9	55	-153.783	-2.311	1.289	0	0	0	0	10	55	3.772085E+28	-3.998394E+28	-3.285515E+28	0	0	0	0	1	0	-79.096	-19.595	0.977	5	5	5	4	2	0	-78.277	-10.303	0.035	5	5	5	1	0	0	-87.203	-5.704	-0.466	0	0	0	0	54584567	54584576	54584576
9182	0	0	4	55	-83.725	-22.445	-1.38	0	0	0	0	5	55	-84.364	-35.329	-0.776	0	0	0	0	6	55	-82.525	-29.737	11.006	0	0	0	0	7	55	-81.073	-29.783	-12.483	0	0	0	0	8	55	-86.859	-52.778	-3.524	0	0	0	0	9	55	-152.921	-2.066	1.4	0	0	0	0	10	55	3.773448E+28	-4.001933E+28	-3.279638E+28	0	0	0	0	1	0	-79.096	-19.595	0.977	5	5	5	4	2	0	-78.277	-10.303	0.035	5	5	5	1	0	0	-87.203	-5.704	-0.466	0	0	0	0	54584584	54584592	0
9182	0	0	4	55	-83.725	-22.445	-1.38	0	0	0	0	5	55	-84.364	-35.329	-0.776	0	0	0	0	6	55	-82.525	-29.737	11.006	0	0	0	0	7	55	-81.073	-29.783	-12.483	0	0	0	0	8	55	-86.859	-52.778	-3.524	0	0	0	0	9	55	-152.921	-2.066	1.4	0	0	0	0	10	55	3.773447E+28	-4.001932E+28	-3.279639E+28	0	0	0	0	1	0	-79.096	-19.595	0.977	5	5	5	4	2	0	-78.277	-10.303	0.035	5	5	5	1	0	0	-87.203	-5.704	-0.466	0	0	0	0	54584584	54584593	54584593
9198	0	0	4	55	-83.493	-22.283	-1.232	0	0	0	0	5	55	-84.537	-34.865	-0.604	0	0	0	0	6	55	-82.235	-29.428	11.242	0	0	0	0	7	55	-81.154	-29.95	-12.28	0	0	0	0	8	55	-87.2	-51.947	-3.512	0	0	0	0	9	55	-151.546	-1.583	1.675	0	0	0	0	10	55	3.774447E+28	-4.00189E+28	-3.27854E+28	0	0	0	0	1	0	-79.096	-19.595	0.977	5	5	5	4	2	0	-78.277	-10.303	0.035	5	5	5	1	0	0	-87.203	-5.704	-0.466	0	0	0	0	54584601	54584609	0
9199	0	0	4	55	-83.493	-22.283	-1.232	0	0	0	0	5	55	-84.537	-34.865	-0.604	0	0	0	0	6	55	-82.235	-29.428	11.242	0	0	0	0	7	55	-81.154	-29.95	-12.28	0	0	0	0	8	55	-87.2	-51.947	-3.512	0	0	0	0	9	55	-151.546	-1.583	1.675	0	0	0	0	10	55	3.774446E+28	-4.00189E+28	-3.278541E+28	0	0	0	0	1	0	-79.096	-19.595	0.977	5	5	5	4	2	0	-78.277	-10.303	0.035	5	5	5	1	0	0	-87.203	-5.704	-0.466	0	0	0	0	54584601	54584609	54584609
9215	0	0	4	55	-83.294	-22.55	-0.917	0	0	0	0	5	55	-84.741	-34.875	-0.462	0	0	0	0	6	55	-82.172	-29.66	11.566	0	0	0	0	7	55	-81.189	-29.814	-12.275	0	0	0	0	8	55	-87.277	-52.021	-3.506	0	0	0	0	9	55	-151.212	-1.812	1.786	0	0	0	0	10	55	3.795202E+28	-3.976523E+28	-3.285437E+28	0	0	0	0	1	0	-79.096	-19.595	0.977	5	5	5	4	2	0	-78.277	-10.303	0.035	5	5	5	1	0	0	-87.203	-5.704	-0.466	0	0	0	0	54584617	54584626	54584626
9232	0	0	4	55	-82.251	-22.31	-0.676	0	0	0	0	5	55	-84.23	-34.359	-0.522	0	0	0	0	6	55	-81.688	-29.597	11.774	0	0	0	0	7	55	-81.04	-29.615	-12.09	0	0	0	0	8	55	-87.296	-51.432	-3.54	0	0	0	0	9	55	-149.837	-1.247	1.954	0	0	0	0	10	55	3.804393E+28	-3.969509E+28	-3.283289E+28	0	0	0	0	1	1	-79.096	-19.595	0.977	5	5	5	4	2	0	-78.277	-10.303	0.035	5	5	5	1	0	0	-87.203	-5.704	-0.466	0	0	0	0	54584633	54584643	0
9232	0	0	4	55	-82.251	-22.31	-0.676	0	0	0	0	5	55	-84.23	-34.36	-0.522	0	0	0	0	6	55	-81.688	-29.597	11.774	0	0	0	0	7	55	-81.04	-29.615	-12.09	0	0	0	0	8	55	-87.296	-51.432	-3.54	0	0	0	0	9	55	-149.837	-1.247	1.954	0	0	0	0	10	55	3.804393E+28	-3.969509E+28	-3.283289E+28	0	0	0	0	1	2	-79.096	-19.595	0.977	5	5	5	4	2	0	-78.277	-10.303	0.035	5	5	5	1	0	0	-87.203	-5.704	-0.466	0	0	0	0	54584633	54584643	54584643
9248	0	0	4	55	-81.279	-21.963	-0.92	0	0	0	0	5	55	-83.434	-33.831	-0.523	0	0	0	0	6	55	-81.267	-29.575	11.806	0	0	0	0	7	55	-81.139	-29.906	-12.358	0	0	0	0	8	55	-87.395	-50.55	-3.577	0	0	0	0	9	55	-149.453	-1.175	1.939	0	0	0	0	10	55	3.823791E+28	-3.954303E+28	-3.279101E+28	0	0	0	0	1	2	-79.096	-19.595	0.977	5	5	5	4	2	0	-78.277	-10.303	0.035	5	5	5	1	0	0	-87.203	-5.704	-0.466	0	0	0	0	54584650	54584659	0
9249	0	0	4	55	-81.279	-21.963	-0.92	0	0	0	0	5	55	-83.434	-33.831	-0.523	0	0	0	0	6	55	-81.267	-29.575	11.806	0	0	0	0	7	55	-81.139	-29.906	-12.358	0	0	0	0	8	55	-87.395	-50.55	-3.577	0	0	0	0	9	55	-149.453	-1.175	1.939	0	0	0	0	10	55	3.823791E+28	-3.954303E+28	-3.279102E+28	0	0	0	0	1	2	-79.096	-19.595	0.977	5	5	5	4	2	0	-78.277	-10.303	0.035	5	5	5	1	0	0	-87.203	-5.704	-0.466	0	0	0	0	54584650	54584659	54584659
9265	0	0	4	55	-80.72	-21.794	-0.71	0	0	0	0	5	55	-83.023	-33.537	-0.454	0	0	0	0	6	55	-80.998	-29.559	11.897	0	0	0	0	7	55	-80.812	-30.408	-12.309	0	0	0	0	8	55	-87.268	-50.326	-3.421	0	0	0	0	9	55	-149.097	-0.967	2.023	0	0	0	0	10	55	3.823574E+28	-3.954703E+28	-3.278871E+28	0	0	0	0	1	2	-79.096	-19.595	0.977	5	5	5	4	2	0	-78.277	-10.303	0.035	5	5	5	1	0	0	-87.203	-5.704	-0.466	0	0	0	0	54584667	54584676	54584676
9282	0	0	4	55	-80.425	-21.179	-0.546	0	0	0	0	5	55	-82.337	-32.904	-0.808	0	0	0	0	6	55	-81.114	-29.133	11.852	0	0	0	0	7	55	-80.617	-30.312	-12.517	0	0	0	0	8	55	-87.68	-49.319	-3.726	0	0	0	0	9	55	-149.333	-0.895	1.966	0	0	0	0	10	55	3.839786E+28	-3.934701E+28	-3.283986E+28	0	0	0	0	1	2	-79.096	-19.595	0.977	5	5	5	4	2	0	-78.277	-10.303	0.035	5	5	5	1	0	0	-87.203	-5.704	-0.466	0	0	0	0	54584684	54584692	0
9282	0	0	4	55	-80.425	-21.179	-0.546	0	0	0	0	5	55	-82.337	-32.904	-0.808	0	0	0	0	6	55	-81.114	-29.133	11.852	0	0	0	0	7	55	-80.617	-30.312	-12.517	0	0	0	0	8	55	-87.68	-49.319	-3.726	0	0	0	0	9	55	-149.333	-0.895	1.966	0	0	0	0	10	55	3.839786E+28	-3.934701E+28	-3.283986E+28	0	0	0	0	1	2	-79.096	-19.595	0.977	5	5	5	4	2	0	-78.277	-10.303	0.035	5	5	5	1	0	0	-87.203	-5.704	-0.466	0	0	0	0	54584684	54584693	54584693
9298	0	0	4	55	-80.057	-21.365	-0.784	0	0	0	0	5	55	-82.005	-33.046	-0.925	0	0	0	0	6	55	-81.08	-29.444	11.589	0	0	0	0	7	55	-80.553	-30.008	-12.344	0	0	0	0	8	55	-87.781	-49.262	-3.822	0	0	0	0	9	55	-150.03	-1.509	1.832	0	0	0	0	10	55	3.855315E+28	-3.925842E+28	-3.276386E+28	0	0	0	0	1	2	-79.096	-19.595	0.977	5	5	5	4	2	0	-78.277	-10.303	0.035	5	5	5	1	0	0	-87.203	-5.704	-0.466	0	0	0	0	54584701	54584709	0
9298	0	0	4	55	-80.057	-21.365	-0.784	0	0	0	0	5	55	-82.005	-33.046	-0.925	0	0	0	0	6	55	-81.08	-29.444	11.589	0	0	0	0	7	55	-80.553	-30.008	-12.344	0	0	0	0	8	55	-87.781	-49.262	-3.822	0	0	0	0	9	55	-150.03	-1.509	1.832	0	0	0	0	10	55	3.855315E+28	-3.925842E+28	-3.276386E+28	0	0	0	0	1	2	-79.096	-19.595	0.977	5	5	5	4	2	0	-78.277	-10.303	0.035	5	5	5	1	0	0	-87.203	-5.704	-0.466	0	0	0	0	54584701	54584709	54584709
9315	0	0	4	55	-79.862	-21.183	-0.633	0	0	0	0	5	55	-81.629	-32.913	-0.796	0	0	0	0	6	55	-80.97	-29.264	11.765	0	0	0	0	7	55	-80.58	-29.922	-12.237	0	0	0	0	8	55	-87.522	-49.195	-3.601	0	0	0	0	9	55	-150.414	-1.561	1.982	0	0	0	0	10	55	3.86253E+28	-3.927037E+28	-3.266442E+28	0	0	0	0	1	2	-79.096	-19.595	0.977	5	5	5	4	2	0	-78.277	-10.303	0.035	5	5	5	1	0	0	-87.203	-5.704	-0.466	0	0	0	0	54584717	54584726	54584726
9332	0	0	4	55	-80.238	-21.479	-0.48	0	0	0	0	5	55	-81.765	-33.104	-0.746	0	0	0	0	6	55	-81.115	-29.537	11.872	0	0	0	0	7	55	-80.938	-30.542	-12.224	0	0	0	0	8	55	-87.731	-49.304	-3.523	0	0	0	0	9	55	-151.622	-2.155	2.497	0	0	0	0	10	55	3.882195E+28	-3.907714E+28	-3.266303E+28	0	0	0	0	1	2	-79.096	-19.595	0.977	5	5	5	4	2	0	-78.277	-10.303	0.035	5	5	5	1	0	0	-87.203	-5.704	-0.466	0	0	0	0	54584734	54584742	0
9332	0	0	4	55	-80.238	-21.479	-0.48	0	0	0	0	5	55	-81.764	-33.104	-0.746	0	0	0	0	6	55	-81.115	-29.537	11.872	0	0	0	0	7	55	-80.938	-30.542	-12.224	0	0	0	0	8	55	-87.731	-49.304	-3.523	0	0	0	0	9	55	-151.622	-2.155	2.497	0	0	0	0	10	55	3.882195E+28	-3.907714E+28	-3.266302E+28	0	0	0	0	1	2	-79.096	-19.595	0.977	5	5	5	4	2	0	-78.277	-10.303	0.035	5	5	5	1	0	0	-87.203	-5.704	-0.466	0	0	0	0	54584734	54584743	54584743
9348	0	0	4	55	-80.694	-21.447	-0.642	0	0	0	0	5	55	-81.945	-33.219	-0.953	0	0	0	0	6	55	-81.046	-29.648	11.585	0	0	0	0	7	55	-80.536	-30.421	-12.424	0	0	0	0	8	55	-87.554	-49.571	-3.636	0	0	0	0	9	55	-152.667	-2.254	2.669	0	0	0	0	10	55	3.889994E+28	-3.907178E+28	-3.257653E+28	0	0	0	0	1	2	-79.096	-19.595	0.977	5	5	5	4	2	0	-78.277	-10.303	0.035	5	5	5	1	0	0	-87.203	-5.704	-0.466	0	0	0	0	54584751	54584759	0
9349	0	0	4	55	-80.694	-21.447	-0.642	0	0	0	0	5	55	-81.945	-33.219	-0.953	0	0	0	0	6	55	-81.046	-29.648	11.585	0	0	0	0	7	55	-80.536	-30.421	-12.424	0	0	0	0	8	55	-87.554	-49.571	-3.636	0	0	0	0	9	55	-152.667	-2.254	2.669	0	0	0	0	10	55	3.889994E+28	-3.907178E+28	-3.257653E+28	0	0	0	0	1	2	-79.096	-19.595	0.977	5	5	5	4	2	0	-78.277	-10.303	0.035	5	5	5	1	0	0	-87.203	-5.704	-0.466	0	0	0	0	54584751	54584759	54584759
9365	0	0	4	55	-80.741	-21.202	-0.748	0	0	0	0	5	55	-82.096	-32.997	-0.861	0	0	0	0	6	55	-80.846	-29.349	11.733	0	0	0	0	7	55	-80.716	-30.219	-12.235	0	0	0	0	8	55	-87.261	-49.52	-3.495	0	0	0	0	9	55	-153.107	-2.348	2.515	0	0	0	0	10	55	3.88929E+28	-3.915655E+28	-3.248303E+28	0	0	0	0	1	2	-79.096	-19.595	0.977	5	5	5	4	2	0	-78.277	-10.303	0.035	5	5	5	1	0	0	-87.203	-5.704	-0.466	0	0	0	0	54584768	54584776	54584776
9382	0	0	4	55	-82.794	-21.461	-0.927	0	0	0	0	5	55	-83.122	-33.217	-0.631	0	0	0	0	6	55	-81.376	-28.956	11.29	0	0	0	0	7	55	-80.801	-30.385	-12.324	0	0	0	0	8	55	-87.235	-50.032	-3.307	0	0	0	0	9	55	-154.62	-3.057	2.426	0	0	0	0	10	55	3.907532E+28	-3.905053E+28	-3.239159E+28	0	0	0	0	1	2	-79.096	-19.595	0.977	5	5	5	4	2	0	-78.277	-10.303	0.035	5	5	5	1	0	0	-87.203	-5.704	-0.466	0	0	0	0	54584782	54584792	0
9382	0	0	4	55	-82.794	-21.461	-0.927	0	0	0	0	5	55	-83.122	-33.217	-0.631	0	0	0	0	6	55	-81.376	-28.956	11.29	0	0	0	0	7	55	-80.801	-30.385	-12.324	0	0	0	0	8	55	-87.235	-50.032	-3.307	0	0	0	0	9	55	-154.62	-3.057	2.426	0	0	0	0	10	55	3.907533E+28	-3.905052E+28	-3.239159E+28	0	0	0	0	1	2	-79.096	-19.595	0.977	5	5	5	4	2	0	-78.277	-10.303	0.035	5	5	5	1	0	0	-87.203	-5.704	-0.466	0	0	0	0	54584785	54584793	54584793
9398	0	0	4	55	-84.647	-22.392	-1.172	0	0	0	0	5	55	-84.252	-34.017	-1.078	0	0	0	0	6	55	-81.703	-29.314	11.211	0	0	0	0	7	55	-80.94	-30.593	-12.53	0	0	0	0	8	55	-87.145	-51.391	-3.466	0	0	0	0	9	55	-155.75	-3.724	2.013	0	0	0	0	10	55	3.914439E+28	-3.893842E+28	-3.244311E+28	0	0	0	0	1	0	-79.096	-19.595	0.977	5	5	5	4	2	0	-78.277	-10.303	0.035	5	5	5	1	0	0	-87.203	-5.704	-0.466	0	0	0	0	54584800	54584809	0
9398	0	0	4	55	-84.647	-22.392	-1.172	0	0	0	0	5	55	-84.252	-34.017	-1.078	0	0	0	0	6	55	-81.703	-29.314	11.211	0	0	0	0	7	55	-80.94	-30.593	-12.53	0	0	0	0	8	55	-87.145	-51.391	-3.466	0	0	0	0	9	55	-155.75	-3.724	2.013	0	0	0	0	10	55	3.914438E+28	-3.893842E+28	-3.244312E+28	0	0	0	0	1	0	-79.096	-19.595	0.977	5	5	5	4	2	0	-78.277	-10.303	0.035	5	5	5	1	0	0	-87.203	-5.704	-0.466	0	0	0	0	54584800	54584809	54584809
9415	0	0	4	55	-85.399	-22.931	-0.944	0	0	0	0	5	55	-84.415	-34.826	-1.249	0	0	0	0	6	55	-82.248	-30.114	10.67	0	0	0	0	7	55	-81.014	-30.517	-12.364	0	0	0	0	8	55	-87.019	-52.147	-3.673	0	0	0	0	9	55	-156.206	-4.08	1.746	0	0	0	0	10	55	3.921738E+28	-3.886009E+28	-3.244889E+28	0	0	0	0	1	0	-79.096	-19.595	0.977	5	5	5	4	2	0	-78.277	-10.303	0.035	5	5	5	1	0	0	-87.203	-5.704	-0.466	0	0	0	0	54584817	54584826	54584826
9432	0	0	4	55	-85.637	-23.738	-1.293	0	0	0	0	5	55	-84.765	-35.876	-1.35	0	0	0	0	6	55	-82.693	-30.697	10.616	0	0	0	0	7	55	-81.196	-30.282	-12.168	0	0	0	0	8	55	-86.604	-53.381	-3.661	0	0	0	0	9	55	-156.443	-4.199	1.671	0	0	0	0	10	55	3.930489E+28	-3.884273E+28	-3.236368E+28	0	0	0	0	1	0	-79.096	-19.595	0.977	5	5	5	4	2	0	-78.277	-10.303	0.035	5	5	5	1	0	0	-87.203	-5.704	-0.466	0	0	0	0	54584834	54584842	0
9432	0	0	4	55	-85.637	-23.738	-1.293	0	0	0	0	5	55	-84.765	-35.876	-1.35	0	0	0	0	6	55	-82.693	-30.697	10.616	0	0	0	0	7	55	-81.196	-30.282	-12.168	0	0	0	0	8	55	-86.604	-53.381	-3.661	0	0	0	0	9	55	-156.443	-4.199	1.671	0	0	0	0	10	55	3.93049E+28	-3.884273E+28	-3.236367E+28	0	0	0	0	1	0	-79.096	-19.595	0.977	5	5	5	4	2	0	-78.277	-10.303	0.035	5	5	5	1	0	0	-87.203	-5.704	-0.466	0	0	0	0	54584834	54584843	54584843
9448	0	0	4	55	-86.105	-23.984	-1.384	0	0	0	0	5	55	-85.128	-36.305	-1.301	0	0	0	0	6	55	-83.077	-30.882	10.552	0	0	0	0	7	55	-81.37	-30.783	-12.127	0	0	0	0	8	55	-86.546	-53.918	-3.522	0	0	0	0	9	55	-156.696	-4.287	1.403	0	0	0	0	10	55	3.928131E+28	-3.895994E+28	-3.225122E+28	0	0	0	0	1	0	-79.096	-19.595	0.977	5	5	5	4	2	0	-78.277	-10.303	0.035	5	5	5	1	0	0	-87.203	-5.704	-0.466	0	0	0	0	54584850	54584859	0
9449	0	0	4	55	-86.105	-23.984	-1.384	0	0	0	0	5	55	-85.128	-36.305	-1.301	0	0	0	0	6	55	-83.077	-30.882	10.552	0	0	0	0	7	55	-81.37	-30.783	-12.127	0	0	0	0	8	55	-86.546	-53.918	-3.522	0	0	0	0	9	55	-156.696	-4.287	1.403	0	0	0	0	10	55	3.928131E+28	-3.895994E+28	-3.225123E+28	0	0	0	0	1	0	-79.096	-19.595	0.977	5	5	5	4	2	0	-78.277	-10.303	0.035	5	5	5	1	0	0	-87.203	-5.704	-0.466	0	0	0	0	54584850	54584859	54584859
9465	0	0	4	55	-86.613	-24.347	-1.587	0	0	0	0	5	55	-85.788	-36.678	-1.247	0	0	0	0	6	55	-83.776	-31.123	10.371	0	0	0	0	7	55	-82.009	-30.69	-12.425	0	0	0	0	8	55	-86.689	-54.551	-3.703	0	0	0	0	9	55	-157.288	-4.825	1.323	0	0	0	0	10	55	3.93853E+28	-3.881522E+28	-3.229885E+28	0	0	0	0	1	0	-79.096	-19.595	0.977	5	5	5	4	2	0	-78.277	-10.303	0.035	5	5	5	1	0	0	-87.203	-5.704	-0.466	0	0	0	0	54584867	54584876	54584876
9565	0	0	4	55	-86.613	-24.347	-1.587	0	0	0	0	5	55	-85.788	-36.678	-1.247	0	0	0	0	6	55	-83.776	-31.123	10.371	0	0	0	0	7	55	-82.009	-30.69	-12.425	0	0	0	0	8	55	-86.689	-54.551	-3.703	0	0	0	0	9	55	-157.288	-4.825	1.323	0	0	0	0	10	55	3.938531E+28	-3.881522E+28	-3.229885E+28	0	0	0	0	1	0	-79.096	-19.595	0.977	5	5	5	4	2	0	-78.277	-10.303	0.035	5	5	5	1	0	0	-87.203	-5.704	-0.466	0	0	0	0	54584867	54584976	0
9565	0	0	4	55	-86.613	-24.347	-1.587	0	0	0	0	5	55	-85.788	-36.678	-1.247	0	0	0	0	6	55	-83.776	-31.123	10.371	0	0	0	0	7	55	-82.009	-30.69	-12.425	0	0	0	0	8	55	-86.689	-54.551	-3.703	0	0	0	0	9	55	-157.288	-4.825	1.323	0	0	0	0	10	55	3.93853E+28	-3.881522E+28	-3.229885E+28	0	0	0	0	1	0	-79.096	-19.595	0.977	5	5	5	4	2	0	-78.277	-10.303	0.035	5	5	5	1	0	0	-87.203	-5.704	-0.466	0	0	0	0	54584867	54584976	54584976
9567	0	0	4	55	-86.613	-24.347	-1.587	0	0	0	0	5	55	-85.788	-36.678	-1.247	0	0	0	0	6	55	-83.776	-31.123	10.371	0	0	0	0	7	55	-82.009	-30.69	-12.425	0	0	0	0	8	55	-86.689	-54.551	-3.703	0	0	0	0	9	55	-157.288	-4.825	1.323	0	0	0	0	10	55	3.93853E+28	-3.881523E+28	-3.229885E+28	0	0	0	0	1	0	-79.096	-19.595	0.977	5	5	5	4	2	0	-78.277	-10.303	0.035	5	5	5	1	0	0	-87.203	-5.704	-0.466	0	0	0	0	54584868	54584978	0
9567	0	0	4	55	-86.613	-24.347	-1.587	0	0	0	0	5	55	-85.788	-36.678	-1.247	0	0	0	0	6	55	-83.776	-31.123	10.371	0	0	0	0	7	55	-82.009	-30.69	-12.425	0	0	0	0	8	55	-86.689	-54.551	-3.703	0	0	0	0	9	55	-157.288	-4.825	1.323	0	0	0	0	10	55	3.93853E+28	-3.881522E+28	-3.229885E+28	0	0	0	0	1	0	-79.096	-19.595	0.977	5	5	5	4	2	0	-78.277	-10.303	0.035	5	5	5	1	0	0	-87.203	-5.704	-0.466	0	0	0	0	54584868	54584978	0
9568	0	0	4	55	-86.613	-24.347	-1.587	0	0	0	0	5	55	-85.788	-36.678	-1.247	0	0	0	0	6	55	-83.776	-31.123	10.371	0	0	0	0	7	55	-82.009	-30.69	-12.425	0	0	0	0	8	55	-86.689	-54.551	-3.703	0	0	0	0	9	55	-157.288	-4.825	1.323	0	0	0	0	10	55	3.938531E+28	-3.881522E+28	-3.229885E+28	0	0	0	0	1	0	-79.096	-19.595	0.977	5	5	5	4	2	0	-78.277	-10.303	0.035	5	5	5	1	0	0	-87.203	-5.704	-0.466	0	0	0	0	54584868	54584978	0
9568	0	0	4	55	-86.613	-24.347	-1.587	0	0	0	0	5	55	-85.788	-36.678	-1.247	0	0	0	0	6	55	-83.776	-31.123	10.371	0	0	0	0	7	55	-82.009	-30.69	-12.425	0	0	0	0	8	55	-86.689	-54.551	-3.703	0	0	0	0	9	55	-157.288	-4.825	1.323	0	0	0	0	10	55	3.93853E+28	-3.881522E+28	-3.229885E+28	0	0	0	0	1	0	-79.096	-19.595	0.977	5	5	5	4	2	0	-78.277	-10.303	0.035	5	5	5	1	0	0	-87.203	-5.704	-0.466	0	0	0	0	54584868	54584979	0
9568	0	0	4	55	-86.613	-24.347	-1.587	0	0	0	0	5	55	-85.788	-36.678	-1.247	0	0	0	0	6	55	-83.776	-31.123	10.371	0	0	0	0	7	55	-82.009	-30.69	-12.425	0	0	0	0	8	55	-86.689	-54.551	-3.703	0	0	0	0	9	55	-157.288	-4.825	1.323	0	0	0	0	10	55	3.93853E+28	-3.881523E+28	-3.229885E+28	0	0	0	0	1	0	-79.096	-19.595	0.977	5	5	5	4	2	0	-78.277	-10.303	0.035	5	5	5	1	0	0	-87.203	-5.704	-0.466	0	0	0	0	54584870	54584979	0
9568	0	0	4	55	-86.613	-24.347	-1.587	0	0	0	0	5	55	-85.788	-36.678	-1.247	0	0	0	0	6	55	-83.776	-31.123	10.371	0	0	0	0	7	55	-82.009	-30.69	-12.425	0	0	0	0	8	55	-86.689	-54.551	-3.703	0	0	0	0	9	55	-157.288	-4.825	1.323	0	0	0	0	10	55	3.93853E+28	-3.881522E+28	-3.229885E+28	0	0	0	0	1	0	-79.096	-19.595	0.977	5	5	5	4	2	0	-78.277	-10.303	0.035	5	5	5	1	0	0	-87.203	-5.704	-0.466	0	0	0	0	54584870	54584979	0
9569	0	0	4	55	-86.721	-24.371	-1.672	0	0	0	0	5	55	-85.883	-36.882	-1.284	0	0	0	0	6	55	-83.956	-31.077	10.358	0	0	0	0	7	55	-82.608	-30.732	-12.339	0	0	0	0	8	55	-86.881	-54.661	-3.693	0	0	0	0	9	55	-157.257	-4.742	1.356	0	0	0	0	10	55	3.941828E+28	-3.885425E+28	-3.221158E+28	0	0	0	0	1	0	-79.096	-19.595	0.977	5	5	5	4	2	0	-78.277	-10.303	0.035	5	5	5	1	0	0	-87.203	-5.704	-0.466	0	0	0	0	54584870	54584979	0
9569	0	0	4	55	-86.721	-24.371	-1.672	0	0	0	0	5	55	-85.883	-36.882	-1.284	0	0	0	0	6	55	-83.956	-31.077	10.358	0	0	0	0	7	55	-82.608	-30.732	-12.338	0	0	0	0	8	55	-86.881	-54.661	-3.693	0	0	0	0	9	55	-157.257	-4.742	1.356	0	0	0	0	10	55	3.941828E+28	-3.885425E+28	-3.221158E+28	0	0	0	0	1	0	-79.096	-19.595	0.977	5	5	5	4	2	0	-78.277	-10.303	0.035	5	5	5	1	0	0	-87.203	-5.704	-0.466	0	0	0	0	54584870	54584980	54584980
9571	0	0	4	55	-86.721	-24.371	-1.672	0	0	0	0	5	55	-85.883	-36.882	-1.284	0	0	0	0	6	55	-83.956	-31.077	10.358	0	0	0	0	7	55	-82.608	-30.732	-12.338	0	0	0	0	8	55	-86.881	-54.661	-3.693	0	0	0	0	9	55	-157.257	-4.742	1.356	0	0	0	0	10	55	3.941828E+28	-3.885425E+28	-3.221158E+28	0	0	0	0	1	0	-79.096	-19.595	0.977	5	5	5	4	2	0	-78.277	-10.303	0.035	5	5	5	1	0	0	-87.203	-5.704	-0.466	0	0	0	0	54584871	54584981	54584981
9582	0	0	4	55	-88.03	-24.29	-1.811	0	0	0	0	5	55	-87.774	-37.633	-1.41	0	0	0	0	6	55	-85.507	-31.232	9.898	0	0	0	0	7	55	-83.951	-31.403	-12.302	0	0	0	0	8	55	-88.29	-55.597	-3.901	0	0	0	0	9	55	-157.494	-5.027	1.206	0	0	0	0	10	55	3.911332E+28	-3.899172E+28	-3.241657E+28	0	0	0	0	1	0	-79.096	-19.595	0.977	5	5	5	4	2	0	-78.277	-10.303	0.035	5	5	5	1	0	0	-87.203	-5.704	-0.466	0	0	0	0	54584983	54584992	54584992
9598	0	0	4	55	-88.16	-24.277	-1.808	0	0	0	0	5	55	-88.088	-37.56	-1.252	0	0	0	0	6	55	-85.614	-31.246	9.964	0	0	0	0	7	55	-83.912	-30.939	-11.968	0	0	0	0	8	55	-88.315	-55.734	-3.692	0	0	0	0	9	55	-157.507	-4.999	1.14	0	0	0	0	10	55	3.904634E+28	-3.907702E+28	-3.239458E+28	0	0	0	0	1	0	-79.096	-19.595	0.977	5	5	5	4	2	0	-78.277	-10.303	0.035	5	5	5	1	0	0	-87.203	-5.704	-0.466	0	0	0	0	54585000	54585009	0
9598	0	0	4	55	-88.16	-24.277	-1.808	0	0	0	0	5	55	-88.088	-37.56	-1.252	0	0	0	0	6	55	-85.614	-31.246	9.964	0	0	0	0	7	55	-83.912	-30.939	-11.968	0	0	0	0	8	55	-88.315	-55.734	-3.692	0	0	0	0	9	55	-157.507	-4.999	1.14	0	0	0	0	10	55	3.904634E+28	-3.907703E+28	-3.239458E+28	0	0	0	0	1	0	-79.096	-19.595	0.977	5	5	5	4	2	0	-78.277	-10.303	0.035	5	5	5	1	0	0	-87.203	-5.704	-0.466	0	0	0	0	54585001	54585009	54585009
9615	0	0	4	55	-88.102	-24.338	-1.751	0	0	0	0	5	55	-88.013	-37.716	-1.241	0	0	0	0	6	55	-85.642	-31.31	10.008	0	0	0	0	7	55	-83.965	-30.936	-11.896	0	0	0	0	8	55	-88.356	-55.722	-3.726	0	0	0	0	9	55	-157.587	-5.274	1.002	0	0	0	0	10	55	3.905505E+28	-3.909581E+28	-3.23614E+28	0	0	0	0	1	0	-79.096	-19.595	0.977	5	5	5	4	2	0	-78.277	-10.303	0.035	5	5	5	1	0	0	-87.203	-5.704	-0.466	0	0	0	0	54585018	54585026	54585026
9632	0	0	4	55	-88.227	-24.479	-1.632	0	0	0	0	5	55	-87.917	-37.853	-1.318	0	0	0	0	6	55	-85.591	-31.412	10.035	0	0	0	0	7	55	-83.707	-31.582	-12.144	0	0	0	0	8	55	-88.33	-55.789	-3.793	0	0	0	0	9	55	-157.34	-5.309	0.943	0	0	0	0	10	55	3.908789E+28	-3.911023E+28	-3.230427E+28	0	0	0	0	1	0	-79.096	-19.595	0.977	5	5	5	4	2	0	-78.277	-10.303	0.035	5	5	5	1	0	0	-87.203	-5.704	-0.466	0	0	0	0	54585034	54585043	0
9632	0	0	4	55	-88.227	-24.479	-1.632	0	0	0	0	5	55	-87.917	-37.853	-1.318	0	0	0	0	6	55	-85.591	-31.412	10.035	0	0	0	0	7	55	-83.707	-31.582	-12.144	0	0	0	0	8	55	-88.33	-55.789	-3.793	0	0	0	0	9	55	-157.34	-5.309	0.943	0	0	0	0	10	55	3.908789E+28	-3.911023E+28	-3.230427E+28	0	0	0	0	1	0	-79.096	-19.595	0.977	5	5	5	4	2	0	-78.277	-10.303	0.035	5	5	5	1	0	0	-87.203	-5.704	-0.466	0	0	0	0	54585034	54585043	54585043
9648	0	0	4	55	-88.099	-24.39	-1.77	0	0	0	0	5	55	-87.962	-37.711	-1.269	0	0	0	0	6	55	-85.614	-31.393	9.967	0	0	0	0	7	55	-83.768	-30.793	-12.242	0	0	0	0	8	55	-88.414	-55.845	-3.77	0	0	0	0	9	55	-157.151	-5.01	1.122	0	0	0	0	10	55	3.907676E+28	-3.910703E+28	-3.232161E+28	0	0	0	0	1	0	-79.096	-19.595	0.977	5	5	5	4	2	0	-78.277	-10.303	0.035	5	5	5	1	0	0	-87.203	-5.704	-0.466	0	0	0	0	54585050	54585059	0
9649	0	0	4	55	-88.099	-24.39	-1.77	0	0	0	0	5	55	-87.962	-37.711	-1.269	0	0	0	0	6	55	-85.614	-31.393	9.967	0	0	0	0	7	55	-83.768	-30.793	-12.242	0	0	0	0	8	55	-88.414	-55.845	-3.77	0	0	0	0	9	55	-157.151	-5.01	1.122	0	0	0	0	10	55	3.907676E+28	-3.910703E+28	-3.232161E+28	0	0	0	0	1	0	-79.096	-19.595	0.977	5	5	5	4	2	0	-78.277	-10.303	0.035	5	5	5	1	0	0	-87.203	-5.704	-0.466	0	0	0	0	54585051	54585059	54585059
9665	0	0	4	55	-88.085	-24.44	-1.569	0	0	0	0	5	55	-87.784	-37.779	-1.233	0	0	0	0	6	55	-85.433	-31.41	10.235	0	0	0	0	7	55	-83.894	-31.231	-12.145	0	0	0	0	8	55	-88.3	-55.95	-3.575	0	0	0	0	9	55	-156.962	-5.133	1.332	0	0	0	0	10	55	3.905591E+28	-3.903674E+28	-3.243159E+28	0	0	0	0	1	0	-79.096	-19.595	0.977	5	5	5	4	2	0	-78.277	-10.303	0.035	5	5	5	1	0	0	-87.203	-5.704	-0.466	0	0	0	0	54585067	54585076	54585076
9682	0	0	4	55	-87.87	-24.109	-1.601	0	0	0	0	5	55	-87.545	-37.565	-1.124	0	0	0	0	6	55	-85.229	-31.187	10.175	0	0	0	0	7	55	-83.654	-31.144	-12.145	0	0	0	0	8	55	-88.2	-55.71	-3.643	0	0	0	0	9	55	-156.601	-4.589	1.513	0	0	0	0	10	55	3.90168E+28	-3.90937E+28	-3.241005E+28	0	0	0	0	1	0	-79.096	-19.595	0.977	5	5	5	4	2	0	-78.277	-10.303	0.035	5	5	5	1	0	0	-87.203	-5.704	-0.466	0	0	0	0	54585084	54585092	0
9682	0	0	4	55	-87.87	-24.109	-1.601	0	0	0	0	5	55	-87.545	-37.565	-1.124	0	0	0	0	6	55	-85.229	-31.187	10.175	0	0	0	0	7	55	-83.654	-31.144	-12.145	0	0	0	0	8	55	-88.2	-55.71	-3.643	0	0	0	0	9	55	-156.601	-4.589	1.513	0	0	0	0	10	55	3.90168E+28	-3.90937E+28	-3.241005E+28	0	0	0	0	1	0	-79.096	-19.595	0.977	5	5	5	4	2	0	-78.277	-10.303	0.035	5	5	5	1	0	0	-87.203	-5.704	-0.466	0	0	0	0	54585084	54585093	54585093
9699	0	0	4	55	-87.484	-24.001	-1.517	0	0	0	0	5	55	-87.022	-37.521	-0.993	0	0	0	0	6	55	-85.029	-31.157	10.202	0	0	0	0	7	55	-83.291	-30.994	-12.026	0	0	0	0	8	55	-88.019	-55.681	-3.621	0	0	0	0	9	55	-156.124	-4.289	1.392	0	0	0	0	10	55	3.904323E+28	-3.910322E+28	-3.236671E+28	0	0	0	0	1	0	-79.096	-19.595	0.977	5	5	5	4	2	0	-78.277	-10.303	0.035	5	5	5	1	0	0	-87.203	-5.704	-0.466	0	0	0	0	54585101	54585109	0
9699	0	0	4	55	-87.484	-24.001	-1.517	0	0	0	0	5	55	-87.022	-37.521	-0.993	0	0	0	0	6	55	-85.029	-31.157	10.202	0	0	0	0	7	55	-83.291	-30.994	-12.026	0	0	0	0	8	55	-88.019	-55.681	-3.621	0	0	0	0	9	55	-156.124	-4.289	1.392	0	0	0	0	10	55	3.904322E+28	-3.910322E+28	-3.236672E+28	0	0	0	0	1	0	-79.096	-19.595	0.977	5	5	5	4	2	0	-78.277	-10.303	0.035	5	5	5	1	0	0	-87.203	-5.704	-0.466	0	0	0	0	54585101	54585109	54585110
9715	0	0	4	55	-87.267	-23.991	-1.418	0	0	0	0	5	55	-86.885	-37.489	-0.842	0	0	0	0	6	55	-84.821	-31.182	10.4	0	0	0	0	7	55	-83.139	-31.237	-11.931	0	0	0	0	8	55	-88.061	-55.56	-3.479	0	0	0	0	9	55	-155.737	-4.085	1.596	0	0	0	0	10	55	3.902053E+28	-3.909044E+28	-3.240949E+28	0	0	0	0	1	0	-79.096	-19.595	0.977	5	5	5	4	2	0	-78.277	-10.303	0.035	5	5	5	1	0	0	-87.203	-5.704	-0.466	0	0	0	0	54585118	54585126	54585126
9732	0	0	4	55	-86.783	-23.874	-1.251	0	0	0	0	5	55	-86.499	-37.325	-0.792	0	0	0	0	6	55	-84.514	-31.115	10.467	0	0	0	0	7	55	-82.851	-30.976	-11.814	0	0	0	0	8	55	-87.973	-55.552	-3.324	0	0	0	0	9	55	-155.288	-3.477	1.821	0	0	0	0	10	55	3.893652E+28	-3.910603E+28	-3.249162E+28	0	0	0	0	1	0	-79.096	-19.595	0.977	5	5	5	4	2	0	-78.277	-10.303	0.035	5	5	5	1	0	0	-87.203	-5.704	-0.466	0	0	0	0	54585133	54585142	0
9732	0	0	4	55	-86.783	-23.874	-1.251	0	0	0	0	5	55	-86.499	-37.325	-0.792	0	0	0	0	6	55	-84.514	-31.115	10.467	0	0	0	0	7	55	-82.851	-30.976	-11.814	0	0	0	0	8	55	-87.973	-55.552	-3.324	0	0	0	0	9	55	-155.288	-3.477	1.821	0	0	0	0	10	55	3.893651E+28	-3.910602E+28	-3.249163E+28	0	0	0	0	1	0	-79.096	-19.595	0.977	5	5	5	4	2	0	-78.277	-10.303	0.035	5	5	5	1	0	0	-87.203	-5.704	-0.466	0	0	0	0	54585133	54585143	54585143
9748	0	0	4	55	-86.234	-23.507	-1.402	0	0	0	0	5	55	-85.997	-37.087	-0.693	0	0	0	0	6	55	-83.997	-30.791	10.42	0	0	0	0	7	55	-82.769	-30.549	-12.163	0	0	0	0	8	55	-87.97	-55.262	-3.155	0	0	0	0	9	55	-154.709	-2.793	1.772	0	0	0	0	10	55	3.886592E+28	-3.930863E+28	-3.233128E+28	0	0	0	0	1	0	-79.096	-19.595	0.977	5	5	5	4	2	0	-78.277	-10.303	0.035	5	5	5	1	0	0	-87.203	-5.704	-0.466	0	0	0	0	54585151	54585159	0
9749	0	0	4	55	-86.234	-23.507	-1.402	0	0	0	0	5	55	-85.997	-37.087	-0.692	0	0	0	0	6	55	-83.997	-30.791	10.42	0	0	0	0	7	55	-82.769	-30.549	-12.163	0	0	0	0	8	55	-87.97	-55.262	-3.155	0	0	0	0	9	55	-154.709	-2.793	1.772	0	0	0	0	10	55	3.886592E+28	-3.930863E+28	-3.233128E+28	0	0	0	0	1	0	-79.096	-19.595	0.977	5	5	5	4	2	0	-78.277	-10.303	0.035	5	5	5	1	0	0	-87.203	-5.704	-0.466	0	0	0	0	54585151	54585159	54585159
9765	0	0	4	55	-86.029	-23.48	-1.293	0	0	0	0	5	55	-85.765	-37.08	-0.707	0	0	0	0	6	55	-83.799	-30.767	10.363	0	0	0	0	7	55	-82.44	-30.849	-12.037	0	0	0	0	8	55	-87.958	-55.23	-3.139	0	0	0	0	9	55	-154.395	-2.526	1.67	0	0	0	0	10	55	3.879042E+28	-3.943124E+28	-3.227259E+28	0	0	0	0	1	0	-79.096	-19.595	0.977	5	5	5	4	2	0	-78.277	-10.303	0.035	5	5	5	1	0	0	-87.203	-5.704	-0.466	0	0	0	0	54585167	54585176	54585176
9782	0	0	4	55	-85.578	-23.645	-1.142	0	0	0	0	5	55	-85.538	-37.196	-0.512	0	0	0	0	6	55	-83.408	-30.897	10.678	0	0	0	0	7	55	-82.321	-30.727	-11.839	0	0	0	0	8	55	-87.943	-55.241	-3.091	0	0	0	0	9	55	-154.228	-2.361	1.716	0	0	0	0	10	55	3.8788E+28	-3.939941E+28	-3.231435E+28	0	0	0	0	1	0	-79.096	-19.595	0.977	5	5	5	4	2	0	-78.277	-10.303	0.035	5	5	5	1	0	0	-87.203	-5.704	-0.466	0	0	0	0	54585184	54585192	0
9782	0	0	4	55	-85.578	-23.645	-1.142	0	0	0	0	5	55	-85.538	-37.196	-0.512	0	0	0	0	6	55	-83.408	-30.897	10.679	0	0	0	0	7	55	-82.321	-30.727	-11.839	0	0	0	0	8	55	-87.943	-55.241	-3.091	0	0	0	0	9	55	-154.228	-2.361	1.716	0	0	0	0	10	55	3.878799E+28	-3.939942E+28	-3.231435E+28	0	0	0	0	1	0	-79.096	-19.595	0.977	5	5	5	4	2	0	-78.277	-10.303	0.035	5	5	5	1	0	0	-87.203	-5.704	-0.466	0	0	0	0	54585184	54585193	54585193
9798	0	0	4	55	-85.545	-23.679	-1.115	0	0	0	0	5	55	-85.462	-37.314	-0.463	0	0	0	0	6	55	-83.361	-31.069	10.73	0	0	0	0	7	55	-82.087	-30.336	-11.659	0	0	0	0	8	55	-88.138	-55.356	-2.919	0	0	0	0	9	55	-154.129	-2.366	1.761	0	0	0	0	10	55	3.880267E+28	-3.933315E+28	-3.237739E+28	0	0	0	0	1	0	-79.096	-19.595	0.977	5	5	5	4	2	0	-78.277	-10.303	0.035	5	5	5	1	0	0	-87.203	-5.704	-0.466	0	0	0	0	54585200	54585209	0
9799	0	0	4	55	-85.545	-23.679	-1.115	0	0	0	0	5	55	-85.462	-37.314	-0.463	0	0	0	0	6	55	-83.361	-31.069	10.73	0	0	0	0	7	55	-82.087	-30.336	-11.659	0	0	0	0	8	55	-88.138	-55.356	-2.919	0	0	0	0	9	55	-154.129	-2.366	1.761	0	0	0	0	10	55	3.880267E+28	-3.933316E+28	-3.237739E+28	0	0	0	0	1	0	-79.096	-19.595	0.977	5	5	5	4	2	0	-78.277	-10.303	0.035	5	5	5	1	0	0	-87.203	-5.704	-0.466	0	0	0	0	54585201	54585209	54585209
9815	0	0	4	55	-85.231	-23.527	-0.97	0	0	0	0	5	55	-85.353	-37.068	-0.222	0	0	0	0	6	55	-83.073	-31.024	10.779	0	0	0	0	7	55	-81.883	-30.173	-11.511	0	0	0	0	8	55	-88.22	-55.065	-2.864	0	0	0	0	9	55	-153.793	-1.933	1.927	0	0	0	0	10	55	3.865898E+28	-3.939264E+28	-3.24768E+28	0	0	0	0	1	0	-79.096	-19.595	0.977	5	5	5	4	2	0	-78.277	-10.303	0.035	5	5	5	1	0	0	-87.203	-5.704	-0.466	0	0	0	0	54585217	54585226	54585226
9832	0	0	4	55	-85.166	-23.578	-0.959	0	0	0	0	5	55	-85.194	-37.233	-0.224	0	0	0	0	6	55	-83.028	-30.975	10.793	0	0	0	0	7	55	-81.601	-30.791	-11.641	0	0	0	0	8	55	-88.345	-55.035	-2.923	0	0	0	0	9	55	-153.623	-1.724	1.89	0	0	0	0	10	55	3.858665E+28	-3.949603E+28	-3.243721E+28	0	0	0	0	1	0	-79.096	-19.595	0.977	5	5	5	4	2	0	-78.277	-10.303	0.035	5	5	5	1	0	0	-87.203	-5.704	-0.466	0	0	0	0	54585234	54585242	0
9832	0	0	4	55	-85.166	-23.578	-0.959	0	0	0	0	5	55	-85.194	-37.233	-0.224	0	0	0	0	6	55	-83.028	-30.975	10.793	0	0	0	0	7	55	-81.601	-30.791	-11.641	0	0	0	0	8	55	-88.345	-55.035	-2.923	0	0	0	0	9	55	-153.623	-1.724	1.89	0	0	0	0	10	55	3.858665E+28	-3.949603E+28	-3.243722E+28	0	0	0	0	1	0	-79.096	-19.595	0.977	5	5	5	4	2	0	-78.277	-10.303	0.035	5	5	5	1	0	0	-87.203	-5.704	-0.466	0	0	0	0	54585234	54585243	54585243
9848	0	0	4	55	-84.918	-23.66	-1.216	0	0	0	0	5	55	-85.12	-37.305	-0.335	0	0	0	0	6	55	-82.928	-31.03	10.599	0	0	0	0	7	55	-81.804	-30.785	-11.78	0	0	0	0	8	55	-88.371	-55.107	-2.984	0	0	0	0	9	55	-153.495	-1.56	1.917	0	0	0	0	10	55	3.860068E+28	-3.947704E+28	-3.244364E+28	0	0	0	0	1	0	-79.096	-19.595	0.977	5	5	5	4	2	0	-78.277	-10.303	0.035	5	5	5	1	0	0	-87.203	-5.704	-0.466	0	0	0	0	54585251	54585259	0
9849	0	0	4	55	-84.918	-23.66	-1.216	0	0	0	0	5	55	-85.12	-37.305	-0.335	0	0	0	0	6	55	-82.928	-31.03	10.599	0	0	0	0	7	55	-81.804	-30.785	-11.78	0	0	0	0	8	55	-88.371	-55.107	-2.984	0	0	0	0	9	55	-153.495	-1.56	1.917	0	0	0	0	10	55	3.860068E+28	-3.947704E+28	-3.244364E+28	0	0	0	0	1	0	-79.096	-19.595	0.977	5	5	5	4	2	0	-78.277	-10.303	0.035	5	5	5	1	0	0	-87.203	-5.704	-0.466	0	0	0	0	54585251	54585259	54585259
9865	0	0	4	55	-85.219	-23.804	-1.033	0	0	0	0	5	55	-85.325	-37.437	-0.227	0	0	0	0	6	55	-83.088	-31.197	10.632	0	0	0	0	7	55	-81.481	-31.105	-11.909	0	0	0	0	8	55	-88.488	-55.286	-3.055	0	0	0	0	9	55	-153.625	-1.833	1.872	0	0	0	0	10	55	3.8587E+28	-3.938324E+28	-3.257367E+28	0	0	0	0	1	0	-79.096	-19.595	0.977	5	5	5	4	2	0	-78.277	-10.303	0.035	5	5	5	1	0	0	-87.203	-5.704	-0.466	0	0	0	0	54585267	54585276	54585276
9882	0	0	4	55	-84.913	-23.59	-0.967	0	0	0	0	5	55	-85.191	-37.248	-0.134	0	0	0	0	6	55	-82.78	-31.1	10.784	0	0	0	0	7	55	-81.554	-30.493	-11.474	0	0	0	0	8	55	-88.367	-55.226	-2.772	0	0	0	0	9	55	-153.316	-1.385	2.039	0	0	0	0	10	55	3.843542E+28	-3.949192E+28	-3.262125E+28	0	0	0	0	1	0	-79.096	-19.595	0.977	5	5	5	4	2	0	-78.277	-10.303	0.035	5	5	5	1	0	0	-87.203	-5.704	-0.466	0	0	0	0	54585284	54585292	0
9882	0	0	4	55	-84.913	-23.59	-0.967	0	0	0	0	5	55	-85.191	-37.248	-0.134	0	0	0	0	6	55	-82.78	-31.1	10.784	0	0	0	0	7	55	-81.554	-30.493	-11.474	0	0	0	0	8	55	-88.367	-55.226	-2.772	0	0	0	0	9	55	-153.316	-1.385	2.039	0	0	0	0	10	55	3.843541E+28	-3.949193E+28	-3.262126E+28	0	0	0	0	1	0	-79.096	-19.595	0.977	5	5	5	4	2	0	-78.277	-10.303	0.035	5	5	5	1	0	0	-87.203	-5.704	-0.466	0	0	0	0	54585284	54585293	54585293
9898	0	0	4	55	-84.882	-23.713	-1.13	0	0	0	0	5	55	-85.147	-37.319	-0.222	0	0	0	0	6	55	-82.879	-31.174	10.747	0	0	0	0	7	55	-81.567	-30.836	-11.611	0	0	0	0	8	55	-88.505	-55.101	-2.969	0	0	0	0	9	55	-153.447	-1.33	1.998	0	0	0	0	10	55	3.841105E+28	-3.949123E+28	-3.265078E+28	0	0	0	0	1	0	-79.096	-19.595	0.977	5	5	5	4	2	0	-78.277	-10.303	0.035	5	5	5	1	0	0	-87.203	-5.704	-0.466	0	0	0	0	54585300	54585309	0
9898	0	0	4	55	-84.882	-23.713	-1.13	0	0	0	0	5	55	-85.147	-37.319	-0.222	0	0	0	0	6	55	-82.879	-31.174	10.747	0	0	0	0	7	55	-81.567	-30.836	-11.611	0	0	0	0	8	55	-88.505	-55.101	-2.969	0	0	0	0	9	55	-153.447	-1.33	1.998	0	0	0	0	10	55	3.841104E+28	-3.949123E+28	-3.265079E+28	0	0	0	0	1	0	-79.096	-19.595	0.977	5	5	5	4	2	0	-78.277	-10.303	0.035	5	5	5	1	0	0	-87.203	-5.704	-0.466	0	0	0	0	54585300	54585309	54585309
9916	0	0	4	55	-84.969	-23.887	-1.083	0	0	0	0	5	55	-85.169	-37.499	-0.224	0	0	0	0	6	55	-82.907	-31.29	10.698	0	0	0	0	7	55	-81.48	-31.154	-11.787	0	0	0	0	8	55	-88.523	-55.253	-2.917	0	0	0	0	9	55	-153.393	-1.372	2.138	0	0	0	0	10	55	3.841335E+28	-3.945882E+28	-3.268724E+28	0	0	0	0	1	0	-79.096	-19.595	0.977	5	5	5	4	2	0	-78.277	-10.303	0.035	5	5	5	1	0	0	-87.203	-5.704	-0.466	0	0	0	0	54585317	54585327	54585327
9932	0	0	4	55	-84.856	-23.962	-1.121	0	0	0	0	5	55	-85.174	-37.469	-0.217	0	0	0	0	6	55	-82.863	-31.485	10.694	0	0	0	0	7	55	-81.704	-31.007	-11.595	0	0	0	0	8	55	-88.561	-55.334	-2.828	0	0	0	0	9	55	-153.481	-1.282	2.036	0	0	0	0	10	55	3.847307E+28	-3.942446E+28	-3.265845E+28	0	0	0	0	1	0	-79.096	-19.595	0.977	5	5	5	4	2	0	-78.277	-10.303	0.035	5	5	5	1	0	0	-87.203	-5.704	-0.466	0	0	0	0	54585334	54585343	0
9932	0	0	4	55	-84.856	-23.962	-1.121	0	0	0	0	5	55	-85.174	-37.469	-0.217	0	0	0	0	6	55	-82.863	-31.485	10.694	0	0	0	0	7	55	-81.704	-31.007	-11.595	0	0	0	0	8	55	-88.561	-55.334	-2.828	0	0	0	0	9	55	-153.481	-1.282	2.036	0	0	0	0	10	55	3.847307E+28	-3.942446E+28	-3.265845E+28	0	0	0	0	1	0	-79.096	-19.595	0.977	5	5	5	4	2	0	-78.277	-10.303	0.035	5	5	5	1	0	0	-87.203	-5.704	-0.466	0	0	0	0	54585334	54585343	54585343
9948	0	0	4	55	-84.701	-23.849	-0.866	0	0	0	0	5	55	-84.885	-37.311	0.169	0	0	0	0	6	55	-82.609	-31.405	10.969	0	0	0	0	7	55	-81.581	-31.183	-11.383	0	0	0	0	8	55	-88.451	-54.999	-2.602	0	0	0	0	9	55	-153.114	-0.809	2.215	0	0	0	0	10	55	3.826175E+28	-3.95375E+28	-3.276987E+28	0	0	0	0	1	0	-79.096	-19.595	0.977	5	5	5	4	2	0	-78.277	-10.303	0.035	5	5	5	1	0	0	-87.203	-5.704	-0.466	0	0	0	0	54585350	54585359	0
9949	0	0	4	55	-84.701	-23.849	-0.866	0	0	0	0	5	55	-84.885	-37.311	0.169	0	0	0	0	6	55	-82.609	-31.405	10.968	0	0	0	0	7	55	-81.581	-31.183	-11.383	0	0	0	0	8	55	-88.451	-54.999	-2.602	0	0	0	0	9	55	-153.114	-0.809	2.215	0	0	0	0	10	55	3.826175E+28	-3.95375E+28	-3.276987E+28	0	0	0	0	1	0	-79.096	-19.595	0.977	5	5	5	4	2	0	-78.277	-10.303	0.035	5	5	5	1	0	0	-87.203	-5.704	-0.466	0	0	0	0	54585351	54585359	54585359
9965	0	0	4	55	-84.587	-24.007	-1.003	0	0	0	0	5	55	-84.79	-37.487	0.043	0	0	0	0	6	55	-82.634	-31.574	10.797	0	0	0	0	7	55	-81.592	-31.452	-11.59	0	0	0	0	8	55	-88.379	-55.096	-2.714	0	0	0	0	9	55	-153.13	-0.936	2.012	0	0	0	0	10	55	3.838431E+28	-3.948483E+28	-3.268995E+28	0	0	0	0	1	0	-79.096	-19.595	0.977	5	5	5	4	2	0	-78.277	-10.303	0.035	5	5	5	1	0	0	-87.203	-5.704	-0.466	0	0	0	0	54585367	54585376	54585376
9982	0	0	4	55	-84.689	-24.163	-1.116	0	0	0	0	5	55	-84.909	-37.65	-0.074	0	0	0	0	6	55	-82.679	-31.664	10.739	0	0	0	0	7	55	-81.742	-31.163	-11.48	0	0	0	0	8	55	-88.354	-55.254	-2.935	0	0	0	0	9	55	-153.111	-0.941	1.974	0	0	0	0	10	55	3.841429E+28	-3.942484E+28	-3.272711E+28	0	0	0	0	1	0	-79.096	-19.595	0.977	5	5	5	4	2	0	-78.277	-10.303	0.035	5	5	5	1	0	0	-87.203	-5.704	-0.466	0	0	0	0	54585383	54585392	0
9982	0	0	4	55	-84.689	-24.163	-1.116	0	0	0	0	5	55	-84.909	-37.65	-0.074	0	0	0	0	6	55	-82.679	-31.664	10.739	0	0	0	0	7	55	-81.742	-31.163	-11.48	0	0	0	0	8	55	-88.354	-55.254	-2.935	0	0	0	0	9	55	-153.111	-0.941	1.974	0	0	0	0	10	55	3.841427E+28	-3.942484E+28	-3.272712E+28	0	0	0	0	1	0	-79.096	-19.595	0.977	5	5	5	4	2	0	-78.277	-10.303	0.035	5	5	5	1	0	0	-87.203	-5.704	-0.466	0	0	0	0	54585384	54585392	54585393
9999	0	0	4	55	-84.886	-24.618	-1.303	0	0	0	0	5	55	-84.959	-38.034	-0.183	0	0	0	0	6	55	-82.89	-32.05	10.538	0	0	0	0	7	55	-81.739	-31.563	-11.985	0	0	0	0	8	55	-88.323	-55.696	-3.187	0	0	0	0	9	55	-153.258	-1.382	1.643	0	0	0	0	10	55	3.861221E+28	-3.927591E+28	-3.267323E+28	0	0	0	0	1	0	-79.096	-19.595	0.977	5	5	5	4	2	0	-78.277	-10.303	0.035	5	5	5	1	0	0	-87.203	-5.704	-0.466	0	0	0	0	54585401	54585409	0
9999	0	0	4	55	-84.886	-24.618	-1.303	0	0	0	0	5	55	-84.959	-38.034	-0.183	0	0	0	0	6	55	-82.89	-32.05	10.538	0	0	0	0	7	55	-81.739	-31.563	-11.985	0	0	0	0	8	55	-88.323	-55.696	-3.187	0	0	0	0	9	55	-153.258	-1.382	1.643	0	0	0	0	10	55	3.861221E+28	-3.92759E+28	-3.267322E+28	0	0	0	0	1	0	-79.096	-19.595	0.977	5	5	5	4	2	0	-78.277	-10.303	0.035	5	5	5	1	0	0	-87.203	-5.704	-0.466	0	0	0	0	54585401	54585410	54585410
10015	0	0	4	55	-84.806	-24.574	-1.133	0	0	0	0	5	55	-84.777	-38.046	-0.21	0	0	0	0	6	55	-82.87	-32.036	10.646	0	0	0	0	7	55	-81.692	-31.589	-11.886	0	0	0	0	8	55	-88.147	-55.747	-2.965	0	0	0	0	9	55	-153.389	-1.288	1.775	0	0	0	0	10	55	3.861404E+28	-3.931506E+28	-3.262394E+28	0	0	0	0	1	0	-79.096	-19.595	0.977	5	5	5	4	2	0	-78.277	-10.303	0.035	5	5	5	1	0	0	-87.203	-5.704	-0.466	0	0	0	0	54585417	54585426	54585426
10032	0	0	4	55	-84.575	-24.535	-1.158	0	0	0	0	5	55	-84.548	-37.958	-0.236	0	0	0	0	6	55	-82.647	-32.134	10.685	0	0	0	0	7	55	-81.448	-31.229	-11.646	0	0	0	0	8	55	-88.236	-55.485	-3.152	0	0	0	0	9	55	-153.172	-1.058	1.63	0	0	0	0	10	55	3.851486E+28	-3.936744E+28	-3.267797E+28	0	0	0	0	1	0	-79.096	-19.595	0.977	5	5	5	4	2	0	-78.277	-10.303	0.035	5	5	5	1	0	0	-87.203	-5.704	-0.466	0	0	0	0	54585434	54585442	0
10032	0	0	4	55	-84.575	-24.535	-1.158	0	0	0	0	5	55	-84.548	-37.959	-0.236	0	0	0	0	6	55	-82.647	-32.134	10.685	0	0	0	0	7	55	-81.448	-31.229	-11.646	0	0	0	0	8	55	-88.236	-55.485	-3.152	0	0	0	0	9	55	-153.172	-1.058	1.63	0	0	0	0	10	55	3.851487E+28	-3.936744E+28	-3.267797E+28	0	0	0	0	1	0	-79.096	-19.595	0.977	5	5	5	4	2	0	-78.277	-10.303	0.035	5	5	5	1	0	0	-87.203	-5.704	-0.466	0	0	0	0	54585434	54585443	54585443
10048	0	0	4	55	-84.695	-24.646	-0.888	0	0	0	0	5	55	-84.576	-38.131	-0.086	0	0	0	0	6	55	-82.827	-32.144	10.99	0	0	0	0	7	55	-81.68	-31.644	-11.711	0	0	0	0	8	55	-88.044	-55.675	-2.932	0	0	0	0	9	55	-153.35	-1.213	1.884	0	0	0	0	10	55	3.858501E+28	-3.925406E+28	-3.273156E+28	0	0	0	0	1	0	-79.096	-19.595	0.977	5	5	5	4	2	0	-78.277	-10.303	0.035	5	5	5	1	0	0	-87.203	-5.704	-0.466	0	0	0	0	54585450	54585459	0
10049	0	0	4	55	-84.695	-24.646	-0.888	0	0	0	0	5	55	-84.576	-38.131	-0.086	0	0	0	0	6	55	-82.827	-32.144	10.99	0	0	0	0	7	55	-81.68	-31.644	-11.711	0	0	0	0	8	55	-88.044	-55.675	-2.932	0	0	0	0	9	55	-153.35	-1.213	1.884	0	0	0	0	10	55	3.858501E+28	-3.925407E+28	-3.273156E+28	0	0	0	0	1	0	-79.096	-19.595	0.977	5	5	5	4	2	0	-78.277	-10.303	0.035	5	5	5	1	0	0	-87.203	-5.704	-0.466	0	0	0	0	54585451	54585459	54585459
10065	0	0	4	55	-84.655	-24.795	-0.705	0	0	0	0	5	55	-84.464	-38.186	0.015	0	0	0	0	6	55	-82.805	-32.23	11.059	0	0	0	0	7	55	-81.712	-31.882	-11.61	0	0	0	0	8	55	-88.007	-55.746	-2.862	0	0	0	0	9	55	-153.368	-1.282	1.896	0	0	0	0	10	55	3.857356E+28	-3.924717E+28	-3.275332E+28	0	0	0	0	1	0	-79.096	-19.595	0.977	5	5	5	4	2	0	-78.277	-10.303	0.035	5	5	5	1	0	0	-87.203	-5.704	-0.466	0	0	0	0	54585466	54585476	54585476
10082	0	0	4	55	-84.732	-24.748	-0.622	0	0	0	0	5	55	-84.3	-38.194	0.078	0	0	0	0	6	55	-82.837	-32.327	11.025	0	0	0	0	7	55	-81.603	-31.461	-11.42	0	0	0	0	8	55	-87.822	-55.932	-2.845	0	0	0	0	9	55	-153.335	-1.3	1.788	0	0	0	0	10	55	3.856654E+28	-3.927125E+28	-3.273272E+28	0	0	0	0	1	0	-79.096	-19.595	0.977	5	5	5	4	2	0	-78.277	-10.303	0.035	5	5	5	1	0	0	-87.203	-5.704	-0.466	0	0	0	0	54585483	54585492	0
10082	0	0	4	55	-84.732	-24.748	-0.622	0	0	0	0	5	55	-84.3	-38.194	0.078	0	0	0	0	6	55	-82.837	-32.327	11.025	0	0	0	0	7	55	-81.603	-31.461	-11.42	0	0	0	0	8	55	-87.822	-55.932	-2.845	0	0	0	0	9	55	-153.335	-1.3	1.788	0	0	0	0	10	55	3.856653E+28	-3.927124E+28	-3.273273E+28	0	0	0	0	1	0	-79.096	-19.595	0.977	5	5	5	4	2	0	-78.277	-10.303	0.035	5	5	5	1	0	0	-87.203	-5.704	-0.466	0	0	0	0	54585483	54585492	54585492
10098	0	0	4	55	-84.649	-24.753	-0.558	0	0	0	0	5	55	-84.166	-38.232	0.368	0	0	0	0	6	55	-82.865	-32.29	11.161	0	0	0	0	7	55	-81.854	-30.874	-11.404	0	0	0	0	8	55	-87.843	-55.894	-2.771	0	0	0	0	9	55	-153.648	-1.368	1.946	0	0	0	0	10	55	3.852997E+28	-3.932467E+28	-3.271163E+28	0	0	0	0	1	0	-79.096	-19.595	0.977	5	5	5	4	2	0	-78.277	-10.303	0.035	5	5	5	1	0	0	-87.203	-5.704	-0.466	0	0	0	0	54585500	54585509	0
10099	0	0	4	55	-84.649	-24.753	-0.558	0	0	0	0	5	55	-84.166	-38.232	0.368	0	0	0	0	6	55	-82.865	-32.29	11.161	0	0	0	0	7	55	-81.854	-30.874	-11.404	0	0	0	0	8	55	-87.843	-55.894	-2.771	0	0	0	0	9	55	-153.648	-1.368	1.946	0	0	0	0	10	55	3.852998E+28	-3.932467E+28	-3.271162E+28	0	0	0	0	1	0	-79.096	-19.595	0.977	5	5	5	4	2	0	-78.277	-10.303	0.035	5	5	5	1	0	0	-87.203	-5.704	-0.466	0	0	0	0	54585501	54585509	54585509
10115	0	0	4	55	-84.754	-24.737	-0.618	0	0	0	0	5	55	-84.187	-38.208	0.265	0	0	0	0	6	55	-82.951	-32.204	11.1	0	0	0	0	7	55	-81.926	-30.61	-11.462	0	0	0	0	8	55	-87.806	-55.898	-2.999	0	0	0	0	9	55	-153.781	-1.327	1.934	0	0	0	0	10	55	3.85142E+28	-3.926687E+28	-3.279953E+28	0	0	0	0	1	0	-79.096	-19.595	0.977	5	5	5	4	2	0	-78.277	-10.303	0.035	5	5	5	1	0	0	-87.203	-5.704	-0.466	0	0	0	0	54585517	54585526	54585526
10132	0	0	4	55	-84.787	-24.647	-0.456	0	0	0	0	5	55	-83.945	-38.221	0.247	0	0	0	0	6	55	-83.172	-32.035	11.214	0	0	0	0	7	55	-81.984	-31.327	-11.628	0	0	0	0	8	55	-87.354	-56.015	-2.856	0	0	0	0	9	55	-154.146	-1.461	1.912	0	0	0	0	10	55	3.84504E+28	-3.92985E+28	-3.283648E+28	0	0	0	0	1	0	-79.096	-19.595	0.977	5	5	5	4	2	0	-78.277	-10.303	0.035	5	5	5	1	0	0	-87.203	-5.704	-0.466	0	0	0	0	54585534	54585542	0
10132	0	0	4	55	-84.787	-24.647	-0.456	0	0	0	0	5	55	-83.945	-38.221	0.247	0	0	0	0	6	55	-83.172	-32.035	11.214	0	0	0	0	7	55	-81.984	-31.327	-11.628	0	0	0	0	8	55	-87.354	-56.015	-2.856	0	0	0	0	9	55	-154.146	-1.461	1.912	0	0	0	0	10	55	3.84504E+28	-3.92985E+28	-3.283648E+28	0	0	0	0	1	0	-79.096	-19.595	0.977	5	5	5	4	2	0	-78.277	-10.303	0.035	5	5	5	1	0	0	-87.203	-5.704	-0.466	0	0	0	0	54585534	54585543	54585543
10148	0	0	4	55	-84.846	-24.541	-0.493	0	0	0	0	5	55	-83.901	-38.179	0.237	0	0	0	0	6	55	-83.285	-32.14	11.183	0	0	0	0	7	55	-82.421	-31.015	-11.428	0	0	0	0	8	55	-87.223	-56.034	-2.887	0	0	0	0	9	55	-154.675	-1.697	1.843	0	0	0	0	10	55	3.842003E+28	-3.934874E+28	-3.281186E+28	0	0	0	0	1	0	-79.096	-19.595	0.977	5	5	5	4	2	0	-78.277	-10.303	0.035	5	5	5	1	0	0	-87.203	-5.704	-0.466	0	0	0	0	54585550	54585559	0
10149	0	0	4	55	-84.846	-24.541	-0.493	0	0	0	0	5	55	-83.901	-38.179	0.237	0	0	0	0	6	55	-83.285	-32.14	11.183	0	0	0	0	7	55	-82.421	-31.015	-11.428	0	0	0	0	8	55	-87.223	-56.034	-2.887	0	0	0	0	9	55	-154.675	-1.697	1.843	0	0	0	0	10	55	3.842002E+28	-3.934874E+28	-3.281187E+28	0	0	0	0	1	0	-79.096	-19.595	0.977	5	5	5	4	2	0	-78.277	-10.303	0.035	5	5	5	1	0	0	-87.203	-5.704	-0.466	0	0	0	0	54585551	54585559	54585559
10165	0	0	4	55	-84.886	-24.525	-0.489	0	0	0	0	5	55	-83.887	-38.058	0.393	0	0	0	0	6	55	-83.258	-32.24	11.182	0	0	0	0	7	55	-82.259	-30.74	-11.547	0	0	0	0	8	55	-87.009	-56.073	-2.926	0	0	0	0	9	55	-154.976	-1.846	1.97	0	0	0	0	10	55	3.841421E+28	-3.937566E+28	-3.278637E+28	0	0	0	0	1	0	-79.096	-19.595	0.977	5	5	5	4	2	0	-78.277	-10.303	0.035	5	5	5	1	0	0	-87.203	-5.704	-0.466	0	0	0	0	54585568	54585576	54585576
10182	0	0	4	55	-85.149	-24.338	-0.364	0	0	0	0	5	55	-83.814	-38.017	0.443	0	0	0	0	6	55	-83.649	-31.996	11.323	0	0	0	0	7	55	-82.706	-30.053	-11.279	0	0	0	0	8	55	-86.691	-56.084	-2.948	0	0	0	0	9	55	-155.446	-1.952	2.434	0	0	0	0	10	55	3.83782E+28	-3.938138E+28	-3.282164E+28	0	0	0	0	1	0	-79.096	-19.595	0.977	5	5	5	4	2	0	-78.277	-10.303	0.035	5	5	5	1	0	0	-87.203	-5.704	-0.466	0	0	0	0	54585584	54585592	0
10182	0	0	4	55	-85.149	-24.338	-0.364	0	0	0	0	5	55	-83.814	-38.017	0.443	0	0	0	0	6	55	-83.649	-31.996	11.323	0	0	0	0	7	55	-82.706	-30.053	-11.279	0	0	0	0	8	55	-86.691	-56.084	-2.948	0	0	0	0	9	55	-155.446	-1.952	2.434	0	0	0	0	10	55	3.83782E+28	-3.938137E+28	-3.282165E+28	0	0	0	0	1	0	-79.096	-19.595	0.977	5	5	5	4	2	0	-78.277	-10.303	0.035	5	5	5	1	0	0	-87.203	-5.704	-0.466	0	0	0	0	54585584	54585593	54585593
10198	0	0	4	55	-85.539	-24.302	-0.263	0	0	0	0	5	55	-83.824	-38.004	0.498	0	0	0	0	6	55	-83.932	-32.061	11.359	0	0	0	0	7	55	-82.801	-30.314	-11.301	0	0	0	0	8	55	-86.441	-56.139	-2.841	0	0	0	0	9	55	-155.823	-2.318	2.515	0	0	0	0	10	55	3.844139E+28	-3.934926E+28	-3.27862E+28	0	0	0	0	1	0	-79.096	-19.595	0.977	5	5	5	4	2	0	-78.277	-10.303	0.035	5	5	5	1	0	0	-87.203	-5.704	-0.466	0	0	0	0	54585601	54585609	0
10199	0	0	4	55	-85.539	-24.302	-0.263	0	0	0	0	5	55	-83.824	-38.004	0.498	0	0	0	0	6	55	-83.932	-32.061	11.359	0	0	0	0	7	55	-82.801	-30.314	-11.301	0	0	0	0	8	55	-86.441	-56.139	-2.841	0	0	0	0	9	55	-155.823	-2.318	2.515	0	0	0	0	10	55	3.844139E+28	-3.934925E+28	-3.278621E+28	0	0	0	0	1	0	-79.096	-19.595	0.977	5	5	5	4	2	0	-78.277	-10.303	0.035	5	5	5	1	0	0	-87.203	-5.704	-0.466	0	0	0	0	54585601	54585609	54585609
10215	0	0	4	55	-85.668	-24.297	-0.054	0	0	0	0	5	55	-83.872	-37.938	0.626	0	0	0	0	6	55	-83.984	-31.909	11.584	0	0	0	0	7	55	-83.063	-30.185	-11.062	0	0	0	0	8	55	-86.311	-56.019	-2.775	0	0	0	0	9	55	-156.036	-2.554	2.441	0	0	0	0	10	55	3.846646E+28	-3.934713E+28	-3.275935E+28	0	0	0	0	1	0	-79.096	-19.595	0.977	5	5	5	4	2	0	-78.277	-10.303	0.035	5	5	5	1	0	0	-87.203	-5.704	-0.466	0	0	0	0	54585616	54585626	54585626
10232	0	0	4	55	-85.913	-23.946	0.148	0	0	0	0	5	55	-83.716	-37.751	0.902	0	0	0	0	6	55	-84.225	-31.687	11.786	0	0	0	0	7	55	-83.334	-29.873	-10.964	0	0	0	0	8	55	-86.076	-55.915	-2.657	0	0	0	0	9	55	-156.222	-2.804	2.488	0	0	0	0	10	55	3.84832E+28	-3.93767E+28	-3.270411E+28	0	0	0	0	1	0	-79.096	-19.595	0.977	5	5	5	4	2	0	-78.277	-10.303	0.035	5	5	5	1	0	0	-87.203	-5.704	-0.466	0	0	0	0	54585634	54585642	0
10232	0	0	4	55	-85.913	-23.946	0.148	0	0	0	0	5	55	-83.716	-37.751	0.901	0	0	0	0	6	55	-84.225	-31.687	11.786	0	0	0	0	7	55	-83.334	-29.873	-10.964	0	0	0	0	8	55	-86.076	-55.915	-2.657	0	0	0	0	9	55	-156.222	-2.804	2.488	0	0	0	0	10	55	3.848319E+28	-3.937669E+28	-3.270412E+28	0	0	0	0	1	0	-79.096	-19.595	0.977	5	5	5	4	2	0	-78.277	-10.303	0.035	5	5	5	1	0	0	-87.203	-5.704	-0.466	0	0	0	0	54585634	54585643	54585643
10248	0	0	4	55	-85.908	-23.672	0.355	0	0	0	0	5	55	-83.615	-37.374	1.064	0	0	0	0	6	55	-84.265	-31.384	11.985	0	0	0	0	7	55	-83.34	-29.683	-10.877	0	0	0	0	8	55	-85.69	-55.617	-2.683	0	0	0	0	9	55	-156.226	-2.594	2.634	0	0	0	0	10	55	3.84365E+28	-3.943898E+28	-3.268398E+28	0	0	0	0	1	0	-79.096	-19.595	0.977	5	5	5	4	2	0	-78.277	-10.303	0.035	5	5	5	1	0	0	-87.203	-5.704	-0.466	0	0	0	0	54585650	54585659	0
10249	0	0	4	55	-85.908	-23.672	0.355	0	0	0	0	5	55	-83.615	-37.374	1.064	0	0	0	0	6	55	-84.265	-31.384	11.985	0	0	0	0	7	55	-83.34	-29.683	-10.877	0	0	0	0	8	55	-85.69	-55.617	-2.683	0	0	0	0	9	55	-156.226	-2.594	2.634	0	0	0	0	10	55	3.84365E+28	-3.943897E+28	-3.268398E+28	0	0	0	0	1	0	-79.096	-19.595	0.977	5	5	5	4	2	0	-78.277	-10.303	0.035	5	5	5	1	0	0	-87.203	-5.704	-0.466	0	0	0	0	54585650	54585659	54585659
10265	0	0	4	55	-85.819	-23.516	0.3	0	0	0	0	5	55	-83.563	-37.283	1.16	0	0	0	0	6	55	-84.307	-31.307	12.045	0	0	0	0	7	55	-82.959	-29.494	-10.911	0	0	0	0	8	55	-85.677	-55.338	-2.801	0	0	0	0	9	55	-156.177	-2.577	2.539	0	0	0	0	10	55	3.840419E+28	-3.942323E+28	-3.27409E+28	0	0	0	0	1	0	-79.096	-19.595	0.977	5	5	5	4	2	0	-78.277	-10.303	0.035	5	5	5	1	0	0	-87.203	-5.704	-0.466	0	0	0	0	54585667	54585676	54585676
10282	0	0	4	55	-85.984	-23.38	0.44	0	0	0	0	5	55	-83.472	-37.067	1.178	0	0	0	0	6	55	-84.298	-31.355	12.008	0	0	0	0	7	55	-83.135	-29.497	-10.662	0	0	0	0	8	55	-85.528	-55.325	-2.718	0	0	0	0	9	55	-156.13	-2.493	2.51	0	0	0	0	10	55	3.841406E+28	-3.948611E+28	-3.265343E+28	0	0	0	0	1	0	-79.096	-19.595	0.977	5	5	5	4	2	0	-78.277	-10.303	0.035	5	5	5	1	0	0	-87.203	-5.704	-0.466	0	0	0	0	54585684	54585692	0
10282	0	0	4	55	-85.984	-23.38	0.44	0	0	0	0	5	55	-83.472	-37.067	1.178	0	0	0	0	6	55	-84.298	-31.355	12.008	0	0	0	0	7	55	-83.135	-29.497	-10.662	0	0	0	0	8	55	-85.528	-55.325	-2.718	0	0	0	0	9	55	-156.13	-2.493	2.51	0	0	0	0	10	55	3.841407E+28	-3.948611E+28	-3.265342E+28	0	0	0	0	1	0	-79.096	-19.595	0.977	5	5	5	4	2	0	-78.277	-10.303	0.035	5	5	5	1	0	0	-87.203	-5.704	-0.466	0	0	0	0	54585684	54585693	54585693
10298	0	0	4	55	-85.94	-23.253	0.555	0	0	0	0	5	55	-83.336	-37.106	1.289	0	0	0	0	6	55	-84.291	-31.205	12.224	0	0	0	0	7	55	-83.016	-28.953	-10.486	0	0	0	0	8	55	-85.563	-55.225	-2.611	0	0	0	0	9	55	-156.025	-2.341	2.743	0	0	0	0	10	55	3.834156E+28	-3.951313E+28	-3.270592E+28	0	0	0	0	1	0	-79.096	-19.595	0.977	5	5	5	4	2	0	-78.277	-10.303	0.035	5	5	5	1	0	0	-87.203	-5.704	-0.466	0	0	0	0	54585700	54585709	0
10299	0	0	4	55	-85.94	-23.253	0.555	0	0	0	0	5	55	-83.336	-37.106	1.289	0	0	0	0	6	55	-84.291	-31.205	12.224	0	0	0	0	7	55	-83.016	-28.953	-10.486	0	0	0	0	8	55	-85.563	-55.225	-2.611	0	0	0	0	9	55	-156.025	-2.341	2.743	0	0	0	0	10	55	3.834156E+28	-3.951313E+28	-3.270592E+28	0	0	0	0	1	0	-79.096	-19.595	0.977	5	5	5	4	2	0	-78.277	-10.303	0.035	5	5	5	1	0	0	-87.203	-5.704	-0.466	0	0	0	0	54585700	54585709	54585709
10315	0	0	4	55	-85.916	-23.159	0.578	0	0	0	0	5	55	-83.308	-37.06	1.291	0	0	0	0	6	55	-84.36	-31.161	12.218	0	0	0	0	7	55	-82.979	-29.068	-10.377	0	0	0	0	8	55	-85.48	-55.248	-2.521	0	0	0	0	9	55	-156.001	-2.479	2.634	0	0	0	0	10	55	3.833963E+28	-3.952431E+28	-3.269466E+28	0	0	0	0	1	0	-79.096	-19.595	0.977	5	5	5	4	2	0	-78.277	-10.303	0.035	5	5	5	1	0	0	-87.203	-5.704	-0.466	0	0	0	0	54585717	54585726	54585726
10332	0	0	4	55	-85.944	-23.018	0.77	0	0	0	0	5	55	-83.285	-36.981	1.41	0	0	0	0	6	55	-84.358	-31.085	12.263	0	0	0	0	7	55	-82.617	-28.709	-10.347	0	0	0	0	8	55	-85.608	-55.206	-2.697	0	0	0	0	9	55	-155.988	-2.455	2.595	0	0	0	0	10	55	3.832856E+28	-3.954369E+28	-3.26842E+28	0	0	0	0	1	0	-79.096	-19.595	0.977	5	5	5	4	2	0	-78.277	-10.303	0.035	5	5	5	1	0	0	-87.203	-5.704	-0.466	0	0	0	0	54585734	54585742	0
10332	0	0	4	55	-85.944	-23.018	0.77	0	0	0	0	5	55	-83.285	-36.981	1.41	0	0	0	0	6	55	-84.357	-31.085	12.263	0	0	0	0	7	55	-82.617	-28.709	-10.347	0	0	0	0	8	55	-85.608	-55.206	-2.697	0	0	0	0	9	55	-155.988	-2.455	2.595	0	0	0	0	10	55	3.832856E+28	-3.95437E+28	-3.26842E+28	0	0	0	0	1	0	-79.096	-19.595	0.977	5	5	5	4	2	0	-78.277	-10.303	0.035	5	5	5	1	0	0	-87.203	-5.704	-0.466	0	0	0	0	54585734	54585743	54585743
10348	0	0	4	55	-85.943	-22.898	0.783	0	0	0	0	5	55	-83.49	-36.816	1.339	0	0	0	0	6	55	-84.477	-31.012	12.166	0	0	0	0	7	55	-82.924	-28.352	-10.288	0	0	0	0	8	55	-85.519	-55.337	-2.844	0	0	0	0	9	55	-156	-2.371	2.573	0	0	0	0	10	55	3.829187E+28	-3.949511E+28	-3.27858E+28	0	0	0	0	1	0	-79.096	-19.595	0.977	5	5	5	4	2	0	-78.277	-10.303	0.035	5	5	5	1	0	0	-87.203	-5.704	-0.466	0	0	0	0	54585751	54585759	0
10349	0	0	4	55	-85.943	-22.898	0.783	0	0	0	0	5	55	-83.49	-36.816	1.339	0	0	0	0	6	55	-84.477	-31.012	12.166	0	0	0	0	7	55	-82.924	-28.352	-10.288	0	0	0	0	8	55	-85.519	-55.337	-2.844	0	0	0	0	9	55	-156	-2.371	2.573	0	0	0	0	10	55	3.829188E+28	-3.94951E+28	-3.27858E+28	0	0	0	0	1	0	-79.096	-19.595	0.977	5	5	5	4	2	0	-78.277	-10.303	0.035	5	5	5	1	0	0	-87.203	-5.704	-0.466	0	0	0	0	54585751	54585759	54585759
10365	0	0	4	55	-85.996	-22.93	0.91	0	0	0	0	5	55	-83.347	-36.971	1.473	0	0	0	0	6	55	-84.399	-31.057	12.29	0	0	0	0	7	55	-83.031	-28.539	-10.168	0	0	0	0	8	55	-85.558	-55.357	-2.724	0	0	0	0	9	55	-155.981	-2.329	2.805	0	0	0	0	10	55	3.829775E+28	-3.948513E+28	-3.279095E+28	0	0	0	0	1	0	-79.096	-19.595	0.977	5	5	5	4	2	0	-78.277	-10.303	0.035	5	5	5	1	0	0	-87.203	-5.704	-0.466	0	0	0	0	54585766	54585776	54585776
10382	0	0	4	55	-85.919	-23.017	1.03	0	0	0	0	5	55	-83.377	-37.067	1.674	0	0	0	0	6	55	-84.357	-31.214	12.357	0	0	0	0	7	55	-82.806	-28.703	-10.074	0	0	0	0	8	55	-85.695	-55.395	-2.599	0	0	0	0	9	55	-155.96	-2.466	2.98	0	0	0	0	10	55	3.836493E+28	-3.945777E+28	-3.274533E+28	0	0	0	0	1	0	-79.096	-19.595	0.977	5	5	5	4	2	0	-78.277	-10.303	0.035	5	5	5	1	0	0	-87.203	-5.704	-0.466	0	0	0	0	54585784	54585792	0
10382	0	0	4	55	-85.919	-23.017	1.03	0	0	0	0	5	55	-83.377	-37.067	1.674	0	0	0	0	6	55	-84.357	-31.214	12.357	0	0	0	0	7	55	-82.806	-28.703	-10.074	0	0	0	0	8	55	-85.695	-55.395	-2.599	0	0	0	0	9	55	-155.96	-2.466	2.98	0	0	0	0	10	55	3.836492E+28	-3.945776E+28	-3.274535E+28	0	0	0	0	1	0	-79.096	-19.595	0.977	5	5	5	4	2	0	-78.277	-10.303	0.035	5	5	5	1	0	0	-87.203	-5.704	-0.466	0	0	0	0	54585784	54585792	54585792
10398	0	0	4	55	-85.967	-23.138	1.199	0	0	0	0	5	55	-83.379	-37.166	1.858	0	0	0	0	6	55	-84.446	-31.231	12.403	0	0	0	0	7	55	-82.826	-28.247	-9.632	0	0	0	0	8	55	-85.706	-55.489	-2.504	0	0	0	0	9	55	-155.858	-2.604	3.152	0	0	0	0	10	55	3.837305E+28	-3.948689E+28	-3.270066E+28	0	0	0	0	1	0	-79.096	-19.595	0.977	5	5	5	4	2	0	-78.277	-10.303	0.035	5	5	5	1	0	0	-87.203	-5.704	-0.466	0	0	0	0	54585801	54585809	0
10399	0	0	4	55	-85.967	-23.138	1.199	0	0	0	0	5	55	-83.379	-37.166	1.858	0	0	0	0	6	55	-84.446	-31.231	12.403	0	0	0	0	7	55	-82.826	-28.247	-9.632	0	0	0	0	8	55	-85.706	-55.489	-2.504	0	0	0	0	9	55	-155.858	-2.604	3.152	0	0	0	0	10	55	3.837305E+28	-3.94869E+28	-3.270066E+28	0	0	0	0	1	0	-79.096	-19.595	0.977	5	5	5	4	2	0	-78.277	-10.303	0.035	5	5	5	1	0	0	-87.203	-5.704	-0.466	0	0	0	0	54585801	54585809	54585809
10415	0	0	4	55	-86.057	-23.188	1.229	0	0	0	0	5	55	-83.413	-37.294	1.724	0	0	0	0	6	55	-84.418	-31.307	12.434	0	0	0	0	7	55	-82.725	-28.751	-9.669	0	0	0	0	8	55	-85.816	-55.629	-2.574	0	0	0	0	9	55	-155.854	-2.753	3.233	0	0	0	0	10	55	3.840435E+28	-3.945855E+28	-3.269814E+28	0	0	0	0	1	0	-79.096	-19.595	0.977	5	5	5	4	2	0	-78.277	-10.303	0.035	5	5	5	1	0	0	-87.203	-5.704	-0.466	0	0	0	0	54585818	54585826	54585826
10432	0	0	4	55	-86.014	-23.427	1.224	0	0	0	0	5	55	-83.421	-37.522	1.827	0	0	0	0	6	55	-84.34	-31.558	12.523	0	0	0	0	7	55	-82.568	-28.671	-9.591	0	0	0	0	8	55	-85.887	-55.819	-2.419	0	0	0	0	9	55	-155.963	-3.068	3.299	0	0	0	0	10	55	3.848166E+28	-3.943243E+28	-3.263871E+28	0	0	0	0	1	0	-79.096	-19.595	0.977	5	5	5	4	2	0	-78.277	-10.303	0.035	5	5	5	1	0	0	-87.203	-5.704	-0.466	0	0	0	0	54585833	54585842	0
10432	0	0	4	55	-86.014	-23.427	1.224	0	0	0	0	5	55	-83.421	-37.522	1.827	0	0	0	0	6	55	-84.34	-31.558	12.523	0	0	0	0	7	55	-82.568	-28.671	-9.591	0	0	0	0	8	55	-85.887	-55.819	-2.419	0	0	0	0	9	55	-155.963	-3.068	3.299	0	0	0	0	10	55	3.848166E+28	-3.943242E+28	-3.263871E+28	0	0	0	0	1	0	-79.096	-19.595	0.977	5	5	5	4	2	0	-78.277	-10.303	0.035	5	5	5	1	0	0	-87.203	-5.704	-0.466	0	0	0	0	54585834	54585842	54585842
10448	0	0	4	55	-86.054	-23.516	1.374	0	0	0	0	5	55	-83.473	-37.768	2.167	0	0	0	0	6	55	-84.488	-31.693	12.588	0	0	0	0	7	55	-82.527	-28.777	-9.504	0	0	0	0	8	55	-85.987	-56.1	-2.308	0	0	0	0	9	55	-155.807	-3.185	3.623	0	0	0	0	10	55	3.854714E+28	-3.944219E+28	-3.254953E+28	0	0	0	0	1	0	-79.096	-19.595	0.977	5	5	5	4	2	0	-78.277	-10.303	0.035	5	5	5	1	0	0	-87.203	-5.704	-0.466	0	0	0	0	54585851	54585859	0
10449	0	0	4	55	-86.054	-23.516	1.375	0	0	0	0	5	55	-83.473	-37.768	2.167	0	0	0	0	6	55	-84.488	-31.693	12.588	0	0	0	0	7	55	-82.527	-28.777	-9.504	0	0	0	0	8	55	-85.987	-56.1	-2.308	0	0	0	0	9	55	-155.807	-3.185	3.623	0	0	0	0	10	55	3.854714E+28	-3.944218E+28	-3.254953E+28	0	0	0	0	1	0	-79.096	-19.595	0.977	5	5	5	4	2	0	-78.277	-10.303	0.035	5	5	5	1	0	0	-87.203	-5.704	-0.466	0	0	0	0	54585851	54585859	54585859
10465	0	0	4	55	-85.988	-23.528	1.432	0	0	0	0	5	55	-83.526	-37.785	2.164	0	0	0	0	6	55	-84.513	-31.695	12.614	0	0	0	0	7	55	-82.62	-29.141	-9.61	0	0	0	0	8	55	-86.123	-56.029	-2.341	0	0	0	0	9	55	-155.864	-3.066	3.722	0	0	0	0	10	55	3.851854E+28	-3.943944E+28	-3.258668E+28	0	0	0	0	1	0	-79.096	-19.595	0.977	5	5	5	4	2	0	-78.277	-10.303	0.035	5	5	5	1	0	0	-87.203	-5.704	-0.466	0	0	0	0	54585868	54585876	54585876
10482	0	0	4	55	-86.02	-23.393	1.679	0	0	0	0	5	55	-83.725	-37.706	2.335	0	0	0	0	6	55	-84.409	-31.678	12.789	0	0	0	0	7	55	-82.693	-28.765	-9.412	0	0	0	0	8	55	-86.296	-56.058	-2.214	0	0	0	0	9	55	-155.721	-2.939	3.878	0	0	0	0	10	55	3.838811E+28	-3.946579E+28	-3.270847E+28	0	0	0	0	1	0	-79.096	-19.595	0.977	5	5	5	4	2	0	-78.277	-10.303	0.035	5	5	5	1	0	0	-87.203	-5.704	-0.466	0	0	0	0	54585884	54585892	0
10482	0	0	4	55	-86.02	-23.393	1.679	0	0	0	0	5	55	-83.725	-37.706	2.335	0	0	0	0	6	55	-84.409	-31.679	12.789	0	0	0	0	7	55	-82.693	-28.765	-9.412	0	0	0	0	8	55	-86.296	-56.058	-2.214	0	0	0	0	9	55	-155.721	-2.939	3.878	0	0	0	0	10	55	3.838812E+28	-3.946579E+28	-3.270847E+28	0	0	0	0	1	0	-79.096	-19.595	0.977	5	5	5	4	2	0	-78.277	-10.303	0.035	5	5	5	1	0	0	-87.203	-5.704	-0.466	0	0	0	0	54585884	54585893	54585893
10498	0	0	4	55	-85.773	-23.43	1.711	0	0	0	0	5	55	-83.584	-37.719	2.542	0	0	0	0	6	55	-84.434	-31.688	12.804	0	0	0	0	7	55	-82.583	-28.006	-9.004	0	0	0	0	8	55	-86.418	-55.987	-2.118	0	0	0	0	9	55	-155.466	-2.745	3.963	0	0	0	0	10	55	3.835764E+28	-3.949083E+28	-3.271399E+28	0	0	0	0	1	0	-79.096	-19.595	0.977	5	5	5	4	2	0	-78.277	-10.303	0.035	5	5	5	1	0	0	-87.203	-5.704	-0.466	0	0	0	0	54585900	54585909	0
10499	0	0	4	55	-85.773	-23.43	1.711	0	0	0	0	5	55	-83.584	-37.719	2.542	0	0	0	0	6	55	-84.434	-31.688	12.804	0	0	0	0	7	55	-82.583	-28.006	-9.004	0	0	0	0	8	55	-86.418	-55.987	-2.118	0	0	0	0	9	55	-155.466	-2.745	3.963	0	0	0	0	10	55	3.835765E+28	-3.949083E+28	-3.271399E+28	0	0	0	0	1	0	-79.096	-19.595	0.977	5	5	5	4	2	0	-78.277	-10.303	0.035	5	5	5	1	0	0	-87.203	-5.704	-0.466	0	0	0	0	54585901	54585909	54585909
10515	0	0	4	55	-85.757	-23.324	1.838	0	0	0	0	5	55	-83.657	-37.695	2.659	0	0	0	0	6	55	-84.405	-31.658	12.836	0	0	0	0	7	55	-82.26	-27.864	-9.067	0	0	0	0	8	55	-86.356	-56.022	-2.056	0	0	0	0	9	55	-155.263	-2.486	4.184	0	0	0	0	10	55	3.830702E+28	-3.951936E+28	-3.273885E+28	0	0	0	0	1	0	-79.096	-19.595	0.977	5	5	5	4	2	0	-78.277	-10.303	0.035	5	5	5	1	0	0	-87.203	-5.704	-0.466	0	0	0	0	54585917	54585926	54585926
10532	0	0	4	55	-85.554	-23.151	2.207	0	0	0	0	5	55	-83.625	-37.567	2.943	0	0	0	0	6	55	-84.482	-31.413	12.925	0	0	0	0	7	55	-82.102	-28.179	-8.713	0	0	0	0	8	55	-86.496	-55.678	-1.883	0	0	0	0	9	55	-155.014	-2.102	4.397	0	0	0	0	10	55	3.816731E+28	-3.95828E+28	-3.282526E+28	0	0	0	0	1	0	-79.096	-19.595	0.977	5	5	5	4	2	0	-78.277	-10.303	0.035	5	5	5	1	0	0	-87.203	-5.704	-0.466	0	0	0	0	54585934	54585942	0
10532	0	0	4	55	-85.554	-23.151	2.207	0	0	0	0	5	55	-83.625	-37.567	2.943	0	0	0	0	6	55	-84.482	-31.413	12.925	0	0	0	0	7	55	-82.102	-28.179	-8.713	0	0	0	0	8	55	-86.496	-55.678	-1.883	0	0	0	0	9	55	-155.014	-2.102	4.397	0	0	0	0	10	55	3.816731E+28	-3.95828E+28	-3.282526E+28	0	0	0	0	1	0	-79.096	-19.595	0.977	5	5	5	4	2	0	-78.277	-10.303	0.035	5	5	5	1	0	0	-87.203	-5.704	-0.466	0	0	0	0	54585934	54585943	54585943
10548	0	0	4	55	-85.378	-23.039	2.302	0	0	0	0	5	55	-83.394	-37.477	3.165	0	0	0	0	6	55	-84.403	-31.313	12.98	0	0	0	0	7	55	-81.842	-28.124	-8.811	0	0	0	0	8	55	-86.472	-55.669	-1.781	0	0	0	0	9	55	-154.799	-1.838	4.431	0	0	0	0	10	55	3.811511E+28	-3.96222E+28	-3.283838E+28	0	0	0	0	1	0	-79.096	-19.595	0.977	5	5	5	4	2	0	-78.277	-10.303	0.035	5	5	5	1	0	0	-87.203	-5.704	-0.466	0	0	0	0	54585951	54585959	0
10549	0	0	4	55	-85.378	-23.039	2.302	0	0	0	0	5	55	-83.394	-37.477	3.165	0	0	0	0	6	55	-84.403	-31.313	12.98	0	0	0	0	7	55	-81.842	-28.124	-8.811	0	0	0	0	8	55	-86.472	-55.669	-1.781	0	0	0	0	9	55	-154.799	-1.838	4.431	0	0	0	0	10	55	3.81151E+28	-3.962221E+28	-3.283838E+28	0	0	0	0	1	0	-79.096	-19.595	0.977	5	5	5	4	2	0	-78.277	-10.303	0.035	5	5	5	1	0	0	-87.203	-5.704	-0.466	0	0	0	0	54585951	54585959	54585959
10565	0	0	4	55	-85.186	-22.987	2.272	0	0	0	0	5	55	-83.496	-37.365	2.986	0	0	0	0	6	55	-84.401	-31.247	12.964	0	0	0	0	7	55	-81.67	-27.866	-8.742	0	0	0	0	8	55	-86.552	-55.504	-1.763	0	0	0	0	9	55	-154.597	-1.624	4.454	0	0	0	0	10	55	3.809099E+28	-3.96482E+28	-3.283499E+28	0	0	0	0	1	0	-79.096	-19.595	0.977	5	5	5	4	2	0	-78.277	-10.303	0.035	5	5	5	1	0	0	-87.203	-5.704	-0.466	0	0	0	0	54585967	54585976	54585976
10582	0	0	4	55	-85.098	-22.882	2.275	0	0	0	0	5	55	-83.301	-37.343	3.082	0	0	0	0	6	55	-84.201	-31.273	13.021	0	0	0	0	7	55	-81.562	-27.676	-8.672	0	0	0	0	8	55	-86.456	-55.553	-1.915	0	0	0	0	9	55	-154.441	-1.718	4.203	0	0	0	0	10	55	3.815864E+28	-3.96705E+28	-3.272934E+28	0	0	0	0	1	0	-79.096	-19.595	0.977	5	5	5	4	2	0	-78.277	-10.303	0.035	5	5	5	1	0	0	-87.203	-5.704	-0.466	0	0	0	0	54585984	54585992	0
10582	0	0	4	55	-85.098	-22.882	2.275	0	0	0	0	5	55	-83.301	-37.343	3.082	0	0	0	0	6	55	-84.201	-31.273	13.021	0	0	0	0	7	55	-81.562	-27.676	-8.672	0	0	0	0	8	55	-86.456	-55.553	-1.915	0	0	0	0	9	55	-154.441	-1.718	4.203	0	0	0	0	10	55	3.815864E+28	-3.96705E+28	-3.272933E+28	0	0	0	0	1	0	-79.096	-19.595	0.977	5	5	5	4	2	0	-78.277	-10.303	0.035	5	5	5	1	0	0	-87.203	-5.704	-0.466	0	0	0	0	54585984	54585993	54585993
10598	0	0	4	55	-85.179	-22.847	2.155	0	0	0	0	5	55	-83.314	-37.369	2.937	0	0	0	0	6	55	-84.397	-31.219	12.973	0	0	0	0	7	55	-81.79	-27.976	-8.894	0	0	0	0	8	55	-86.654	-55.421	-1.88	0	0	0	0	9	55	-154.668	-1.677	4.239	0	0	0	0	10	55	3.830358E+28	-3.957672E+28	-3.267351E+28	0	0	0	0	1	0	-79.096	-19.595	0.977	5	5	5	4	2	0	-78.277	-10.303	0.035	5	5	5	1	0	0	-87.203	-5.704	-0.466	0	0	0	0	54586000	54586009	0
10599	0	0	4	55	-85.179	-22.847	2.155	0	0	0	0	5	55	-83.314	-37.369	2.937	0	0	0	0	6	55	-84.397	-31.219	12.973	0	0	0	0	7	55	-81.79	-27.976	-8.894	0	0	0	0	8	55	-86.654	-55.421	-1.88	0	0	0	0	9	55	-154.669	-1.677	4.239	0	0	0	0	10	55	3.830358E+28	-3.957672E+28	-3.267351E+28	0	0	0	0	1	0	-79.096	-19.595	0.977	5	5	5	4	2	0	-78.277	-10.303	0.035	5	5	5	1	0	0	-87.203	-5.704	-0.466	0	0	0	0	54586000	54586009	54586009
10615	0	0	4	55	-85.04	-22.893	2.191	0	0	0	0	5	55	-83.15	-37.469	2.795	0	0	0	0	6	55	-84.273	-31.416	12.962	0	0	0	0	7	55	-81.627	-27.888	-8.897	0	0	0	0	8	55	-86.378	-55.56	-2.042	0	0	0	0	9	55	-154.454	-1.661	4.172	0	0	0	0	10	55	3.829206E+28	-3.960226E+28	-3.265606E+28	0	0	0	0	1	0	-79.096	-19.595	0.977	5	5	5	4	2	0	-78.277	-10.303	0.035	5	5	5	1	0	0	-87.203	-5.704	-0.466	0	0	0	0	54586017	54586026	54586026
10632	0	0	4	55	-85.027	-22.825	2.058	0	0	0	0	5	55	-83.029	-37.394	2.696	0	0	0	0	6	55	-84.206	-31.317	12.842	0	0	0	0	7	55	-81.501	-28.012	-8.885	0	0	0	0	8	55	-86.389	-55.444	-2.225	0	0	0	0	9	55	-154.336	-1.626	3.982	0	0	0	0	10	55	3.842256E+28	-3.951372E+28	-3.261E+28	0	0	0	0	1	0	-79.096	-19.595	0.977	5	5	5	4	2	0	-78.277	-10.303	0.035	5	5	5	1	0	0	-87.203	-5.704	-0.466	0	0	0	0	54586034	54586043	0
10632	0	0	4	55	-85.027	-22.825	2.058	0	0	0	0	5	55	-83.029	-37.394	2.696	0	0	0	0	6	55	-84.206	-31.317	12.842	0	0	0	0	7	55	-81.501	-28.012	-8.885	0	0	0	0	8	55	-86.389	-55.444	-2.225	0	0	0	0	9	55	-154.336	-1.626	3.982	0	0	0	0	10	55	3.842256E+28	-3.951372E+28	-3.261E+28	0	0	0	0	1	0	-79.096	-19.595	0.977	5	5	5	4	2	0	-78.277	-10.303	0.035	5	5	5	1	0	0	-87.203	-5.704	-0.466	0	0	0	0	54586034	54586043	54586043
10648	0	0	4	55	-84.832	-23.183	1.816	0	0	0	0	5	55	-83.037	-37.715	2.521	0	0	0	0	6	55	-84.381	-31.597	12.717	0	0	0	0	7	55	-81.525	-28.248	-8.964	0	0	0	0	8	55	-86.493	-55.666	-2.27	0	0	0	0	9	55	-154.451	-1.83	3.837	0	0	0	0	10	55	3.850666E+28	-3.943269E+28	-3.260889E+28	0	0	0	0	1	0	-79.096	-19.595	0.977	5	5	5	4	2	0	-78.277	-10.303	0.035	5	5	5	1	0	0	-87.203	-5.704	-0.466	0	0	0	0	54586050	54586059	0
10648	0	0	4	55	-84.832	-23.183	1.816	0	0	0	0	5	55	-83.037	-37.715	2.521	0	0	0	0	6	55	-84.381	-31.597	12.717	0	0	0	0	7	55	-81.525	-28.248	-8.964	0	0	0	0	8	55	-86.493	-55.666	-2.27	0	0	0	0	9	55	-154.451	-1.83	3.837	0	0	0	0	10	55	3.850665E+28	-3.943268E+28	-3.26089E+28	0	0	0	0	1	0	-79.096	-19.595	0.977	5	5	5	4	2	0	-78.277	-10.303	0.035	5	5	5	1	0	0	-87.203	-5.704	-0.466	0	0	0	0	54586050	54586059	54586059
10665	0	0	4	55	-84.831	-23.208	1.903	0	0	0	0	5	55	-83.013	-37.693	2.604	0	0	0	0	6	55	-84.251	-31.517	12.821	0	0	0	0	7	55	-81.489	-28.529	-9.066	0	0	0	0	8	55	-86.528	-55.574	-2.301	0	0	0	0	9	55	-154.459	-1.798	3.74	0	0	0	0	10	55	3.853903E+28	-3.94781E+28	-3.251557E+28	0	0	0	0	1	0	-79.096	-19.595	0.977	5	5	5	4	2	0	-78.277	-10.303	0.035	5	5	5	1	0	0	-87.203	-5.704	-0.466	0	0	0	0	54586066	54586076	54586076
10682	0	0	4	55	-84.629	-23	1.933	0	0	0	0	5	55	-82.824	-37.556	2.55	0	0	0	0	6	55	-84.043	-31.324	12.882	0	0	0	0	7	55	-81.223	-28.23	-9.073	0	0	0	0	8	55	-86.501	-55.376	-2.309	0	0	0	0	9	55	-153.973	-1.297	3.909	0	0	0	0	10	55	3.846238E+28	-3.952492E+28	-3.254943E+28	0	0	0	0	1	0	-79.096	-19.595	0.977	5	5	5	4	2	0	-78.277	-10.303	0.035	5	5	5	1	0	0	-87.203	-5.704	-0.466	0	0	0	0	54586084	54586092	0
10682	0	0	4	55	-84.629	-23	1.933	0	0	0	0	5	55	-82.824	-37.556	2.55	0	0	0	0	6	55	-84.043	-31.324	12.882	0	0	0	0	7	55	-81.223	-28.23	-9.073	0	0	0	0	8	55	-86.501	-55.376	-2.309	0	0	0	0	9	55	-153.973	-1.297	3.909	0	0	0	0	10	55	3.846238E+28	-3.952492E+28	-3.254943E+28	0	0	0	0	1	0	-79.096	-19.595	0.977	5	5	5	4	2	0	-78.277	-10.303	0.035	5	5	5	1	0	0	-87.203	-5.704	-0.466	0	0	0	0	54586084	54586093	54586093
10698	0	0	4	55	-84.741	-23.205	1.861	0	0	0	0	5	55	-82.995	-37.808	2.528	0	0	0	0	6	55	-84.044	-31.588	12.871	0	0	0	0	7	55	-81.426	-28.736	-9.295	0	0	0	0	8	55	-86.615	-55.58	-2.29	0	0	0	0	9	55	-154.172	-1.604	3.649	0	0	0	0	10	55	3.857813E+28	-3.94532E+28	-3.249942E+28	0	0	0	0	1	0	-79.096	-19.595	0.977	5	5	5	4	2	0	-78.277	-10.303	0.035	5	5	5	1	0	0	-87.203	-5.704	-0.466	0	0	0	0	54586100	54586109	0
10699	0	0	4	55	-84.741	-23.205	1.861	0	0	0	0	5	55	-82.995	-37.808	2.528	0	0	0	0	6	55	-84.044	-31.587	12.871	0	0	0	0	7	55	-81.426	-28.736	-9.295	0	0	0	0	8	55	-86.615	-55.58	-2.29	0	0	0	0	9	55	-154.172	-1.604	3.649	0	0	0	0	10	55	3.857813E+28	-3.945321E+28	-3.249942E+28	0	0	0	0	1	0	-79.096	-19.595	0.977	5	5	5	4	2	0	-78.277	-10.303	0.035	5	5	5	1	0	0	-87.203	-5.704	-0.466	0	0	0	0	54586101	54586109	54586109
10715	0	0	4	55	-84.61	-23.202	1.8	0	0	0	0	5	55	-83.02	-37.759	2.585	0	0	0	0	6	55	-84.022	-31.546	12.906	0	0	0	0	7	55	-81.378	-28.555	-9.157	0	0	0	0	8	55	-86.541	-55.605	-2.315	0	0	0	0	9	55	-154.234	-1.508	3.66	0	0	0	0	10	55	3.854457E+28	-3.945254E+28	-3.254002E+28	0	0	0	0	1	0	-79.096	-19.595	0.977	5	5	5	4	2	0	-78.277	-10.303	0.035	5	5	5	1	0	0	-87.203	-5.704	-0.466	0	0	0	0	54586117	54586126	54586126
10732	0	0	4	55	-84.617	-23.228	1.824	0	0	0	0	5	55	-82.98	-37.866	2.507	0	0	0	0	6	55	-83.947	-31.605	12.861	0	0	0	0	7	55	-81.606	-28.802	-9.336	0	0	0	0	8	55	-86.586	-55.628	-2.287	0	0	0	0	9	55	-154.265	-1.575	3.574	0	0	0	0	10	55	3.851835E+28	-3.950174E+28	-3.251136E+28	0	0	0	0	1	0	-79.096	-19.595	0.977	5	5	5	4	2	0	-78.277	-10.303	0.035	5	5	5	1	0	0	-87.203	-5.704	-0.466	0	0	0	0	54586134	54586142	0
10732	0	0	4	55	-84.617	-23.228	1.824	0	0	0	0	5	55	-82.98	-37.866	2.507	0	0	0	0	6	55	-83.947	-31.605	12.861	0	0	0	0	7	55	-81.606	-28.802	-9.336	0	0	0	0	8	55	-86.586	-55.628	-2.287	0	0	0	0	9	55	-154.265	-1.575	3.574	0	0	0	0	10	55	3.851835E+28	-3.950174E+28	-3.251136E+28	0	0	0	0	1	0	-79.096	-19.595	0.977	5	5	5	4	2	0	-78.277	-10.303	0.035	5	5	5	1	0	0	-87.203	-5.704	-0.466	0	0	0	0	54586135	54586143	54586143
10749	0	0	4	55	-84.83	-23.508	1.691	0	0	0	0	5	55	-83.252	-38.116	2.375	0	0	0	0	6	55	-84.109	-31.848	12.829	0	0	0	0	7	55	-81.88	-29.56	-9.46	0	0	0	0	8	55	-86.934	-55.812	-2.336	0	0	0	0	9	55	-154.844	-1.754	3.535	0	0	0	0	10	55	3.857751E+28	-3.941442E+28	-3.254718E+28	0	0	0	0	1	0	-79.096	-19.595	0.977	5	5	5	4	2	0	-78.277	-10.303	0.035	5	5	5	1	0	0	-87.203	-5.704	-0.466	0	0	0	0	54586151	54586159	0
10749	0	0	4	55	-84.83	-23.508	1.691	0	0	0	0	5	55	-83.252	-38.116	2.375	0	0	0	0	6	55	-84.109	-31.848	12.829	0	0	0	0	7	55	-81.88	-29.56	-9.46	0	0	0	0	8	55	-86.934	-55.812	-2.336	0	0	0	0	9	55	-154.844	-1.754	3.535	0	0	0	0	10	55	3.85775E+28	-3.941442E+28	-3.254719E+28	0	0	0	0	1	0	-79.096	-19.595	0.977	5	5	5	4	2	0	-78.277	-10.303	0.035	5	5	5	1	0	0	-87.203	-5.704	-0.466	0	0	0	0	54586151	54586159	54586159
10765	0	0	4	55	-84.986	-23.803	1.695	0	0	0	0	5	55	-83.33	-38.328	2.395	0	0	0	0	6	55	-84.247	-32.158	12.718	0	0	0	0	7	55	-82.159	-29.346	-9.551	0	0	0	0	8	55	-86.831	-56.138	-2.446	0	0	0	0	9	55	-155.101	-2.059	3.611	0	0	0	0	10	55	3.861281E+28	-3.930741E+28	-3.263461E+28	0	0	0	0	1	0	-79.096	-19.595	0.977	5	5	5	4	2	0	-78.277	-10.303	0.035	5	5	5	1	0	0	-87.203	-5.704	-0.466	0	0	0	0	54586168	54586176	54586176
10782	0	0	4	55	-85.107	-24.005	1.573	0	0	0	0	5	55	-83.655	-38.328	2.348	0	0	0	0	6	55	-84.419	-32.285	12.743	0	0	0	0	7	55	-82.378	-29.443	-9.485	0	0	0	0	8	55	-87.295	-55.989	-2.441	0	0	0	0	9	55	-155.656	-1.918	3.42	0	0	0	0	10	55	3.84764E+28	-3.944174E+28	-3.263365E+28	0	0	0	0	1	0	-79.096	-19.595	0.977	5	5	5	4	2	0	-78.277	-10.303	0.035	5	5	5	1	0	0	-87.203	-5.704	-0.466	0	0	0	0	54586183	54586192	0
10782	0	0	4	55	-85.107	-24.005	1.573	0	0	0	0	5	55	-83.655	-38.328	2.348	0	0	0	0	6	55	-84.419	-32.285	12.743	0	0	0	0	7	55	-82.378	-29.443	-9.485	0	0	0	0	8	55	-87.295	-55.989	-2.441	0	0	0	0	9	55	-155.656	-1.918	3.42	0	0	0	0	10	55	3.847639E+28	-3.944174E+28	-3.263366E+28	0	0	0	0	1	0	-79.096	-19.595	0.977	5	5	5	4	2	0	-78.277	-10.303	0.035	5	5	5	1	0	0	-87.203	-5.704	-0.466	0	0	0	0	54586183	54586192	54586192
10799	0	0	4	55	-85.285	-24.598	1.492	0	0	0	0	5	55	-84.109	-38.569	2.362	0	0	0	0	6	55	-84.817	-32.626	12.953	0	0	0	0	7	55	-83.05	-29.84	-9.854	0	0	0	0	8	55	-87.632	-56.135	-2.505	0	0	0	0	9	55	-156.631	-1.878	3.353	0	0	0	0	10	55	3.846661E+28	-3.941849E+28	-3.267325E+28	0	0	0	0	1	0	-79.096	-19.595	0.977	5	5	5	4	2	0	-78.277	-10.303	0.035	5	5	5	1	0	0	-87.203	-5.704	-0.466	0	0	0	0	54586199	0	0
10799	0	0	4	55	-85.285	-24.598	1.492	0	0	0	0	5	55	-84.109	-38.569	2.362	0	0	0	0	6	55	-84.817	-32.626	12.953	0	0	0	0	7	55	-83.05	-29.84	-9.854	0	0	0	0	8	55	-87.632	-56.135	-2.505	0	0	0	0	9	55	-156.631	-1.878	3.353	0	0	0	0	10	55	3.846661E+28	-3.941849E+28	-3.267326E+28	0	0	0	0	1	0	-79.096	-19.595	0.977	5	5	5	4	2	0	-78.277	-10.303	0.035	5	5	5	1	0	0	-87.203	-5.704	-0.466	0	0	0	0	54586199	54586210	54586210
10815	0	0	4	55	-85.531	-24.969	1.468	0	0	0	0	5	55	-84.559	-38.786	2.326	0	0	0	0	6	55	-85.128	-33.003	12.947	0	0	0	0	7	55	-83.126	-30.054	-9.827	0	0	0	0	8	55	-87.961	-56.33	-2.438	0	0	0	0	9	55	-156.938	-1.876	3.563	0	0	0	0	10	55	3.852662E+28	-3.938763E+28	-3.263975E+28	0	0	0	0	1	0	-79.096	-19.595	0.977	5	5	5	4	2	0	-78.277	-10.303	0.035	5	5	5	1	0	0	-87.203	-5.704	-0.466	0	0	0	0	54586217	54586226	54586226
10832	0	0	4	55	-86.343	-25.218	1.563	0	0	0	0	5	55	-85.611	-38.873	2.509	0	0	0	0	6	55	-86.134	-33.166	13.244	0	0	0	0	7	55	-84.15	-30.269	-9.627	0	0	0	0	8	55	-88.444	-56.437	-2.504	0	0	0	0	9	55	-157.563	-1.668	4.07	0	0	0	0	10	55	3.857118E+28	-3.938005E+28	-3.259624E+28	0	0	0	0	1	0	-79.096	-19.595	0.977	5	5	5	4	2	0	-78.277	-10.303	0.035	5	5	5	1	0	0	-87.203	-5.704	-0.466	0	0	0	0	54586234	54586243	0
10832	0	0	4	55	-86.343	-25.218	1.563	0	0	0	0	5	55	-85.611	-38.873	2.509	0	0	0	0	6	55	-86.134	-33.166	13.244	0	0	0	0	7	55	-84.15	-30.269	-9.627	0	0	0	0	8	55	-88.444	-56.437	-2.504	0	0	0	0	9	55	-157.563	-1.668	4.07	0	0	0	0	10	55	3.857118E+28	-3.938006E+28	-3.259624E+28	0	0	0	0	1	0	-79.096	-19.595	0.977	5	5	5	4	2	0	-78.277	-10.303	0.035	5	5	5	1	0	0	-87.203	-5.704	-0.466	0	0	0	0	54586234	54586243	54586243
10848	0	0	4	55	-87.32	-25.347	1.871	0	0	0	0	5	55	-86.559	-38.74	3.04	0	0	0	0	6	55	-86.857	-33.083	13.681	0	0	0	0	7	55	-84.703	-30.386	-9.239	0	0	0	0	8	55	-88.889	-56.278	-2.025	0	0	0	0	9	55	-158.128	-1.99	3.868	0	0	0	0	10	55	3.870705E+28	-3.933774E+28	-3.248609E+28	0	0	0	0	1	0	-79.096	-19.595	0.977	5	5	5	4	2	0	-78.277	-10.303	0.035	5	5	5	1	0	0	-87.203	-5.704	-0.466	0	0	0	0	54586250	54586259	0
10848	0	0	4	55	-87.32	-25.347	1.871	0	0	0	0	5	55	-86.559	-38.74	3.04	0	0	0	0	6	55	-86.857	-33.083	13.681	0	0	0	0	7	55	-84.703	-30.386	-9.239	0	0	0	0	8	55	-88.889	-56.278	-2.025	0	0	0	0	9	55	-158.128	-1.99	3.868	0	0	0	0	10	55	3.870706E+28	-3.933774E+28	-3.248608E+28	0	0	0	0	1	0	-79.096	-19.595	0.977	5	5	5	4	2	0	-78.277	-10.303	0.035	5	5	5	1	0	0	-87.203	-5.704	-0.466	0	0	0	0	54586250	54586259	54586259
10865	0	0	4	55	-88.382	-26.1	2.123	0	0	0	0	5	55	-87.4	-39.239	3.368	0	0	0	0	6	55	-87.604	-33.832	13.962	0	0	0	0	7	55	-85.429	-30.954	-9.243	0	0	0	0	8	55	-89.145	-56.876	-1.901	0	0	0	0	9	55	-159	-2.812	4.179	0	0	0	0	10	55	3.913418E+28	-3.889484E+28	-3.250764E+28	0	0	0	0	1	0	-79.096	-19.595	0.977	5	5	5	4	2	0	-78.277	-10.303	0.035	5	5	5	1	0	0	-87.203	-5.704	-0.466	0	0	0	0	54586267	54586276	54586276
10882	0	0	4	55	-88.95	-26.199	2.144	0	0	0	0	5	55	-87.883	-39.135	3.13	0	0	0	0	6	55	-87.993	-33.792	14.18	0	0	0	0	7	55	-85.898	-30.855	-9.068	0	0	0	0	8	55	-89.054	-56.679	-1.841	0	0	0	0	9	55	-159.223	-3.223	4.108	0	0	0	0	10	55	3.930408E+28	-3.875693E+28	-3.246734E+28	0	0	0	0	1	0	-79.096	-19.595	0.977	5	5	5	4	2	0	-78.277	-10.303	0.035	5	5	5	1	0	0	-87.203	-5.704	-0.466	0	0	0	0	54586284	54586292	0
10882	0	0	4	55	-88.95	-26.199	2.144	0	0	0	0	5	55	-87.883	-39.135	3.13	0	0	0	0	6	55	-87.993	-33.792	14.18	0	0	0	0	7	55	-85.898	-30.855	-9.068	0	0	0	0	8	55	-89.054	-56.679	-1.841	0	0	0	0	9	55	-159.223	-3.223	4.108	0	0	0	0	10	55	3.930409E+28	-3.875693E+28	-3.246734E+28	0	0	0	0	1	0	-79.096	-19.595	0.977	5	5	5	4	2	0	-78.277	-10.303	0.035	5	5	5	1	0	0	-87.203	-5.704	-0.466	0	0	0	0	54586284	54586292	54586292
10899	0	0	4	55	-89.082	-25.404	2.433	0	0	0	0	5	55	-88.265	-38.256	3.388	0	0	0	0	6	55	-88.065	-32.948	14.547	0	0	0	0	7	55	-85.86	-30.261	-8.726	0	0	0	0	8	55	-88.665	-55.748	-1.594	0	0	0	0	9	55	-158.927	-2.378	4.533	0	0	0	0	10	55	3.913594E+28	-3.887701E+28	-3.252684E+28	0	0	0	0	1	0	-79.096	-19.595	0.977	5	5	5	4	2	0	-78.277	-10.303	0.035	5	5	5	1	0	0	-87.203	-5.704	-0.466	0	0	0	0	54586301	54586309	0
10899	0	0	4	55	-89.082	-25.404	2.433	0	0	0	0	5	55	-88.265	-38.256	3.388	0	0	0	0	6	55	-88.065	-32.948	14.547	0	0	0	0	7	55	-85.86	-30.261	-8.726	0	0	0	0	8	55	-88.665	-55.748	-1.594	0	0	0	0	9	55	-158.927	-2.378	4.533	0	0	0	0	10	55	3.913594E+28	-3.887701E+28	-3.252684E+28	0	0	0	0	1	0	-79.096	-19.595	0.977	5	5	5	4	2	0	-78.277	-10.303	0.035	5	5	5	1	0	0	-87.203	-5.704	-0.466	0	0	0	0	54586301	54586309	54586309
10915	0	0	4	55	-89.295	-25.169	2.404	0	0	0	0	5	55	-88.345	-38.077	3.314	0	0	0	0	6	55	-88.197	-32.802	14.593	0	0	0	0	7	55	-86.06	-30.152	-8.776	0	0	0	0	8	55	-88.618	-55.533	-1.574	0	0	0	0	9	55	-158.888	-2.328	4.682	0	0	0	0	10	55	3.918149E+28	-3.883081E+28	-3.252721E+28	0	0	0	0	1	0	-79.096	-19.595	0.977	5	5	5	4	2	0	-78.277	-10.303	0.035	5	5	5	1	0	0	-87.203	-5.704	-0.466	0	0	0	0	54586317	54586326	54586326
10932	0	0	4	55	-89.127	-25.286	2.052	0	0	0	0	5	55	-88.472	-37.907	3.032	0	0	0	0	6	55	-88.177	-32.883	14.384	0	0	0	0	7	55	-85.924	-30.432	-9.341	0	0	0	0	8	55	-88.313	-55.431	-1.646	0	0	0	0	9	55	-158.888	-2.565	4.384	0	0	0	0	10	55	3.940972E+28	-3.865209E+28	-3.246428E+28	0	0	0	0	1	0	-79.096	-19.595	0.977	5	5	5	4	2	0	-78.277	-10.303	0.035	5	5	5	1	0	0	-87.203	-5.704	-0.466	0	0	0	0	54586334	54586343	0
10932	0	0	4	55	-89.127	-25.286	2.052	0	0	0	0	5	55	-88.472	-37.907	3.032	0	0	0	0	6	55	-88.177	-32.883	14.384	0	0	0	0	7	55	-85.924	-30.432	-9.341	0	0	0	0	8	55	-88.313	-55.431	-1.646	0	0	0	0	9	55	-158.888	-2.565	4.384	0	0	0	0	10	55	3.940972E+28	-3.865209E+28	-3.246428E+28	0	0	0	0	1	0	-79.096	-19.595	0.977	5	5	5	4	2	0	-78.277	-10.303	0.035	5	5	5	1	0	0	-87.203	-5.704	-0.466	0	0	0	0	54586334	54586343	54586343
10948	0	0	4	55	-88.396	-25.2	2.039	0	0	0	0	5	55	-88.088	-37.571	2.714	0	0	0	0	6	55	-87.795	-32.633	14.534	0	0	0	0	7	55	-85.277	-30.368	-9.883	0	0	0	0	8	55	-88.113	-54.991	-1.794	0	0	0	0	9	55	-157.85	-1.965	4.004	0	0	0	0	10	55	3.936844E+28	-3.866207E+28	-3.250246E+28	0	0	0	0	1	0	-79.096	-19.595	0.977	5	5	5	4	2	0	-78.277	-10.303	0.035	5	5	5	1	0	0	-87.203	-5.704	-0.466	0	0	0	0	54586349	54586359	0
10949	0	0	4	55	-88.396	-25.2	2.039	0	0	0	0	5	55	-88.088	-37.571	2.714	0	0	0	0	6	55	-87.795	-32.633	14.534	0	0	0	0	7	55	-85.277	-30.368	-9.883	0	0	0	0	8	55	-88.113	-54.991	-1.794	0	0	0	0	9	55	-157.85	-1.965	4.004	0	0	0	0	10	55	3.936844E+28	-3.866207E+28	-3.250246E+28	0	0	0	0	1	0	-79.096	-19.595	0.977	5	5	5	4	2	0	-78.277	-10.303	0.035	5	5	5	1	0	0	-87.203	-5.704	-0.466	0	0	0	0	54586349	54586359	54586359
10965	0	0	4	55	-88.082	-25.069	1.946	0	0	0	0	5	55	-87.961	-37.277	2.49	0	0	0	0	6	55	-87.76	-32.591	14.539	0	0	0	0	7	55	-85.161	-30.041	-9.954	0	0	0	0	8	55	-88.192	-54.572	-2.045	0	0	0	0	9	55	-157.146	-1.476	3.673	0	0	0	0	10	55	3.935629E+28	-3.867413E+28	-3.250282E+28	0	0	0	0	1	0	-79.096	-19.595	0.977	5	5	5	4	2	0	-78.277	-10.303	0.035	5	5	5	1	0	0	-87.203	-5.704	-0.466	0	0	0	0	54586367	54586376	54586376
10982	0	0	4	55	-86.638	-24.682	1.472	0	0	0	0	5	55	-87.109	-36.711	1.771	0	0	0	0	6	55	-87.606	-32.744	13.942	0	0	0	0	7	55	-83.9	-29.629	-10.797	0	0	0	0	8	55	-88.058	-53.769	-2.406	0	0	0	0	9	55	-155.614	-0.719	2.898	0	0	0	0	10	55	3.94156E+28	-3.86727E+28	-3.243258E+28	0	0	0	0	1	0	-79.096	-19.595	0.977	5	5	5	4	2	0	-78.277	-10.303	0.035	5	5	5	1	0	0	-87.203	-5.704	-0.466	0	0	0	0	54586384	54586392	0
10982	0	0	4	55	-86.638	-24.682	1.472	0	0	0	0	5	55	-87.109	-36.711	1.771	0	0	0	0	6	55	-87.606	-32.744	13.942	0	0	0	0	7	55	-83.9	-29.629	-10.797	0	0	0	0	8	55	-88.058	-53.769	-2.406	0	0	0	0	9	55	-155.614	-0.719	2.898	0	0	0	0	10	55	3.94156E+28	-3.86727E+28	-3.243258E+28	0	0	0	0	1	0	-79.096	-19.595	0.977	5	5	5	4	2	0	-78.277	-10.303	0.035	5	5	5	1	0	0	-87.203	-5.704	-0.466	0	0	0	0	54586384	54586392	54586393
10998	0	0	4	55	-84.244	-24.237	0.514	0	0	0	0	5	55	-85.242	-36.064	0.577	0	0	0	0	6	55	-86.336	-32.169	13.509	0	0	0	0	7	55	-82.23	-30.481	-11.935	0	0	0	0	8	55	-87.443	-53.039	-2.655	0	0	0	0	9	55	-154.257	-0.229	2.274	0	0	0	0	10	55	3.952973E+28	-3.863601E+28	-3.233727E+28	0	0	0	0	1	0	-79.096	-19.595	0.977	5	5	5	4	2	0	-78.277	-10.303	0.035	5	5	5	1	0	0	-87.203	-5.704	-0.466	0	0	0	0	54586400	54586409	0
10999	0	0	4	55	-84.244	-24.237	0.514	0	0	0	0	5	55	-85.242	-36.064	0.577	0	0	0	0	6	55	-86.336	-32.169	13.509	0	0	0	0	7	55	-82.23	-30.481	-11.935	0	0	0	0	8	55	-87.443	-53.039	-2.655	0	0	0	0	9	55	-154.257	-0.229	2.274	0	0	0	0	10	55	3.952973E+28	-3.863601E+28	-3.233727E+28	0	0	0	0	1	0	-79.096	-19.595	0.977	5	5	5	4	2	0	-78.277	-10.303	0.035	5	5	5	1	0	0	-87.203	-5.704	-0.466	0	0	0	0	54586401	54586409	54586409
11015	0	0	4	55	-82.798	-23.462	0.489	0	0	0	0	5	55	-84.418	-35.253	0.506	0	0	0	0	6	55	-85.648	-31.581	13.467	0	0	0	0	7	55	-81.199	-29.458	-11.696	0	0	0	0	8	55	-87.102	-52.092	-2.986	0	0	0	0	9	55	-153.35	0.491	2.21	0	0	0	0	10	55	3.939948E+28	-3.875678E+28	-3.23517E+28	0	0	0	0	1	0	-79.096	-19.595	0.977	5	5	5	4	2	0	-78.277	-10.303	0.035	5	5	5	1	0	0	-87.203	-5.704	-0.466	0	0	0	0	54586417	54586426	54586426
11032	0	0	4	55	-80.832	-22.311	0.533	0	0	0	0	5	55	-82.45	-33.917	0.286	0	0	0	0	6	55	-83.459	-29.823	13.368	0	0	0	0	7	55	-80.546	-29.706	-11.92	0	0	0	0	8	55	-86.505	-50.656	-3.011	0	0	0	0	9	55	-152.508	1.201	2.138	0	0	0	0	10	55	3.926482E+28	-3.885162E+28	-3.240162E+28	0	0	0	0	1	1	-79.096	-19.595	0.977	5	5	5	4	2	0	-78.277	-10.303	0.035	5	5	5	1	0	0	-87.203	-5.704	-0.466	0	0	0	0	54586434	54586442	0
11032	0	0	4	55	-80.832	-22.311	0.533	0	0	0	0	5	55	-82.45	-33.917	0.286	0	0	0	0	6	55	-83.459	-29.823	13.368	0	0	0	0	7	55	-80.546	-29.706	-11.92	0	0	0	0	8	55	-86.505	-50.656	-3.011	0	0	0	0	9	55	-152.509	1.201	2.138	0	0	0	0	10	55	3.926482E+28	-3.885162E+28	-3.240163E+28	0	0	0	0	1	2	-79.096	-19.595	0.977	5	5	5	4	2	0	-78.277	-10.303	0.035	5	5	5	1	0	0	-87.203	-5.704	-0.466	0	0	0	0	54586434	54586443	54586443
11048	0	0	4	55	-80.166	-21.963	0.792	0	0	0	0	5	55	-81.531	-33.352	0.263	0	0	0	0	6	55	-82.988	-29.57	13.202	0	0	0	0	7	55	-80.226	-30.005	-11.936	0	0	0	0	8	55	-86.44	-49.759	-3.192	0	0	0	0	9	55	-152.7	1.104	2.314	0	0	0	0	10	55	3.931994E+28	-3.873478E+28	-3.24746E+28	0	0	0	0	1	2	-79.096	-19.595	0.977	5	5	5	4	2	0	-78.277	-10.303	0.035	5	5	5	1	0	0	-87.203	-5.704	-0.466	0	0	0	0	54586450	54586459	0
11049	0	0	4	55	-80.166	-21.963	0.792	0	0	0	0	5	55	-81.531	-33.352	0.263	0	0	0	0	6	55	-82.988	-29.57	13.202	0	0	0	0	7	55	-80.226	-30.005	-11.936	0	0	0	0	8	55	-86.44	-49.759	-3.192	0	0	0	0	9	55	-152.7	1.104	2.314	0	0	0	0	10	55	3.931993E+28	-3.873477E+28	-3.247461E+28	0	0	0	0	1	2	-79.096	-19.595	0.977	5	5	5	4	2	0	-78.277	-10.303	0.035	5	5	5	1	0	0	-87.203	-5.704	-0.466	0	0	0	0	54586450	54586459	54586459
11065	0	0	4	55	-80.053	-21.882	0.821	0	0	0	0	5	55	-81.129	-33.269	0.085	0	0	0	0	6	55	-82.87	-29.699	13.25	0	0	0	0	7	55	-80.231	-29.522	-11.531	0	0	0	0	8	55	-86.445	-49.51	-3.139	0	0	0	0	9	55	-152.931	0.986	2.474	0	0	0	0	10	55	3.931547E+28	-3.874688E+28	-3.246556E+28	0	0	0	0	1	2	-79.096	-19.595	0.977	5	5	5	4	2	0	-78.277	-10.303	0.035	5	5	5	1	0	0	-87.203	-5.704	-0.466	0	0	0	0	54586467	54586476	54586476
11082	0	0	4	55	-79.873	-21.793	0.669	0	0	0	0	5	55	-80.624	-33.286	-0.019	0	0	0	0	6	55	-82.832	-29.803	12.975	0	0	0	0	7	55	-80.166	-30.158	-12.081	0	0	0	0	8	55	-86.323	-49.414	-3.404	0	0	0	0	9	55	-153.863	0.561	2.68	0	0	0	0	10	55	3.933836E+28	-3.867248E+28	-3.252648E+28	0	0	0	0	1	2	-79.096	-19.595	0.977	5	5	5	4	2	0	-78.277	-10.303	0.035	5	5	5	1	0	0	-87.203	-5.704	-0.466	0	0	0	0	54586484	54586492	0
11082	0	0	4	55	-79.873	-21.793	0.669	0	0	0	0	5	55	-80.624	-33.286	-0.019	0	0	0	0	6	55	-82.832	-29.803	12.975	0	0	0	0	7	55	-80.166	-30.158	-12.081	0	0	0	0	8	55	-86.323	-49.414	-3.404	0	0	0	0	9	55	-153.863	0.561	2.68	0	0	0	0	10	55	3.933836E+28	-3.867248E+28	-3.252648E+28	0	0	0	0	1	2	-79.096	-19.595	0.977	5	5	5	4	2	0	-78.277	-10.303	0.035	5	5	5	1	0	0	-87.203	-5.704	-0.466	0	0	0	0	54586484	54586493	54586493
11098	0	0	4	55	-80.027	-21.567	1.009	0	0	0	0	5	55	-80.637	-32.955	0.015	0	0	0	0	6	55	-82.808	-29.446	13.187	0	0	0	0	7	55	-80.608	-29.69	-11.664	0	0	0	0	8	55	-86.5	-48.993	-3.19	0	0	0	0	9	55	-154.91	0.47	3.374	0	0	0	0	10	55	3.919706E+28	-3.874834E+28	-3.260669E+28	0	0	0	0	1	2	-79.096	-19.595	0.977	5	5	5	4	2	0	-78.277	-10.303	0.035	5	5	5	1	0	0	-87.203	-5.704	-0.466	0	0	0	0	54586499	54586509	0
11099	0	0	4	55	-80.027	-21.567	1.008	0	0	0	0	5	55	-80.637	-32.955	0.015	0	0	0	0	6	55	-82.808	-29.446	13.187	0	0	0	0	7	55	-80.608	-29.69	-11.664	0	0	0	0	8	55	-86.5	-48.993	-3.19	0	0	0	0	9	55	-154.91	0.47	3.374	0	0	0	0	10	55	3.919706E+28	-3.874833E+28	-3.26067E+28	0	0	0	0	1	2	-79.096	-19.595	0.977	5	5	5	4	2	0	-78.277	-10.303	0.035	5	5	5	1	0	0	-87.203	-5.704	-0.466	0	0	0	0	54586499	54586509	54586509
11115	0	0	4	55	-80.474	-21.68	0.853	0	0	0	0	5	55	-81.045	-33.077	0.031	0	0	0	0	6	55	-82.928	-29.585	13.087	0	0	0	0	7	55	-80.96	-29.554	-11.969	0	0	0	0	8	55	-86.537	-49.288	-3.222	0	0	0	0	9	55	-155.95	-0.251	3.395	0	0	0	0	10	55	3.928428E+28	-3.864541E+28	-3.262388E+28	0	0	0	0	1	2	-79.096	-19.595	0.977	5	5	5	4	2	0	-78.277	-10.303	0.035	5	5	5	1	0	0	-87.203	-5.704	-0.466	0	0	0	0	54586517	54586526	54586526
11132	0	0	4	55	-82.126	-21.158	0.921	0	0	0	0	5	55	-82.105	-32.644	0.105	0	0	0	0	6	55	-82.446	-30.066	13.291	0	0	0	0	7	55	-80.688	-29.592	-11.921	0	0	0	0	8	55	-86.532	-49.256	-3.192	0	0	0	0	9	55	-157.538	-0.738	3.81	0	0	0	0	10	55	3.900211E+28	-3.876452E+28	-3.282052E+28	0	0	0	0	1	2	-79.096	-19.595	0.977	5	5	5	4	2	0	-78.277	-10.303	0.035	5	5	5	1	0	0	-87.203	-5.704	-0.466	0	0	0	0	54586534	54586542	0
11132	0	0	4	55	-82.126	-21.158	0.921	0	0	0	0	5	55	-82.104	-32.644	0.105	0	0	0	0	6	55	-82.446	-30.066	13.291	0	0	0	0	7	55	-80.688	-29.592	-11.921	0	0	0	0	8	55	-86.532	-49.256	-3.192	0	0	0	0	9	55	-157.538	-0.738	3.81	0	0	0	0	10	55	3.900212E+28	-3.876452E+28	-3.282051E+28	0	0	0	0	1	2	-79.096	-19.595	0.977	5	5	5	4	2	0	-78.277	-10.303	0.035	5	5	5	1	0	0	-87.203	-5.704	-0.466	0	0	0	0	54586534	54586542	54586542
11149	0	0	4	55	-84.871	-20.798	0.672	0	0	0	0	5	55	-83.846	-32.628	-0.088	0	0	0	0	6	55	-83.509	-28.194	13.304	0	0	0	0	7	55	-80.131	-28.644	-11.995	0	0	0	0	8	55	-86.833	-49.691	-3.195	0	0	0	0	9	55	-159.2	-1.764	4.022	0	0	0	0	10	55	3.902688E+28	-3.880189E+28	-3.274684E+28	0	0	0	0	1	0	-79.096	-19.595	0.977	5	5	5	4	2	0	-78.277	-10.303	0.035	5	5	5	1	0	0	-87.203	-5.704	-0.466	0	0	0	0	54586551	54586559	0
11149	0	0	4	55	-84.871	-20.798	0.672	0	0	0	0	5	55	-83.846	-32.628	-0.088	0	0	0	0	6	55	-83.509	-28.194	13.304	0	0	0	0	7	55	-80.131	-28.644	-11.995	0	0	0	0	8	55	-86.833	-49.691	-3.195	0	0	0	0	9	55	-159.2	-1.764	4.022	0	0	0	0	10	55	3.902687E+28	-3.880189E+28	-3.274686E+28	0	0	0	0	1	0	-79.096	-19.595	0.977	5	5	5	4	2	0	-78.277	-10.303	0.035	5	5	5	1	0	0	-87.203	-5.704	-0.466	0	0	0	0	54586551	54586559	54586559
11165	0	0	4	55	-85.877	-21.315	0.927	0	0	0	0	5	55	-84.603	-32.989	0.123	0	0	0	0	6	55	-84.125	-29.125	12.984	0	0	0	0	7	55	-81.693	-28.149	-11.398	0	0	0	0	8	55	-86.703	-50.378	-3.106	0	0	0	0	9	55	-159.776	-2.213	3.971	0	0	0	0	10	55	3.904579E+28	-3.879554E+28	-3.273182E+28	0	0	0	0	1	0	-79.096	-19.595	0.977	5	5	5	4	2	0	-78.277	-10.303	0.035	5	5	5	1	0	0	-87.203	-5.704	-0.466	0	0	0	0	54586567	54586576	54586576
11182	0	0	4	55	-87.713	-22.319	0.638	0	0	0	0	5	55	-85.872	-34.106	0.092	0	0	0	0	6	55	-85.431	-29.342	12.852	0	0	0	0	7	55	-82.494	-28.706	-11.823	0	0	0	0	8	55	-86.97	-51.404	-2.95	0	0	0	0	9	55	-160.514	-2.704	4.088	0	0	0	0	10	55	3.901849E+28	-3.886321E+28	-3.268405E+28	0	0	0	0	1	0	-79.096	-19.595	0.977	5	5	5	4	2	0	-78.277	-10.303	0.035	5	5	5	1	0	0	-87.203	-5.704	-0.466	0	0	0	0	54586584	54586592	0
11182	0	0	4	55	-87.713	-22.319	0.638	0	0	0	0	5	55	-85.872	-34.106	0.092	0	0	0	0	6	55	-85.431	-29.342	12.852	0	0	0	0	7	55	-82.494	-28.706	-11.823	0	0	0	0	8	55	-86.97	-51.404	-2.95	0	0	0	0	9	55	-160.514	-2.704	4.088	0	0	0	0	10	55	3.90185E+28	-3.886321E+28	-3.268405E+28	0	0	0	0	1	0	-79.096	-19.595	0.977	5	5	5	4	2	0	-78.277	-10.303	0.035	5	5	5	1	0	0	-87.203	-5.704	-0.466	0	0	0	0	54586585	54586592	54586592
11198	0	0	4	55	-89.103	-22.68	0.561	0	0	0	0	5	55	-86.816	-34.529	0.133	0	0	0	0	6	55	-86.166	-29.698	12.631	0	0	0	0	7	55	-84.097	-27.974	-11.455	0	0	0	0	8	55	-87.014	-52.118	-2.881	0	0	0	0	9	55	-160.866	-2.954	3.94	0	0	0	0	10	55	3.898708E+28	-3.891691E+28	-3.265764E+28	0	0	0	0	1	0	-79.096	-19.595	0.977	5	5	5	4	2	0	-78.277	-10.303	0.035	5	5	5	1	0	0	-87.203	-5.704	-0.466	0	0	0	0	54586600	54586609	0
11198	0	0	4	55	-89.103	-22.68	0.561	0	0	0	0	5	55	-86.816	-34.529	0.133	0	0	0	0	6	55	-86.166	-29.698	12.631	0	0	0	0	7	55	-84.097	-27.974	-11.455	0	0	0	0	8	55	-87.013	-52.118	-2.881	0	0	0	0	9	55	-160.866	-2.954	3.94	0	0	0	0	10	55	3.898708E+28	-3.89169E+28	-3.265764E+28	0	0	0	0	1	0	-79.096	-19.595	0.977	5	5	5	4	2	0	-78.277	-10.303	0.035	5	5	5	1	0	0	-87.203	-5.704	-0.466	0	0	0	0	54586600	54586609	54586609
11215	0	0	4	55	-89.59	-22.877	0.618	0	0	0	0	5	55	-87.296	-34.885	0.082	0	0	0	0	6	55	-86.497	-29.892	12.497	0	0	0	0	7	55	-84.5	-28.373	-11.365	0	0	0	0	8	55	-87.074	-52.512	-2.867	0	0	0	0	9	55	-161.006	-3.182	3.875	0	0	0	0	10	55	3.902996E+28	-3.889221E+28	-3.263584E+28	0	0	0	0	1	0	-79.096	-19.595	0.977	5	5	5	4	2	0	-78.277	-10.303	0.035	5	5	5	1	0	0	-87.203	-5.704	-0.466	0	0	0	0	54586617	54586626	54586626
11232	0	0	4	55	-90.517	-23.004	0.742	0	0	0	0	5	55	-88.057	-35.144	0.38	0	0	0	0	6	55	-87.037	-29.896	12.525	0	0	0	0	7	55	-85.555	-28.295	-11.008	0	0	0	0	8	55	-87.117	-52.951	-2.632	0	0	0	0	9	55	-161.151	-3.57	3.878	0	0	0	0	10	55	3.909443E+28	-3.890298E+28	-3.254571E+28	0	0	0	0	1	0	-79.096	-19.595	0.977	5	5	5	4	2	0	-78.277	-10.303	0.035	5	5	5	1	0	0	-87.203	-5.704	-0.466	0	0	0	0	54586634	54586643	0
11233	0	0	4	55	-90.517	-23.004	0.742	0	0	0	0	5	55	-88.057	-35.144	0.38	0	0	0	0	6	55	-87.037	-29.896	12.525	0	0	0	0	7	55	-85.555	-28.295	-11.008	0	0	0	0	8	55	-87.117	-52.951	-2.632	0	0	0	0	9	55	-161.151	-3.57	3.878	0	0	0	0	10	55	3.909444E+28	-3.890298E+28	-3.254571E+28	0	0	0	0	1	0	-79.096	-19.595	0.977	5	5	5	4	2	0	-78.277	-10.303	0.035	5	5	5	1	0	0	-87.203	-5.704	-0.466	0	0	0	0	54586634	54586643	54586643
11248	0	0	4	55	-91.275	-22.971	0.784	0	0	0	0	5	55	-88.801	-35.429	0.591	0	0	0	0	6	55	-87.658	-29.998	12.229	0	0	0	0	7	55	-86.146	-28.444	-10.898	0	0	0	0	8	55	-87.328	-53.383	-2.619	0	0	0	0	9	55	-161.356	-4.206	3.55	0	0	0	0	10	55	3.911207E+28	-3.890008E+28	-3.252798E+28	0	0	0	0	1	0	-79.096	-19.595	0.977	5	5	5	4	2	0	-78.277	-10.303	0.035	5	5	5	1	0	0	-87.203	-5.704	-0.466	0	0	0	0	54586651	54586659	0
11249	0	0	4	55	-91.275	-22.971	0.784	0	0	0	0	5	55	-88.801	-35.429	0.591	0	0	0	0	6	55	-87.658	-29.998	12.229	0	0	0	0	7	55	-86.146	-28.444	-10.898	0	0	0	0	8	55	-87.328	-53.383	-2.619	0	0	0	0	9	55	-161.356	-4.206	3.55	0	0	0	0	10	55	3.911207E+28	-3.890007E+28	-3.252799E+28	0	0	0	0	1	0	-79.096	-19.595	0.977	5	5	5	4	2	0	-78.277	-10.303	0.035	5	5	5	1	0	0	-87.203	-5.704	-0.466	0	0	0	0	54586651	54586659	54586659
11265	0	0	4	55	-91.366	-22.797	0.765	0	0	0	0	5	55	-88.803	-35.452	0.595	0	0	0	0	6	55	-87.746	-30.019	12.23	0	0	0	0	7	55	-86.363	-28.735	-10.67	0	0	0	0	8	55	-87.511	-53.281	-2.638	0	0	0	0	9	55	-161.238	-4.135	3.656	0	0	0	0	10	55	3.901181E+28	-3.897606E+28	-3.255742E+28	0	0	0	0	1	0	-79.096	-19.595	0.977	5	5	5	4	2	0	-78.277	-10.303	0.035	5	5	5	1	0	0	-87.203	-5.704	-0.466	0	0	0	0	54586667	54586675	54586675
11282	0	0	4	55	-91.275	-22.977	0.361	0	0	0	0	5	55	-89.173	-35.785	0.438	0	0	0	0	6	55	-88.096	-30.121	12.057	0	0	0	0	7	55	-86.197	-28.736	-10.877	0	0	0	0	8	55	-87.64	-53.651	-2.844	0	0	0	0	9	55	-161.18	-4.311	3.506	0	0	0	0	10	55	3.901146E+28	-3.897498E+28	-3.255914E+28	0	0	0	0	1	0	-79.096	-19.595	0.977	5	5	5	4	2	0	-78.277	-10.303	0.035	5	5	5	1	0	0	-87.203	-5.704	-0.466	0	0	0	0	54586683	54586692	0
11282	0	0	4	55	-91.275	-22.977	0.361	0	0	0	0	5	55	-89.173	-35.785	0.438	0	0	0	0	6	55	-88.096	-30.121	12.057	0	0	0	0	7	55	-86.197	-28.736	-10.877	0	0	0	0	8	55	-87.64	-53.651	-2.844	0	0	0	0	9	55	-161.18	-4.311	3.506	0	0	0	0	10	55	3.901146E+28	-3.897497E+28	-3.255914E+28	0	0	0	0	1	0	-79.096	-19.595	0.977	5	5	5	4	2	0	-78.277	-10.303	0.035	5	5	5	1	0	0	-87.203	-5.704	-0.466	0	0	0	0	54586683	54586692	54586692
11298	0	0	4	55	-90.914	-22.888	0.494	0	0	0	0	5	55	-89.095	-35.738	0.54	0	0	0	0	6	55	-88.188	-30.13	12.23	0	0	0	0	7	55	-86.429	-28.791	-10.862	0	0	0	0	8	55	-87.657	-53.73	-2.561	0	0	0	0	9	55	-160.961	-4.193	3.557	0	0	0	0	10	55	3.883769E+28	-3.912786E+28	-3.258349E+28	0	0	0	0	1	0	-79.096	-19.595	0.977	5	5	5	4	2	0	-78.277	-10.303	0.035	5	5	5	1	0	0	-87.203	-5.704	-0.466	0	0	0	0	54586700	54586709	0
11299	0	0	4	55	-90.914	-22.888	0.494	0	0	0	0	5	55	-89.095	-35.738	0.54	0	0	0	0	6	55	-88.188	-30.13	12.23	0	0	0	0	7	55	-86.429	-28.791	-10.862	0	0	0	0	8	55	-87.657	-53.73	-2.561	0	0	0	0	9	55	-160.961	-4.193	3.557	0	0	0	0	10	55	3.883768E+28	-3.912787E+28	-3.258349E+28	0	0	0	0	1	0	-79.096	-19.595	0.977	5	5	5	4	2	0	-78.277	-10.303	0.035	5	5	5	1	0	0	-87.203	-5.704	-0.466	0	0	0	0	54586700	54586709	54586709
11315	0	0	4	55	-91.044	-22.999	0.529	0	0	0	0	5	55	-89.184	-35.862	0.641	0	0	0	0	6	55	-88.267	-30.249	12.125	0	0	0	0	7	55	-86.281	-29.17	-11.024	0	0	0	0	8	55	-87.746	-54.012	-2.657	0	0	0	0	9	55	-160.922	-4.371	3.397	0	0	0	0	10	55	3.881719E+28	-3.914282E+28	-3.258994E+28	0	0	0	0	1	0	-79.096	-19.595	0.977	5	5	5	4	2	0	-78.277	-10.303	0.035	5	5	5	1	0	0	-87.203	-5.704	-0.466	0	0	0	0	54586718	54586726	54586726
11332	0	0	4	55	-91.112	-23.15	0.425	0	0	0	0	5	55	-89.18	-36.143	0.377	0	0	0	0	6	55	-88.266	-30.511	12.039	0	0	0	0	7	55	-86.402	-29.499	-11.227	0	0	0	0	8	55	-87.843	-54.254	-2.705	0	0	0	0	9	55	-160.874	-4.791	2.922	0	0	0	0	10	55	3.886215E+28	-3.913454E+28	-3.254627E+28	0	0	0	0	1	0	-79.096	-19.595	0.977	5	5	5	4	2	0	-78.277	-10.303	0.035	5	5	5	1	0	0	-87.203	-5.704	-0.466	0	0	0	0	54586733	54586742	0
11332	0	0	4	55	-91.112	-23.15	0.425	0	0	0	0	5	55	-89.18	-36.143	0.377	0	0	0	0	6	55	-88.266	-30.511	12.039	0	0	0	0	7	55	-86.402	-29.499	-11.227	0	0	0	0	8	55	-87.843	-54.254	-2.705	0	0	0	0	9	55	-160.874	-4.791	2.922	0	0	0	0	10	55	3.886216E+28	-3.913454E+28	-3.254627E+28	0	0	0	0	1	0	-79.096	-19.595	0.977	5	5	5	4	2	0	-78.277	-10.303	0.035	5	5	5	1	0	0	-87.203	-5.704	-0.466	0	0	0	0	54586733	54586742	54586742
11349	0	0	4	55	-91.109	-23.415	0.528	0	0	0	0	5	55	-89.251	-36.475	0.688	0	0	0	0	6	55	-88.38	-30.916	12.138	0	0	0	0	7	55	-86.385	-29.34	-10.903	0	0	0	0	8	55	-88.054	-54.588	-2.612	0	0	0	0	9	55	-160.699	-5.094	3.065	0	0	0	0	10	55	3.887147E+28	-3.90374E+28	-3.265165E+28	0	0	0	0	1	0	-79.096	-19.595	0.977	5	5	5	4	2	0	-78.277	-10.303	0.035	5	5	5	1	0	0	-87.203	-5.704	-0.466	0	0	0	0	54586751	54586759	0
11349	0	0	4	55	-91.109	-23.415	0.528	0	0	0	0	5	55	-89.251	-36.475	0.688	0	0	0	0	6	55	-88.38	-30.916	12.138	0	0	0	0	7	55	-86.385	-29.34	-10.903	0	0	0	0	8	55	-88.054	-54.588	-2.612	0	0	0	0	9	55	-160.699	-5.094	3.065	0	0	0	0	10	55	3.887146E+28	-3.90374E+28	-3.265166E+28	0	0	0	0	1	0	-79.096	-19.595	0.977	5	5	5	4	2	0	-78.277	-10.303	0.035	5	5	5	1	0	0	-87.203	-5.704	-0.466	0	0	0	0	54586751	54586760	54586760
11365	0	0	4	55	-91.032	-23.613	0.269	0	0	0	0	5	55	-89.118	-36.736	0.46	0	0	0	0	6	55	-88.349	-31.084	12.035	0	0	0	0	7	55	-86.237	-29.663	-11.061	0	0	0	0	8	55	-88.003	-54.848	-2.664	0	0	0	0	9	55	-160.477	-5.188	3.006	0	0	0	0	10	55	3.894488E+28	-3.903205E+28	-3.257046E+28	0	0	0	0	1	0	-79.096	-19.595	0.977	5	5	5	4	2	0	-78.277	-10.303	0.035	5	5	5	1	0	0	-87.203	-5.704	-0.466	0	0	0	0	54586767	54586776	54586776
11382	0	0	4	55	-90.635	-23.651	0.449	0	0	0	0	5	55	-88.868	-36.803	0.419	0	0	0	0	6	55	-88.048	-31.223	12.183	0	0	0	0	7	55	-86.002	-29.631	-10.915	0	0	0	0	8	55	-87.904	-54.93	-2.648	0	0	0	0	9	55	-159.908	-4.875	3.116	0	0	0	0	10	55	3.887382E+28	-3.908911E+28	-3.258691E+28	0	0	0	0	1	0	-79.096	-19.595	0.977	5	5	5	4	2	0	-78.277	-10.303	0.035	5	5	5	1	0	0	-87.203	-5.704	-0.466	0	0	0	0	54586784	54586792	0
11382	0	0	4	55	-90.635	-23.651	0.449	0	0	0	0	5	55	-88.868	-36.803	0.419	0	0	0	0	6	55	-88.048	-31.223	12.183	0	0	0	0	7	55	-86.002	-29.631	-10.915	0	0	0	0	8	55	-87.904	-54.93	-2.648	0	0	0	0	9	55	-159.908	-4.875	3.116	0	0	0	0	10	55	3.887382E+28	-3.908911E+28	-3.258691E+28	0	0	0	0	1	0	-79.096	-19.595	0.977	5	5	5	4	2	0	-78.277	-10.303	0.035	5	5	5	1	0	0	-87.203	-5.704	-0.466	0	0	0	0	54586784	54586793	54586793
11398	0	0	4	55	-90.195	-23.696	0.488	0	0	0	0	5	55	-88.361	-36.816	0.368	0	0	0	0	6	55	-87.559	-31.42	12.266	0	0	0	0	7	55	-85.567	-29.958	-10.89	0	0	0	0	8	55	-87.776	-55.006	-2.788	0	0	0	0	9	55	-158.895	-4.387	3.031	0	0	0	0	10	55	3.885762E+28	-3.910599E+28	-3.258599E+28	0	0	0	0	1	0	-79.096	-19.595	0.977	5	5	5	4	2	0	-78.277	-10.303	0.035	5	5	5	1	0	0	-87.203	-5.704	-0.466	0	0	0	0	54586800	54586809	0
11398	0	0	4	55	-90.195	-23.697	0.488	0	0	0	0	5	55	-88.361	-36.816	0.368	0	0	0	0	6	55	-87.559	-31.42	12.266	0	0	0	0	7	55	-85.567	-29.958	-10.89	0	0	0	0	8	55	-87.776	-55.006	-2.788	0	0	0	0	9	55	-158.895	-4.387	3.031	0	0	0	0	10	55	3.885763E+28	-3.910598E+28	-3.258599E+28	0	0	0	0	1	0	-79.096	-19.595	0.977	5	5	5	4	2	0	-78.277	-10.303	0.035	5	5	5	1	0	0	-87.203	-5.704	-0.466	0	0	0	0	54586800	54586809	54586809
11415	0	0	4	55	-89.807	-23.698	0.704	0	0	0	0	5	55	-88.016	-36.837	0.47	0	0	0	0	6	55	-87.246	-31.551	12.267	0	0	0	0	7	55	-85.284	-29.915	-11.048	0	0	0	0	8	55	-87.63	-55.095	-2.909	0	0	0	0	9	55	-158.399	-4.117	2.998	0	0	0	0	10	55	3.886498E+28	-3.909385E+28	-3.259177E+28	0	0	0	0	1	0	-79.096	-19.595	0.977	5	5	5	4	2	0	-78.277	-10.303	0.035	5	5	5	1	0	0	-87.203	-5.704	-0.466	0	0	0	0	54586817	54586826	54586826
11432	0	0	4	55	-88.946	-23.651	0.7	0	0	0	0	5	55	-87.175	-36.962	0.504	0	0	0	0	6	55	-86.503	-31.776	12.249	0	0	0	0	7	55	-84.403	-30.202	-11.087	0	0	0	0	8	55	-87.441	-55.239	-2.671	0	0	0	0	9	55	-157.447	-3.662	2.747	0	0	0	0	10	55	3.882327E+28	-3.912343E+28	-3.260599E+28	0	0	0	0	1	0	-79.096	-19.595	0.977	5	5	5	4	2	0	-78.277	-10.303	0.035	5	5	5	1	0	0	-87.203	-5.704	-0.466	0	0	0	0	54586834	54586842	0
11432	0	0	4	55	-88.946	-23.651	0.7	0	0	0	0	5	55	-87.175	-36.962	0.504	0	0	0	0	6	55	-86.503	-31.776	12.249	0	0	0	0	7	55	-84.403	-30.202	-11.087	0	0	0	0	8	55	-87.441	-55.239	-2.671	0	0	0	0	9	55	-157.447	-3.662	2.747	0	0	0	0	10	55	3.882326E+28	-3.912344E+28	-3.260599E+28	0	0	0	0	1	0	-79.096	-19.595	0.977	5	5	5	4	2	0	-78.277	-10.303	0.035	5	5	5	1	0	0	-87.203	-5.704	-0.466	0	0	0	0	54586834	54586842	54586842
11448	0	0	4	55	-87.926	-23.879	0.546	0	0	0	0	5	55	-86.604	-37.216	0.396	0	0	0	0	6	55	-85.786	-31.961	12.158	0	0	0	0	7	55	-83.57	-30.356	-10.856	0	0	0	0	8	55	-87.516	-55.353	-2.883	0	0	0	0	9	55	-156.919	-3.34	2.464	0	0	0	0	10	55	3.887584E+28	-3.910401E+28	-3.256662E+28	0	0	0	0	1	0	-79.096	-19.595	0.977	5	5	5	4	2	0	-78.277	-10.303	0.035	5	5	5	1	0	0	-87.203	-5.704	-0.466	0	0	0	0	54586850	54586859	0
11448	0	0	4	55	-87.926	-23.879	0.546	0	0	0	0	5	55	-86.604	-37.216	0.396	0	0	0	0	6	55	-85.785	-31.961	12.158	0	0	0	0	7	55	-83.57	-30.356	-10.856	0	0	0	0	8	55	-87.516	-55.353	-2.883	0	0	0	0	9	55	-156.919	-3.34	2.464	0	0	0	0	10	55	3.887584E+28	-3.9104E+28	-3.256663E+28	0	0	0	0	1	0	-79.096	-19.595	0.977	5	5	5	4	2	0	-78.277	-10.303	0.035	5	5	5	1	0	0	-87.203	-5.704	-0.466	0	0	0	0	54586850	54586859	54586859
11465	0	0	4	55	-87.671	-23.818	0.565	0	0	0	0	5	55	-86.375	-37.195	0.53	0	0	0	0	6	55	-85.493	-31.874	12.206	0	0	0	0	7	55	-83.231	-30.255	-11.037	0	0	0	0	8	55	-87.55	-55.332	-2.899	0	0	0	0	9	55	-156.761	-3.193	2.388	0	0	0	0	10	55	3.879543E+28	-3.915418E+28	-3.26022E+28	0	0	0	0	1	0	-79.096	-19.595	0.977	5	5	5	4	2	0	-78.277	-10.303	0.035	5	5	5	1	0	0	-87.203	-5.704	-0.466	0	0	0	0	54586867	54586876	54586876
11482	0	0	4	55	-87.093	-23.779	0.538	0	0	0	0	5	55	-86.003	-37.116	0.305	0	0	0	0	6	55	-85.156	-31.823	12.203	0	0	0	0	7	55	-83.095	-29.861	-10.805	0	0	0	0	8	55	-87.408	-55.435	-2.965	0	0	0	0	9	55	-156.425	-2.859	2.392	0	0	0	0	10	55	3.873335E+28	-3.919512E+28	-3.262683E+28	0	0	0	0	1	0	-79.096	-19.595	0.977	5	5	5	4	2	0	-78.277	-10.303	0.035	5	5	5	1	0	0	-87.203	-5.704	-0.466	0	0	0	0	54586884	54586892	0
11482	0	0	4	55	-87.093	-23.779	0.538	0	0	0	0	5	55	-86.003	-37.116	0.305	0	0	0	0	6	55	-85.156	-31.823	12.203	0	0	0	0	7	55	-83.095	-29.861	-10.805	0	0	0	0	8	55	-87.408	-55.435	-2.965	0	0	0	0	9	55	-156.425	-2.859	2.392	0	0	0	0	10	55	3.873334E+28	-3.919512E+28	-3.262682E+28	0	0	0	0	1	0	-79.096	-19.595	0.977	5	5	5	4	2	0	-78.277	-10.303	0.035	5	5	5	1	0	0	-87.203	-5.704	-0.466	0	0	0	0	54586884	54586893	54586893
11498	0	0	4	55	-86.546	-23.727	0.678	0	0	0	0	5	55	-85.345	-37.089	0.544	0	0	0	0	6	55	-84.735	-32.037	12.32	0	0	0	0	7	55	-82.769	-29.943	-10.959	0	0	0	0	8	55	-87.189	-55.267	-2.833	0	0	0	0	9	55	-156.358	-2.933	2.417	0	0	0	0	10	55	3.873555E+28	-3.918425E+28	-3.263726E+28	0	0	0	0	1	0	-79.096	-19.595	0.977	5	5	5	4	2	0	-78.277	-10.303	0.035	5	5	5	1	0	0	-87.203	-5.704	-0.466	0	0	0	0	54586901	54586909	0
11499	0	0	4	55	-86.546	-23.727	0.678	0	0	0	0	5	55	-85.345	-37.089	0.544	0	0	0	0	6	55	-84.735	-32.037	12.32	0	0	0	0	7	55	-82.769	-29.943	-10.959	0	0	0	0	8	55	-87.189	-55.267	-2.833	0	0	0	0	9	55	-156.358	-2.933	2.417	0	0	0	0	10	55	3.873554E+28	-3.918426E+28	-3.263727E+28	0	0	0	0	1	0	-79.096	-19.595	0.977	5	5	5	4	2	0	-78.277	-10.303	0.035	5	5	5	1	0	0	-87.203	-5.704	-0.466	0	0	0	0	54586901	54586909	54586909
11515	0	0	4	55	-86.29	-23.596	0.792	0	0	0	0	5	55	-85.089	-36.954	0.742	0	0	0	0	6	55	-84.686	-32.019	12.387	0	0	0	0	7	55	-82.402	-30.224	-10.926	0	0	0	0	8	55	-86.943	-55.16	-2.749	0	0	0	0	9	55	-156.521	-3.086	2.334	0	0	0	0	10	55	3.869836E+28	-3.92144E+28	-3.264516E+28	0	0	0	0	1	0	-79.096	-19.595	0.977	5	5	5	4	2	0	-78.277	-10.303	0.035	5	5	5	1	0	0	-87.203	-5.704	-0.466	0	0	0	0	54586917	54586926	54586926
11533	0	0	4	55	-85.735	-23.552	0.952	0	0	0	0	5	55	-84.486	-36.837	0.817	0	0	0	0	6	55	-84.5	-31.968	12.655	0	0	0	0	7	55	-82.22	-29.661	-10.612	0	0	0	0	8	55	-86.583	-54.968	-2.632	0	0	0	0	9	55	-156.697	-3.17	2.388	0	0	0	0	10	55	3.866145E+28	-3.923377E+28	-3.266563E+28	0	0	0	0	1	0	-79.096	-19.595	0.977	5	5	5	4	2	0	-78.277	-10.303	0.035	5	5	5	1	0	0	-87.203	-5.704	-0.466	0	0	0	0	54586934	54586944	0
11533	0	0	4	55	-85.735	-23.552	0.952	0	0	0	0	5	55	-84.486	-36.837	0.817	0	0	0	0	6	55	-84.5	-31.968	12.655	0	0	0	0	7	55	-82.22	-29.661	-10.612	0	0	0	0	8	55	-86.583	-54.968	-2.632	0	0	0	0	9	55	-156.697	-3.17	2.388	0	0	0	0	10	55	3.866145E+28	-3.923376E+28	-3.266563E+28	0	0	0	0	1	0	-79.096	-19.595	0.977	5	5	5	4	2	0	-78.277	-10.303	0.035	5	5	5	1	0	0	-87.203	-5.704	-0.466	0	0	0	0	54586934	54586944	54586944
11548	0	0	4	55	-85.71	-23.33	1.136	0	0	0	0	5	55	-84.186	-36.536	0.94	0	0	0	0	6	55	-84.422	-31.844	12.825	0	0	0	0	7	55	-81.959	-29.471	-10.596	0	0	0	0	8	55	-86.425	-54.701	-2.806	0	0	0	0	9	55	-156.926	-3.246	2.269	0	0	0	0	10	55	3.858076E+28	-3.922564E+28	-3.277062E+28	0	0	0	0	1	0	-79.096	-19.595	0.977	5	5	5	4	2	0	-78.277	-10.303	0.035	5	5	5	1	0	0	-87.203	-5.704	-0.466	0	0	0	0	54586950	54586959	0
11549	0	0	4	55	-85.71	-23.33	1.136	0	0	0	0	5	55	-84.186	-36.536	0.94	0	0	0	0	6	55	-84.422	-31.844	12.825	0	0	0	0	7	55	-81.959	-29.471	-10.596	0	0	0	0	8	55	-86.425	-54.701	-2.806	0	0	0	0	9	55	-156.926	-3.246	2.269	0	0	0	0	10	55	3.858075E+28	-3.922565E+28	-3.277062E+28	0	0	0	0	1	0	-79.096	-19.595	0.977	5	5	5	4	2	0	-78.277	-10.303	0.035	5	5	5	1	0	0	-87.203	-5.704	-0.466	0	0	0	0	54586950	54586959	54586959
11565	0	0	4	55	-85.474	-23.156	1.075	0	0	0	0	5	55	-84.024	-36.447	1.04	0	0	0	0	6	55	-84.433	-31.814	12.746	0	0	0	0	7	55	-81.843	-29.163	-10.917	0	0	0	0	8	55	-86.164	-54.736	-2.845	0	0	0	0	9	55	-156.938	-3.322	2.234	0	0	0	0	10	55	3.859203E+28	-3.917705E+28	-3.281545E+28	0	0	0	0	1	0	-79.096	-19.595	0.977	5	5	5	4	2	0	-78.277	-10.303	0.035	5	5	5	1	0	0	-87.203	-5.704	-0.466	0	0	0	0	54586966	54586976	54586976
11582	0	0	4	55	-85.664	-22.592	1.589	0	0	0	0	5	55	-83.627	-36.333	1.035	0	0	0	0	6	55	-84.419	-31.746	12.699	0	0	0	0	7	55	-81.537	-28.958	-10.449	0	0	0	0	8	55	-85.848	-54.572	-2.924	0	0	0	0	9	55	-157.265	-3.675	1.956	0	0	0	0	10	55	3.860167E+28	-3.915569E+28	-3.282961E+28	0	0	0	0	1	0	-79.096	-19.595	0.977	5	5	5	4	2	0	-78.277	-10.303	0.035	5	5	5	1	0	0	-87.203	-5.704	-0.466	0	0	0	0	54586984	54586992	0
11582	0	0	4	55	-85.664	-22.592	1.589	0	0	0	0	5	55	-83.627	-36.333	1.035	0	0	0	0	6	55	-84.419	-31.746	12.699	0	0	0	0	7	55	-81.537	-28.958	-10.449	0	0	0	0	8	55	-85.848	-54.572	-2.924	0	0	0	0	9	55	-157.265	-3.675	1.956	0	0	0	0	10	55	3.860167E+28	-3.915569E+28	-3.282961E+28	0	0	0	0	1	0	-79.096	-19.595	0.977	5	5	5	4	2	0	-78.277	-10.303	0.035	5	5	5	1	0	0	-87.203	-5.704	-0.466	0	0	0	0	54586984	54586992	54586992
11598	0	0	4	55	-85.07	-22.583	1.332	0	0	0	0	5	55	-83.13	-36.233	1.027	0	0	0	0	6	55	-84.409	-31.728	12.64	0	0	0	0	7	55	-81.591	-28.47	-10.259	0	0	0	0	8	55	-85.418	-54.399	-3.045	0	0	0	0	9	55	-157.567	-4.105	1.76	0	0	0	0	10	55	3.864842E+28	-3.912409E+28	-3.281227E+28	0	0	0	0	1	0	-79.096	-19.595	0.977	5	5	5	4	2	0	-78.277	-10.303	0.035	5	5	5	1	0	0	-87.203	-5.704	-0.466	0	0	0	0	54587001	54587009	0
11599	0	0	4	55	-85.07	-22.583	1.332	0	0	0	0	5	55	-83.13	-36.233	1.027	0	0	0	0	6	55	-84.409	-31.728	12.64	0	0	0	0	7	55	-81.591	-28.47	-10.259	0	0	0	0	8	55	-85.418	-54.399	-3.045	0	0	0	0	9	55	-157.567	-4.105	1.76	0	0	0	0	10	55	3.864841E+28	-3.912409E+28	-3.281228E+28	0	0	0	0	1	0	-79.096	-19.595	0.977	5	5	5	4	2	0	-78.277	-10.303	0.035	5	5	5	1	0	0	-87.203	-5.704	-0.466	0	0	0	0	54587001	54587009	54587009
11615	0	0	4	55	-85.166	-22.496	1.32	0	0	0	0	5	55	-82.975	-36.181	1.065	0	0	0	0	6	55	-84.41	-31.794	12.525	0	0	0	0	7	55	-81.611	-28.293	-10.38	0	0	0	0	8	55	-85.232	-54.32	-3.091	0	0	0	0	9	55	-157.692	-4.34	1.652	0	0	0	0	10	55	3.866207E+28	-3.908838E+28	-3.283873E+28	0	0	0	0	1	0	-79.096	-19.595	0.977	5	5	5	4	2	0	-78.277	-10.303	0.035	5	5	5	1	0	0	-87.203	-5.704	-0.466	0	0	0	0	54587017	54587026	54587026
11631	0	0	4	55	-84.855	-22.44	1.397	0	0	0	0	5	55	-82.708	-36.221	1.094	0	0	0	0	6	55	-84.331	-31.823	12.503	0	0	0	0	7	55	-81.633	-28.03	-10.343	0	0	0	0	8	55	-84.774	-54.304	-3.224	0	0	0	0	9	55	-158.03	-4.771	1.568	0	0	0	0	10	55	3.869136E+28	-3.909361E+28	-3.279799E+28	0	0	0	0	1	0	-79.096	-19.595	0.977	5	5	5	4	2	0	-78.277	-10.303	0.035	5	5	5	1	0	0	-87.203	-5.704	-0.466	0	0	0	0	54587034	54587042	0
11632	0	0	4	55	-84.855	-22.44	1.397	0	0	0	0	5	55	-82.708	-36.221	1.094	0	0	0	0	6	55	-84.331	-31.823	12.503	0	0	0	0	7	55	-81.633	-28.03	-10.343	0	0	0	0	8	55	-84.774	-54.304	-3.224	0	0	0	0	9	55	-158.03	-4.771	1.568	0	0	0	0	10	55	3.869135E+28	-3.909361E+28	-3.279799E+28	0	0	0	0	1	0	-79.096	-19.595	0.977	5	5	5	4	2	0	-78.277	-10.303	0.035	5	5	5	1	0	0	-87.203	-5.704	-0.466	0	0	0	0	54587034	54587042	54587042
11648	0	0	4	55	-84.818	-22.37	1.683	0	0	0	0	5	55	-82.647	-36.179	1.261	0	0	0	0	6	55	-84.275	-31.686	12.635	0	0	0	0	7	55	-81.637	-28.258	-9.941	0	0	0	0	8	55	-84.45	-54.33	-3.149	0	0	0	0	9	55	-158.344	-5.226	1.338	0	0	0	0	10	55	3.870268E+28	-3.909498E+28	-3.2783E+28	0	0	0	0	1	0	-79.096	-19.595	0.977	5	5	5	4	2	0	-78.277	-10.303	0.035	5	5	5	1	0	0	-87.203	-5.704	-0.466	0	0	0	0	54587050	54587059	0
11648	0	0	4	55	-84.818	-22.37	1.683	0	0	0	0	5	55	-82.647	-36.179	1.261	0	0	0	0	6	55	-84.275	-31.686	12.635	0	0	0	0	7	55	-81.637	-28.258	-9.941	0	0	0	0	8	55	-84.45	-54.33	-3.149	0	0	0	0	9	55	-158.344	-5.226	1.338	0	0	0	0	10	55	3.870268E+28	-3.909498E+28	-3.278299E+28	0	0	0	0	1	0	-79.096	-19.595	0.977	5	5	5	4	2	0	-78.277	-10.303	0.035	5	5	5	1	0	0	-87.203	-5.704	-0.466	0	0	0	0	54587050	54587059	54587059
11665	0	0	4	55	-84.916	-22.309	1.882	0	0	0	0	5	55	-82.567	-36.165	1.223	0	0	0	0	6	55	-84.288	-31.742	12.57	0	0	0	0	7	55	-81.731	-27.688	-9.512	0	0	0	0	8	55	-84.327	-54.317	-3.063	0	0	0	0	9	55	-158.313	-5.402	1.386	0	0	0	0	10	55	3.868939E+28	-3.908768E+28	-3.280737E+28	0	0	0	0	1	0	-79.096	-19.595	0.977	5	5	5	4	2	0	-78.277	-10.303	0.035	5	5	5	1	0	0	-87.203	-5.704	-0.466	0	0	0	0	54587067	54587076	54587076
11682	0	0	4	55	-85.319	-21.879	2.156	0	0	0	0	5	55	-82.641	-36.02	1.543	0	0	0	0	6	55	-84.394	-31.755	12.709	0	0	0	0	7	55	-82.149	-27.337	-9.129	0	0	0	0	8	55	-83.921	-54.538	-3.039	0	0	0	0	9	55	-158.363	-5.538	1.337	0	0	0	0	10	55	3.867127E+28	-3.914429E+28	-3.276121E+28	0	0	0	0	1	0	-79.096	-19.595	0.977	5	5	5	4	2	0	-78.277	-10.303	0.035	5	5	5	1	0	0	-87.203	-5.704	-0.466	0	0	0	0	54587083	54587093	0
11682	0	0	4	55	-85.319	-21.879	2.156	0	0	0	0	5	55	-82.641	-36.02	1.543	0	0	0	0	6	55	-84.394	-31.755	12.709	0	0	0	0	7	55	-82.149	-27.337	-9.129	0	0	0	0	8	55	-83.921	-54.538	-3.039	0	0	0	0	9	55	-158.363	-5.538	1.337	0	0	0	0	10	55	3.867127E+28	-3.914429E+28	-3.276121E+28	0	0	0	0	1	0	-79.096	-19.595	0.977	5	5	5	4	2	0	-78.277	-10.303	0.035	5	5	5	1	0	0	-87.203	-5.704	-0.466	0	0	0	0	54587083	54587093	54587093
11698	0	0	4	55	-85.953	-21.528	2.631	0	0	0	0	5	55	-82.779	-35.763	1.805	0	0	0	0	6	55	-84.549	-31.477	12.818	0	0	0	0	7	55	-82.591	-27.176	-8.783	0	0	0	0	8	55	-83.949	-54.117	-3.058	0	0	0	0	9	55	-158.252	-5.487	1.364	0	0	0	0	10	55	3.856861E+28	-3.919416E+28	-3.282255E+28	0	0	0	0	1	0	-79.096	-19.595	0.977	5	5	5	4	2	0	-78.277	-10.303	0.035	5	5	5	1	0	0	-87.203	-5.704	-0.466	0	0	0	0	54587101	54587109	0
11699	0	0	4	55	-85.953	-21.528	2.631	0	0	0	0	5	55	-82.779	-35.763	1.805	0	0	0	0	6	55	-84.549	-31.477	12.818	0	0	0	0	7	55	-82.591	-27.176	-8.783	0	0	0	0	8	55	-83.949	-54.117	-3.058	0	0	0	0	9	55	-158.252	-5.487	1.364	0	0	0	0	10	55	3.856861E+28	-3.919417E+28	-3.282254E+28	0	0	0	0	1	0	-79.096	-19.595	0.977	5	5	5	4	2	0	-78.277	-10.303	0.035	5	5	5	1	0	0	-87.203	-5.704	-0.466	0	0	0	0	54587101	54587109	54587109
11715	0	0	4	55	-86.028	-21.462	2.756	0	0	0	0	5	55	-82.762	-35.715	1.886	0	0	0	0	6	55	-84.529	-31.489	12.856	0	0	0	0	7	55	-82.613	-26.837	-8.618	0	0	0	0	8	55	-83.702	-54.105	-3.052	0	0	0	0	9	55	-158.179	-5.421	1.412	0	0	0	0	10	55	3.85072E+28	-3.922245E+28	-3.286084E+28	0	0	0	0	1	0	-79.096	-19.595	0.977	5	5	5	4	2	0	-78.277	-10.303	0.035	5	5	5	1	0	0	-87.203	-5.704	-0.466	0	0	0	0	54587117	54587126	54587126
11732	0	0	4	55	-86.012	-21.476	2.511	0	0	0	0	5	55	-82.834	-35.702	1.746	0	0	0	0	6	55	-84.648	-31.337	12.805	0	0	0	0	7	55	-82.819	-26.186	-8.6	0	0	0	0	8	55	-83.739	-54.024	-3.212	0	0	0	0	9	55	-157.951	-5.274	1.219	0	0	0	0	10	55	3.845864E+28	-3.92506E+28	-3.288409E+28	0	0	0	0	1	0	-79.096	-19.595	0.977	5	5	5	4	2	0	-78.277	-10.303	0.035	5	5	5	1	0	0	-87.203	-5.704	-0.466	0	0	0	0	54587134	54587142	0
11732	0	0	4	55	-86.012	-21.476	2.511	0	0	0	0	5	55	-82.834	-35.701	1.746	0	0	0	0	6	55	-84.648	-31.337	12.805	0	0	0	0	7	55	-82.819	-26.186	-8.6	0	0	0	0	8	55	-83.739	-54.024	-3.212	0	0	0	0	9	55	-157.951	-5.274	1.219	0	0	0	0	10	55	3.845863E+28	-3.925061E+28	-3.288408E+28	0	0	0	0	1	0	-79.096	-19.595	0.977	5	5	5	4	2	0	-78.277	-10.303	0.035	5	5	5	1	0	0	-87.203	-5.704	-0.466	0	0	0	0	54587134	54587142	54587142
11748	0	0	4	55	-86.118	-21.503	2.617	0	0	0	0	5	55	-82.792	-35.774	2.006	0	0	0	0	6	55	-84.714	-31.45	12.693	0	0	0	0	7	55	-82.773	-26.439	-8.491	0	0	0	0	8	55	-83.723	-54.204	-3.238	0	0	0	0	9	55	-157.739	-5.193	1.106	0	0	0	0	10	55	3.845126E+28	-3.923742E+28	-3.290843E+28	0	0	0	0	1	0	-79.096	-19.595	0.977	5	5	5	4	2	0	-78.277	-10.303	0.035	5	5	5	1	0	0	-87.203	-5.704	-0.466	0	0	0	0	54587150	54587159	0
11749	0	0	4	55	-86.118	-21.503	2.617	0	0	0	0	5	55	-82.792	-35.774	2.006	0	0	0	0	6	55	-84.714	-31.45	12.693	0	0	0	0	7	55	-82.773	-26.439	-8.491	0	0	0	0	8	55	-83.723	-54.204	-3.238	0	0	0	0	9	55	-157.739	-5.193	1.106	0	0	0	0	10	55	3.845126E+28	-3.923742E+28	-3.290843E+28	0	0	0	0	1	0	-79.096	-19.595	0.977	5	5	5	4	2	0	-78.277	-10.303	0.035	5	5	5	1	0	0	-87.203	-5.704	-0.466	0	0	0	0	54587150	54587159	54587159
11765	0	0	4	55	-86.375	-21.276	2.958	0	0	0	0	5	55	-82.81	-35.85	2.139	0	0	0	0	6	55	-84.551	-31.223	12.831	0	0	0	0	7	55	-82.931	-25.802	-8.021	0	0	0	0	8	55	-83.728	-54.246	-3.212	0	0	0	0	9	55	-157.208	-4.982	1.146	0	0	0	0	10	55	3.840547E+28	-3.927332E+28	-3.291909E+28	0	0	0	0	1	0	-79.096	-19.595	0.977	5	5	5	4	2	0	-78.277	-10.303	0.035	5	5	5	1	0	0	-87.203	-5.704	-0.466	0	0	0	0	54587167	54587175	54587176
11782	0	0	4	55	-86.401	-21.161	3.105	0	0	0	0	5	55	-82.785	-35.722	2.122	0	0	0	0	6	55	-84.54	-31.395	12.69	0	0	0	0	7	55	-83.06	-25.607	-7.763	0	0	0	0	8	55	-83.68	-54.24	-3.41	0	0	0	0	9	55	-157.026	-4.826	1.157	0	0	0	0	10	55	3.837447E+28	-3.929609E+28	-3.292807E+28	0	0	0	0	1	0	-79.096	-19.595	0.977	5	5	5	4	2	0	-78.277	-10.303	0.035	5	5	5	1	0	0	-87.203	-5.704	-0.466	0	0	0	0	54587183	54587192	0
11782	0	0	4	55	-86.401	-21.161	3.105	0	0	0	0	5	55	-82.785	-35.722	2.122	0	0	0	0	6	55	-84.54	-31.395	12.69	0	0	0	0	7	55	-83.06	-25.607	-7.763	0	0	0	0	8	55	-83.68	-54.24	-3.41	0	0	0	0	9	55	-157.026	-4.826	1.157	0	0	0	0	10	55	3.837447E+28	-3.929608E+28	-3.292807E+28	0	0	0	0	1	0	-79.096	-19.595	0.977	5	5	5	4	2	0	-78.277	-10.303	0.035	5	5	5	1	0	0	-87.203	-5.704	-0.466	0	0	0	0	54587184	54587193	54587193
11798	0	0	4	55	-86.43	-20.967	3.323	0	0	0	0	5	55	-82.694	-35.844	2.212	0	0	0	0	6	55	-84.466	-31.488	12.63	0	0	0	0	7	55	-83.018	-25.661	-7.63	0	0	0	0	8	55	-83.688	-54.288	-3.382	0	0	0	0	9	55	-156.638	-4.682	0.924	0	0	0	0	10	55	3.835012E+28	-3.935195E+28	-3.288969E+28	0	0	0	0	1	0	-79.096	-19.595	0.977	5	5	5	4	2	0	-78.277	-10.303	0.035	5	5	5	1	0	0	-87.203	-5.704	-0.466	0	0	0	0	54587200	54587209	0
11798	0	0	4	55	-86.43	-20.967	3.323	0	0	0	0	5	55	-82.694	-35.844	2.212	0	0	0	0	6	55	-84.466	-31.488	12.63	0	0	0	0	7	55	-83.018	-25.661	-7.63	0	0	0	0	8	55	-83.688	-54.288	-3.382	0	0	0	0	9	55	-156.638	-4.682	0.924	0	0	0	0	10	55	3.835012E+28	-3.935196E+28	-3.288969E+28	0	0	0	0	1	0	-79.096	-19.595	0.977	5	5	5	4	2	0	-78.277	-10.303	0.035	5	5	5	1	0	0	-87.203	-5.704	-0.466	0	0	0	0	54587200	54587209	54587209
11815	0	0	4	55	-86.387	-21.07	3.281	0	0	0	0	5	55	-82.728	-35.962	2.169	0	0	0	0	6	55	-84.533	-31.265	12.667	0	0	0	0	7	55	-83.218	-25.676	-7.495	0	0	0	0	8	55	-83.599	-54.43	-3.434	0	0	0	0	9	55	-156.394	-4.648	0.938	0	0	0	0	10	55	3.836814E+28	-3.936602E+28	-3.285181E+28	0	0	0	0	1	0	-79.096	-19.595	0.977	5	5	5	4	2	0	-78.277	-10.303	0.035	5	5	5	1	0	0	-87.203	-5.704	-0.466	0	0	0	0	54587216	54587226	54587226
11832	0	0	4	55	-86.26	-21.239	3.208	0	0	0	0	5	55	-82.635	-36.054	2.166	0	0	0	0	6	55	-84.485	-31.185	12.848	0	0	0	0	7	55	-83.463	-25.876	-7.408	0	0	0	0	8	55	-83.649	-54.564	-3.309	0	0	0	0	9	55	-155.956	-4.4	1.071	0	0	0	0	10	55	3.829261E+28	-3.944315E+28	-3.284743E+28	0	0	0	0	1	0	-79.096	-19.595	0.977	5	5	5	4	2	0	-78.277	-10.303	0.035	5	5	5	1	0	0	-87.203	-5.704	-0.466	0	0	0	0	54587233	54587242	0
11832	0	0	4	55	-86.26	-21.239	3.208	0	0	0	0	5	55	-82.635	-36.054	2.166	0	0	0	0	6	55	-84.485	-31.185	12.848	0	0	0	0	7	55	-83.463	-25.876	-7.408	0	0	0	0	8	55	-83.649	-54.564	-3.309	0	0	0	0	9	55	-155.957	-4.4	1.071	0	0	0	0	10	55	3.829261E+28	-3.944315E+28	-3.284742E+28	0	0	0	0	1	0	-79.096	-19.595	0.977	5	5	5	4	2	0	-78.277	-10.303	0.035	5	5	5	1	0	0	-87.203	-5.704	-0.466	0	0	0	0	54587233	54587243	54587243
11848	0	0	4	55	-86.17	-21.281	3.322	0	0	0	0	5	55	-82.705	-36.127	2.203	0	0	0	0	6	55	-84.454	-31.28	12.818	0	0	0	0	7	55	-83.162	-25.769	-7.363	0	0	0	0	8	55	-83.727	-54.667	-3.21	0	0	0	0	9	55	-155.615	-4.149	1.141	0	0	0	0	10	55	3.823579E+28	-3.948245E+28	-3.28664E+28	0	0	0	0	1	0	-79.096	-19.595	0.977	5	5	5	4	2	0	-78.277	-10.303	0.035	5	5	5	1	0	0	-87.203	-5.704	-0.466	0	0	0	0	54587250	54587259	0
11848	0	0	4	55	-86.17	-21.281	3.322	0	0	0	0	5	55	-82.705	-36.127	2.203	0	0	0	0	6	55	-84.454	-31.28	12.818	0	0	0	0	7	55	-83.162	-25.769	-7.363	0	0	0	0	8	55	-83.727	-54.667	-3.21	0	0	0	0	9	55	-155.615	-4.149	1.141	0	0	0	0	10	55	3.823578E+28	-3.948245E+28	-3.286639E+28	0	0	0	0	1	0	-79.096	-19.595	0.977	5	5	5	4	2	0	-78.277	-10.303	0.035	5	5	5	1	0	0	-87.203	-5.704	-0.466	0	0	0	0	54587250	54587259	54587259
11865	0	0	4	55	-86.387	-21.266	3.333	0	0	0	0	5	55	-82.663	-36.205	2.227	0	0	0	0	6	55	-84.475	-31.226	12.821	0	0	0	0	7	55	-83.51	-25.854	-7.184	0	0	0	0	8	55	-83.672	-54.836	-3.248	0	0	0	0	9	55	-155.466	-4.152	1.08	0	0	0	0	10	55	3.826705E+28	-3.94617E+28	-3.285493E+28	0	0	0	0	1	0	-79.096	-19.595	0.977	5	5	5	4	2	0	-78.277	-10.303	0.035	5	5	5	1	0	0	-87.203	-5.704	-0.466	0	0	0	0	54587267	54587276	54587276
11882	0	0	4	55	-85.98	-21.299	3.237	0	0	0	0	5	55	-82.474	-36.313	2.361	0	0	0	0	6	55	-84.249	-31.503	12.781	0	0	0	0	7	55	-83.409	-25.844	-7.356	0	0	0	0	8	55	-83.779	-54.827	-3.541	0	0	0	0	9	55	-155.204	-4.083	1.154	0	0	0	0	10	55	3.834601E+28	-3.943297E+28	-3.279731E+28	0	0	0	0	1	0	-79.096	-19.595	0.977	5	5	5	4	2	0	-78.277	-10.303	0.035	5	5	5	1	0	0	-87.203	-5.704	-0.466	0	0	0	0	54587283	54587292	0
11882	0	0	4	55	-85.98	-21.299	3.237	0	0	0	0	5	55	-82.474	-36.313	2.361	0	0	0	0	6	55	-84.249	-31.503	12.781	0	0	0	0	7	55	-83.409	-25.844	-7.356	0	0	0	0	8	55	-83.779	-54.827	-3.541	0	0	0	0	9	55	-155.204	-4.083	1.154	0	0	0	0	10	55	3.834601E+28	-3.943297E+28	-3.279732E+28	0	0	0	0	1	0	-79.096	-19.595	0.977	5	5	5	4	2	0	-78.277	-10.303	0.035	5	5	5	1	0	0	-87.203	-5.704	-0.466	0	0	0	0	54587284	54587292	54587292
11898	0	0	4	55	-85.77	-21.37	3.087	0	0	0	0	5	55	-82.384	-36.468	2.195	0	0	0	0	6	55	-84.104	-31.37	12.747	0	0	0	0	7	55	-83.434	-25.708	-7.431	0	0	0	0	8	55	-83.706	-55.033	-3.446	0	0	0	0	9	55	-154.991	-3.976	1.28	0	0	0	0	10	55	3.838342E+28	-3.941386E+28	-3.277651E+28	0	0	0	0	1	0	-79.096	-19.595	0.977	5	5	5	4	2	0	-78.277	-10.303	0.035	5	5	5	1	0	0	-87.203	-5.704	-0.466	0	0	0	0	54587300	54587309	0
11899	0	0	4	55	-85.77	-21.37	3.086	0	0	0	0	5	55	-82.384	-36.468	2.195	0	0	0	0	6	55	-84.104	-31.37	12.747	0	0	0	0	7	55	-83.434	-25.708	-7.431	0	0	0	0	8	55	-83.706	-55.033	-3.446	0	0	0	0	9	55	-154.991	-3.976	1.28	0	0	0	0	10	55	3.838343E+28	-3.941387E+28	-3.27765E+28	0	0	0	0	1	0	-79.096	-19.595	0.977	5	5	5	4	2	0	-78.277	-10.303	0.035	5	5	5	1	0	0	-87.203	-5.704	-0.466	0	0	0	0	54587300	54587309	54587309
11915	0	0	4	55	-85.917	-21.233	3.143	0	0	0	0	5	55	-82.451	-36.436	2.149	0	0	0	0	6	55	-84.081	-31.252	12.736	0	0	0	0	7	55	-83.535	-26.06	-7.697	0	0	0	0	8	55	-83.769	-54.931	-3.566	0	0	0	0	9	55	-154.939	-3.744	1.347	0	0	0	0	10	55	3.829765E+28	-3.94054E+28	-3.288684E+28	0	0	0	0	1	0	-79.096	-19.595	0.977	5	5	5	4	2	0	-78.277	-10.303	0.035	5	5	5	1	0	0	-87.203	-5.704	-0.466	0	0	0	0	54587317	54587326	54587326
11932	0	0	4	55	-85.882	-21.218	2.948	0	0	0	0	5	55	-82.72	-36.326	2.077	0	0	0	0	6	55	-84.127	-31.079	12.68	0	0	0	0	7	55	-83.559	-26.035	-7.911	0	0	0	0	8	55	-84.155	-54.84	-3.673	0	0	0	0	9	55	-155.068	-3.529	1.428	0	0	0	0	10	55	3.823348E+28	-3.938959E+28	-3.298031E+28	0	0	0	0	1	0	-79.096	-19.595	0.977	5	5	5	4	2	0	-78.277	-10.303	0.035	5	5	5	1	0	0	-87.203	-5.704	-0.466	0	0	0	0	54587334	54587342	0
11932	0	0	4	55	-85.882	-21.218	2.948	0	0	0	0	5	55	-82.72	-36.326	2.077	0	0	0	0	6	55	-84.127	-31.079	12.68	0	0	0	0	7	55	-83.559	-26.035	-7.911	0	0	0	0	8	55	-84.155	-54.84	-3.673	0	0	0	0	9	55	-155.068	-3.529	1.428	0	0	0	0	10	55	3.823347E+28	-3.938959E+28	-3.298032E+28	0	0	0	0	1	0	-79.096	-19.595	0.977	5	5	5	4	2	0	-78.277	-10.303	0.035	5	5	5	1	0	0	-87.203	-5.704	-0.466	0	0	0	0	54587334	54587342	54587342
11948	0	0	4	55	-86.096	-21.218	2.947	0	0	0	0	5	55	-82.857	-36.384	2.244	0	0	0	0	6	55	-84.046	-31.364	12.672	0	0	0	0	7	55	-83.759	-25.926	-7.77	0	0	0	0	8	55	-84.304	-55.091	-3.64	0	0	0	0	9	55	-154.796	-3.312	1.77	0	0	0	0	10	55	3.821766E+28	-3.940485E+28	-3.298042E+28	0	0	0	0	1	0	-79.096	-19.595	0.977	5	5	5	4	2	0	-78.277	-10.303	0.035	5	5	5	1	0	0	-87.203	-5.704	-0.466	0	0	0	0	54587350	54587359	0
11949	0	0	4	55	-86.096	-21.218	2.947	0	0	0	0	5	55	-82.857	-36.384	2.244	0	0	0	0	6	55	-84.046	-31.364	12.672	0	0	0	0	7	55	-83.759	-25.926	-7.77	0	0	0	0	8	55	-84.304	-55.091	-3.64	0	0	0	0	9	55	-154.796	-3.312	1.77	0	0	0	0	10	55	3.821765E+28	-3.940484E+28	-3.298043E+28	0	0	0	0	1	0	-79.096	-19.595	0.977	5	5	5	4	2	0	-78.277	-10.303	0.035	5	5	5	1	0	0	-87.203	-5.704	-0.466	0	0	0	0	54587350	54587359	54587359
11965	0	0	4	55	-86.108	-21.253	2.99	0	0	0	0	5	55	-82.931	-36.453	2.216	0	0	0	0	6	55	-84.058	-31.339	12.641	0	0	0	0	7	55	-83.508	-26.358	-7.998	0	0	0	0	8	55	-84.571	-54.941	-3.603	0	0	0	0	9	55	-154.787	-3.244	1.74	0	0	0	0	10	55	3.821001E+28	-3.942409E+28	-3.296628E+28	0	0	0	0	1	0	-79.096	-19.595	0.977	5	5	5	4	2	0	-78.277	-10.303	0.035	5	5	5	1	0	0	-87.203	-5.704	-0.466	0	0	0	0	54587367	54587376	54587376
11982	0	0	4	55	-86.415	-21.451	2.865	0	0	0	0	5	55	-83.074	-36.717	2.109	0	0	0	0	6	55	-84.167	-31.474	12.63	0	0	0	0	7	55	-83.322	-26.67	-8.023	0	0	0	0	8	55	-84.764	-55.238	-3.471	0	0	0	0	9	55	-154.892	-3.186	1.637	0	0	0	0	10	55	3.820824E+28	-3.940943E+28	-3.298586E+28	0	0	0	0	1	0	-79.096	-19.595	0.977	5	5	5	4	2	0	-78.277	-10.303	0.035	5	5	5	1	0	0	-87.203	-5.704	-0.466	0	0	0	0	54587382	54587392	0
11982	0	0	4	55	-86.415	-21.451	2.865	0	0	0	0	5	55	-83.074	-36.717	2.109	0	0	0	0	6	55	-84.167	-31.474	12.63	0	0	0	0	7	55	-83.322	-26.669	-8.023	0	0	0	0	8	55	-84.764	-55.238	-3.471	0	0	0	0	9	55	-154.892	-3.186	1.637	0	0	0	0	10	55	3.820824E+28	-3.940943E+28	-3.298586E+28	0	0	0	0	1	0	-79.096	-19.595	0.977	5	5	5	4	2	0	-78.277	-10.303	0.035	5	5	5	1	0	0	-87.203	-5.704	-0.466	0	0	0	0	54587383	54587392	54587393
11998	0	0	4	55	-86.361	-21.557	2.67	0	0	0	0	5	55	-83.184	-36.746	1.839	0	0	0	0	6	55	-84.201	-31.369	12.547	0	0	0	0	7	55	-83.083	-26.713	-8.302	0	0	0	0	8	55	-84.9	-55.376	-3.584	0	0	0	0	9	55	-154.817	-2.67	1.703	0	0	0	0	10	55	3.81096E+28	-3.948243E+28	-3.301265E+28	0	0	0	0	1	0	-79.096	-19.595	0.977	5	5	5	4	2	0	-78.277	-10.303	0.035	5	5	5	1	0	0	-87.203	-5.704	-0.466	0	0	0	0	54587401	54587409	0
11999	0	0	4	55	-86.361	-21.557	2.67	0	0	0	0	5	55	-83.184	-36.746	1.839	0	0	0	0	6	55	-84.201	-31.369	12.547	0	0	0	0	7	55	-83.083	-26.713	-8.302	0	0	0	0	8	55	-84.9	-55.376	-3.584	0	0	0	0	9	55	-154.817	-2.67	1.703	0	0	0	0	10	55	3.81096E+28	-3.948243E+28	-3.301265E+28	0	0	0	0	1	0	-79.096	-19.595	0.977	5	5	5	4	2	0	-78.277	-10.303	0.035	5	5	5	1	0	0	-87.203	-5.704	-0.466	0	0	0	0	54587401	54587409	54587409
12015	0	0	4	55	-86.413	-21.847	2.607	0	0	0	0	5	55	-83.186	-37.05	1.781	0	0	0	0	6	55	-84.163	-31.591	12.602	0	0	0	0	7	55	-83.06	-27.371	-8.354	0	0	0	0	8	55	-85.044	-55.462	-3.54	0	0	0	0	9	55	-154.866	-2.795	1.663	0	0	0	0	10	55	3.81299E+28	-3.94446E+28	-3.303443E+28	0	0	0	0	1	0	-79.096	-19.595	0.977	5	5	5	4	2	0	-78.277	-10.303	0.035	5	5	5	1	0	0	-87.203	-5.704	-0.466	0	0	0	0	54587418	54587426	54587426
12032	0	0	4	55	-86.326	-22.23	2.392	0	0	0	0	5	55	-83.076	-37.308	1.626	0	0	0	0	6	55	-84.104	-32.016	12.513	0	0	0	0	7	55	-82.863	-27.773	-8.716	0	0	0	0	8	55	-85.068	-55.767	-3.526	0	0	0	0	9	55	-154.604	-2.633	1.594	0	0	0	0	10	55	3.817282E+28	-3.941987E+28	-3.301437E+28	0	0	0	0	1	0	-79.096	-19.595	0.977	5	5	5	4	2	0	-78.277	-10.303	0.035	5	5	5	1	0	0	-87.203	-5.704	-0.466	0	0	0	0	54587433	54587442	0
12032	0	0	4	55	-86.326	-22.23	2.392	0	0	0	0	5	55	-83.076	-37.308	1.626	0	0	0	0	6	55	-84.104	-32.016	12.513	0	0	0	0	7	55	-82.863	-27.773	-8.716	0	0	0	0	8	55	-85.068	-55.767	-3.526	0	0	0	0	9	55	-154.604	-2.633	1.594	0	0	0	0	10	55	3.817282E+28	-3.941987E+28	-3.301437E+28	0	0	0	0	1	0	-79.096	-19.595	0.977	5	5	5	4	2	0	-78.277	-10.303	0.035	5	5	5	1	0	0	-87.203	-5.704	-0.466	0	0	0	0	54587434	54587442	54587442
12048	0	0	4	55	-86.125	-22.862	2.281	0	0	0	0	5	55	-83.13	-37.608	1.582	0	0	0	0	6	55	-84.046	-32.494	12.457	0	0	0	0	7	55	-82.22	-28.427	-8.985	0	0	0	0	8	55	-85.118	-56.062	-3.57	0	0	0	0	9	55	-154.687	-2.663	1.381	0	0	0	0	10	55	3.825081E+28	-3.943049E+28	-3.291126E+28	0	0	0	0	1	0	-79.096	-19.595	0.977	5	5	5	4	2	0	-78.277	-10.303	0.035	5	5	5	1	0	0	-87.203	-5.704	-0.466	0	0	0	0	54587451	54587459	0
12049	0	0	4	55	-86.125	-22.862	2.281	0	0	0	0	5	55	-83.13	-37.608	1.582	0	0	0	0	6	55	-84.046	-32.494	12.457	0	0	0	0	7	55	-82.22	-28.427	-8.985	0	0	0	0	8	55	-85.118	-56.062	-3.57	0	0	0	0	9	55	-154.687	-2.663	1.381	0	0	0	0	10	55	3.82508E+28	-3.943049E+28	-3.291127E+28	0	0	0	0	1	0	-79.096	-19.595	0.977	5	5	5	4	2	0	-78.277	-10.303	0.035	5	5	5	1	0	0	-87.203	-5.704	-0.466	0	0	0	0	54587451	54587459	54587459
12065	0	0	4	55	-86.08	-22.844	2.307	0	0	0	0	5	55	-83.197	-37.613	1.492	0	0	0	0	6	55	-83.994	-32.476	12.531	0	0	0	0	7	55	-81.998	-28.562	-9.028	0	0	0	0	8	55	-85.178	-56.011	-3.573	0	0	0	0	9	55	-154.603	-2.254	1.497	0	0	0	0	10	55	3.81746E+28	-3.944719E+28	-3.297967E+28	0	0	0	0	1	0	-79.096	-19.595	0.977	5	5	5	4	2	0	-78.277	-10.303	0.035	5	5	5	1	0	0	-87.203	-5.704	-0.466	0	0	0	0	54587467	54587476	54587476
12082	0	0	4	55	-85.697	-22.902	2.27	0	0	0	0	5	55	-83.3	-37.588	1.459	0	0	0	0	6	55	-83.928	-32.346	12.558	0	0	0	0	7	55	-82.061	-28.427	-8.924	0	0	0	0	8	55	-85.472	-55.784	-3.542	0	0	0	0	9	55	-154.482	-2.002	1.635	0	0	0	0	10	55	3.809717E+28	-3.950951E+28	-3.29946E+28	0	0	0	0	1	0	-79.096	-19.595	0.977	5	5	5	4	2	0	-78.277	-10.303	0.035	5	5	5	1	0	0	-87.203	-5.704	-0.466	0	0	0	0	54587484	54587492	0
12082	0	0	4	55	-85.697	-22.902	2.27	0	0	0	0	5	55	-83.3	-37.588	1.459	0	0	0	0	6	55	-83.928	-32.346	12.558	0	0	0	0	7	55	-82.061	-28.427	-8.924	0	0	0	0	8	55	-85.472	-55.784	-3.542	0	0	0	0	9	55	-154.482	-2.002	1.635	0	0	0	0	10	55	3.809717E+28	-3.950951E+28	-3.299461E+28	0	0	0	0	1	0	-79.096	-19.595	0.977	5	5	5	4	2	0	-78.277	-10.303	0.035	5	5	5	1	0	0	-87.203	-5.704	-0.466	0	0	0	0	54587484	54587493	54587493
12098	0	0	4	55	-85.687	-22.836	2.186	0	0	0	0	5	55	-83.166	-37.587	1.613	0	0	0	0	6	55	-83.843	-32.39	12.573	0	0	0	0	7	55	-81.863	-28.329	-9.133	0	0	0	0	8	55	-85.415	-55.905	-3.408	0	0	0	0	9	55	-154.43	-1.956	1.555	0	0	0	0	10	55	3.813214E+28	-3.951456E+28	-3.294812E+28	0	0	0	0	1	0	-79.096	-19.595	0.977	5	5	5	4	2	0	-78.277	-10.303	0.035	5	5	5	1	0	0	-87.203	-5.704	-0.466	0	0	0	0	54587501	54587509	0
12099	0	0	4	55	-85.687	-22.836	2.186	0	0	0	0	5	55	-83.166	-37.587	1.613	0	0	0	0	6	55	-83.843	-32.39	12.573	0	0	0	0	7	55	-81.863	-28.329	-9.133	0	0	0	0	8	55	-85.415	-55.905	-3.408	0	0	0	0	9	55	-154.43	-1.956	1.555	0	0	0	0	10	55	3.813214E+28	-3.951455E+28	-3.294813E+28	0	0	0	0	1	0	-79.096	-19.595	0.977	5	5	5	4	2	0	-78.277	-10.303	0.035	5	5	5	1	0	0	-87.203	-5.704	-0.466	0	0	0	0	54587501	54587509	54587509
12115	0	0	4	55	-85.597	-23.022	2.332	0	0	0	0	5	55	-83.066	-37.71	1.564	0	0	0	0	6	55	-83.74	-32.449	12.676	0	0	0	0	7	55	-81.917	-28.665	-9.125	0	0	0	0	8	55	-85.387	-55.895	-3.258	0	0	0	0	9	55	-154.474	-2.141	1.557	0	0	0	0	10	55	3.820021E+28	-3.954635E+28	-3.283093E+28	0	0	0	0	1	0	-79.096	-19.595	0.977	5	5	5	4	2	0	-78.277	-10.303	0.035	5	5	5	1	0	0	-87.203	-5.704	-0.466	0	0	0	0	54587517	54587525	54587525
12132	0	0	4	55	-85.286	-23.237	2.245	0	0	0	0	5	55	-82.851	-37.779	1.476	0	0	0	0	6	55	-83.67	-32.701	12.672	0	0	0	0	7	55	-81.78	-28.753	-9.042	0	0	0	0	8	55	-85.308	-55.85	-3.171	0	0	0	0	9	55	-154.479	-2.212	1.455	0	0	0	0	10	55	3.820247E+28	-3.95406E+28	-3.283521E+28	0	0	0	0	1	0	-79.096	-19.595	0.977	5	5	5	4	2	0	-78.277	-10.303	0.035	5	5	5	1	0	0	-87.203	-5.704	-0.466	0	0	0	0	54587534	54587542	0
12132	0	0	4	55	-85.286	-23.237	2.245	0	0	0	0	5	55	-82.851	-37.779	1.476	0	0	0	0	6	55	-83.67	-32.701	12.672	0	0	0	0	7	55	-81.78	-28.753	-9.042	0	0	0	0	8	55	-85.308	-55.85	-3.171	0	0	0	0	9	55	-154.479	-2.212	1.455	0	0	0	0	10	55	3.820247E+28	-3.95406E+28	-3.283521E+28	0	0	0	0	1	0	-79.096	-19.595	0.977	5	5	5	4	2	0	-78.277	-10.303	0.035	5	5	5	1	0	0	-87.203	-5.704	-0.466	0	0	0	0	54587534	54587543	54587543
12148	0	0	4	55	-85.009	-23.537	2.263	0	0	0	0	5	55	-82.945	-37.696	1.582	0	0	0	0	6	55	-83.651	-32.695	12.696	0	0	0	0	7	55	-81.414	-28.811	-9.237	0	0	0	0	8	55	-85.371	-55.885	-3.354	0	0	0	0	9	55	-154.417	-1.972	1.512	0	0	0	0	10	55	3.814772E+28	-3.954999E+28	-3.288753E+28	0	0	0	0	1	0	-79.096	-19.595	0.977	5	5	5	4	2	0	-78.277	-10.303	0.035	5	5	5	1	0	0	-87.203	-5.704	-0.466	0	0	0	0	54587550	54587559	0
12149	0	0	4	55	-85.009	-23.537	2.263	0	0	0	0	5	55	-82.945	-37.696	1.582	0	0	0	0	6	55	-83.651	-32.695	12.696	0	0	0	0	7	55	-81.414	-28.811	-9.237	0	0	0	0	8	55	-85.371	-55.885	-3.354	0	0	0	0	9	55	-154.417	-1.972	1.512	0	0	0	0	10	55	3.814772E+28	-3.954999E+28	-3.288753E+28	0	0	0	0	1	0	-79.096	-19.595	0.977	5	5	5	4	2	0	-78.277	-10.303	0.035	5	5	5	1	0	0	-87.203	-5.704	-0.466	0	0	0	0	54587551	54587559	54587559
12165	0	0	4	55	-85.052	-23.546	2.403	0	0	0	0	5	55	-82.812	-37.888	1.514	0	0	0	0	6	55	-83.628	-32.725	12.776	0	0	0	0	7	55	-81.269	-29.136	-9.212	0	0	0	0	8	55	-85.331	-55.99	-3.323	0	0	0	0	9	55	-154.409	-2.083	1.508	0	0	0	0	10	55	3.819431E+28	-3.954302E+28	-3.28418E+28	0	0	0	0	1	0	-79.096	-19.595	0.977	5	5	5	4	2	0	-78.277	-10.303	0.035	5	5	5	1	0	0	-87.203	-5.704	-0.466	0	0	0	0	54587567	54587576	54587576
12182	0	0	4	55	-85.221	-23.446	2.66	0	0	0	0	5	55	-82.975	-37.97	1.768	0	0	0	0	6	55	-83.706	-32.872	12.73	0	0	0	0	7	55	-80.746	-28.823	-8.826	0	0	0	0	8	55	-85.44	-56.037	-3.142	0	0	0	0	9	55	-154.598	-2.168	1.574	0	0	0	0	10	55	3.823513E+28	-3.951293E+28	-3.283052E+28	0	0	0	0	1	0	-79.096	-19.595	0.977	5	5	5	4	2	0	-78.277	-10.303	0.035	5	5	5	1	0	0	-87.203	-5.704	-0.466	0	0	0	0	54587584	54587592	0
12182	0	0	4	55	-85.221	-23.446	2.66	0	0	0	0	5	55	-82.975	-37.97	1.768	0	0	0	0	6	55	-83.706	-32.872	12.73	0	0	0	0	7	55	-80.746	-28.823	-8.826	0	0	0	0	8	55	-85.44	-56.037	-3.142	0	0	0	0	9	55	-154.598	-2.168	1.574	0	0	0	0	10	55	3.823513E+28	-3.951293E+28	-3.283051E+28	0	0	0	0	1	0	-79.096	-19.595	0.977	5	5	5	4	2	0	-78.277	-10.303	0.035	5	5	5	1	0	0	-87.203	-5.704	-0.466	0	0	0	0	54587584	54587592	54587592
12198	0	0	4	55	-85.24	-23.273	2.753	0	0	0	0	5	55	-82.932	-37.845	2.032	0	0	0	0	6	55	-83.852	-32.763	12.733	0	0	0	0	7	55	-81.129	-28.388	-8.649	0	0	0	0	8	55	-85.41	-56.089	-3.055	0	0	0	0	9	55	-154.532	-2.116	1.672	0	0	0	0	10	55	3.825468E+28	-3.951872E+28	-3.280075E+28	0	0	0	0	1	0	-79.096	-19.595	0.977	5	5	5	4	2	0	-78.277	-10.303	0.035	5	5	5	1	0	0	-87.203	-5.704	-0.466	0	0	0	0	54587600	54587609	0
12199	0	0	4	55	-85.24	-23.273	2.753	0	0	0	0	5	55	-82.932	-37.845	2.032	0	0	0	0	6	55	-83.852	-32.763	12.733	0	0	0	0	7	55	-81.129	-28.388	-8.65	0	0	0	0	8	55	-85.41	-56.089	-3.055	0	0	0	0	9	55	-154.532	-2.116	1.672	0	0	0	0	10	55	3.825468E+28	-3.951872E+28	-3.280076E+28	0	0	0	0	1	0	-79.096	-19.595	0.977	5	5	5	4	2	0	-78.277	-10.303	0.035	5	5	5	1	0	0	-87.203	-5.704	-0.466	0	0	0	0	54587600	54587609	54587609
12215	0	0	4	55	-85.005	-23.039	3.005	0	0	0	0	5	55	-82.736	-37.755	2.274	0	0	0	0	6	55	-83.743	-32.616	12.872	0	0	0	0	7	55	-81.27	-27.781	-8.425	0	0	0	0	8	55	-85.305	-55.971	-2.824	0	0	0	0	9	55	-154.655	-1.941	1.712	0	0	0	0	10	55	3.81665E+28	-3.959805E+28	-3.280781E+28	0	0	0	0	1	0	-79.096	-19.595	0.977	5	5	5	4	2	0	-78.277	-10.303	0.035	5	5	5	1	0	0	-87.203	-5.704	-0.466	0	0	0	0	54587617	54587625	54587625
12232	0	0	4	55	-85.015	-23.103	3.13	0	0	0	0	5	55	-82.751	-37.817	2.347	0	0	0	0	6	55	-83.661	-32.685	12.967	0	0	0	0	7	55	-81.01	-27.591	-8.17	0	0	0	0	8	55	-85.085	-56.114	-2.657	0	0	0	0	9	55	-154.655	-2.172	1.662	0	0	0	0	10	55	3.824793E+28	-3.960146E+28	-3.270871E+28	0	0	0	0	1	0	-79.096	-19.595	0.977	5	5	5	4	2	0	-78.277	-10.303	0.035	5	5	5	1	0	0	-87.203	-5.704	-0.466	0	0	0	0	54587633	54587642	0
12232	0	0	4	55	-85.015	-23.103	3.13	0	0	0	0	5	55	-82.751	-37.817	2.347	0	0	0	0	6	55	-83.661	-32.685	12.967	0	0	0	0	7	55	-81.01	-27.591	-8.17	0	0	0	0	8	55	-85.085	-56.114	-2.657	0	0	0	0	9	55	-154.655	-2.172	1.662	0	0	0	0	10	55	3.824793E+28	-3.960146E+28	-3.270871E+28	0	0	0	0	1	0	-79.096	-19.595	0.977	5	5	5	4	2	0	-78.277	-10.303	0.035	5	5	5	1	0	0	-87.203	-5.704	-0.466	0	0	0	0	54587633	54587642	54587642
12249	0	0	4	55	-84.93	-23.097	3.349	0	0	0	0	5	55	-82.672	-37.788	2.558	0	0	0	0	6	55	-83.672	-32.814	12.988	0	0	0	0	7	55	-80.593	-27.852	-8.077	0	0	0	0	8	55	-84.857	-56.215	-2.701	0	0	0	0	9	55	-154.592	-2.427	1.558	0	0	0	0	10	55	3.829547E+28	-3.960223E+28	-3.26521E+28	0	0	0	0	1	0	-79.096	-19.595	0.977	5	5	5	4	2	0	-78.277	-10.303	0.035	5	5	5	1	0	0	-87.203	-5.704	-0.466	0	0	0	0	54587650	54587659	0
12249	0	0	4	55	-84.93	-23.097	3.349	0	0	0	0	5	55	-82.672	-37.788	2.558	0	0	0	0	6	55	-83.672	-32.814	12.988	0	0	0	0	7	55	-80.593	-27.852	-8.077	0	0	0	0	8	55	-84.857	-56.215	-2.701	0	0	0	0	9	55	-154.592	-2.427	1.558	0	0	0	0	10	55	3.829547E+28	-3.960223E+28	-3.26521E+28	0	0	0	0	1	0	-79.096	-19.595	0.977	5	5	5	4	2	0	-78.277	-10.303	0.035	5	5	5	1	0	0	-87.203	-5.704	-0.466	0	0	0	0	54587650	54587659	54587659
12265	0	0	4	55	-84.772	-23.028	3.559	0	0	0	0	5	55	-82.604	-37.76	2.599	0	0	0	0	6	55	-83.702	-32.79	13.007	0	0	0	0	7	55	-80.52	-27.851	-7.724	0	0	0	0	8	55	-84.741	-56.234	-2.541	0	0	0	0	9	55	-154.576	-2.402	1.64	0	0	0	0	10	55	3.827213E+28	-3.961648E+28	-3.266217E+28	0	0	0	0	1	0	-79.096	-19.595	0.977	5	5	5	4	2	0	-78.277	-10.303	0.035	5	5	5	1	0	0	-87.203	-5.704	-0.466	0	0	0	0	54587667	54587676	54587676
12282	0	0	4	55	-84.709	-22.975	3.532	0	0	0	0	5	55	-82.456	-37.69	2.542	0	0	0	0	6	55	-83.765	-32.67	12.987	0	0	0	0	7	55	-80.543	-27.534	-7.913	0	0	0	0	8	55	-84.727	-56.1	-2.65	0	0	0	0	9	55	-154.552	-2.237	1.726	0	0	0	0	10	55	3.82031E+28	-3.956503E+28	-3.280505E+28	0	0	0	0	1	0	-79.096	-19.595	0.977	5	5	5	4	2	0	-78.277	-10.303	0.035	5	5	5	1	0	0	-87.203	-5.704	-0.466	0	0	0	0	54587683	54587692	0
12282	0	0	4	55	-84.709	-22.975	3.532	0	0	0	0	5	55	-82.456	-37.69	2.542	0	0	0	0	6	55	-83.765	-32.67	12.987	0	0	0	0	7	55	-80.543	-27.534	-7.913	0	0	0	0	8	55	-84.727	-56.1	-2.65	0	0	0	0	9	55	-154.552	-2.237	1.726	0	0	0	0	10	55	3.820309E+28	-3.956503E+28	-3.280505E+28	0	0	0	0	1	0	-79.096	-19.595	0.977	5	5	5	4	2	0	-78.277	-10.303	0.035	5	5	5	1	0	0	-87.203	-5.704	-0.466	0	0	0	0	54587685	54587692	54587692
12298	0	0	4	55	-84.622	-22.854	3.675	0	0	0	0	5	55	-82.362	-37.638	2.422	0	0	0	0	6	55	-83.639	-32.708	12.984	0	0	0	0	7	55	-80.499	-27.889	-7.908	0	0	0	0	8	55	-84.668	-56.069	-2.737	0	0	0	0	9	55	-154.477	-2.237	1.652	0	0	0	0	10	55	3.822235E+28	-3.960127E+28	-3.273884E+28	0	0	0	0	1	0	-79.096	-19.595	0.977	5	5	5	4	2	0	-78.277	-10.303	0.035	5	5	5	1	0	0	-87.203	-5.704	-0.466	0	0	0	0	54587700	54587709	0
12299	0	0	4	55	-84.622	-22.854	3.675	0	0	0	0	5	55	-82.362	-37.638	2.422	0	0	0	0	6	55	-83.639	-32.707	12.984	0	0	0	0	7	55	-80.499	-27.889	-7.908	0	0	0	0	8	55	-84.668	-56.069	-2.737	0	0	0	0	9	55	-154.477	-2.237	1.652	0	0	0	0	10	55	3.822234E+28	-3.960127E+28	-3.273884E+28	0	0	0	0	1	0	-79.096	-19.595	0.977	5	5	5	4	2	0	-78.277	-10.303	0.035	5	5	5	1	0	0	-87.203	-5.704	-0.466	0	0	0	0	54587700	54587709	54587709
12315	0	0	4	55	-84.512	-22.681	3.579	0	0	0	0	5	55	-82.407	-37.421	2.479	0	0	0	0	6	55	-83.652	-32.624	12.996	0	0	0	0	7	55	-80.37	-27.399	-7.801	0	0	0	0	8	55	-84.818	-55.83	-2.766	0	0	0	0	9	55	-154.254	-1.755	1.976	0	0	0	0	10	55	3.813209E+28	-3.96074E+28	-3.283652E+28	0	0	0	0	1	0	-79.096	-19.595	0.977	5	5	5	4	2	0	-78.277	-10.303	0.035	5	5	5	1	0	0	-87.203	-5.704	-0.466	0	0	0	0	54587717	54587726	54587726
12332	0	0	4	55	-84.394	-22.54	3.577	0	0	0	0	5	55	-82.353	-37.349	2.492	0	0	0	0	6	55	-83.578	-32.598	12.918	0	0	0	0	7	55	-80.581	-26.903	-7.764	0	0	0	0	8	55	-84.791	-55.978	-2.877	0	0	0	0	9	55	-154.361	-1.787	1.643	0	0	0	0	10	55	3.812706E+28	-3.95715E+28	-3.288561E+28	0	0	0	0	1	0	-79.096	-19.595	0.977	5	5	5	4	2	0	-78.277	-10.303	0.035	5	5	5	1	0	0	-87.203	-5.704	-0.466	0	0	0	0	54587733	54587742	0
12332	0	0	4	55	-84.394	-22.54	3.577	0	0	0	0	5	55	-82.353	-37.349	2.492	0	0	0	0	6	55	-83.578	-32.598	12.918	0	0	0	0	7	55	-80.581	-26.903	-7.764	0	0	0	0	8	55	-84.791	-55.978	-2.877	0	0	0	0	9	55	-154.361	-1.787	1.643	0	0	0	0	10	55	3.812705E+28	-3.957151E+28	-3.288561E+28	0	0	0	0	1	0	-79.096	-19.595	0.977	5	5	5	4	2	0	-78.277	-10.303	0.035	5	5	5	1	0	0	-87.203	-5.704	-0.466	0	0	0	0	54587733	54587742	54587742
12348	0	0	4	55	-84.546	-22.477	3.506	0	0	0	0	5	55	-82.351	-37.375	2.441	0	0	0	0	6	55	-83.626	-32.543	12.914	0	0	0	0	7	55	-80.403	-27.243	-7.856	0	0	0	0	8	55	-84.736	-55.811	-2.985	0	0	0	0	9	55	-154.233	-1.534	1.673	0	0	0	0	10	55	3.812623E+28	-3.961329E+28	-3.283622E+28	0	0	0	0	1	0	-79.096	-19.595	0.977	5	5	5	4	2	0	-78.277	-10.303	0.035	5	5	5	1	0	0	-87.203	-5.704	-0.466	0	0	0	0	54587750	54587759	0
12348	0	0	4	55	-84.546	-22.477	3.506	0	0	0	0	5	55	-82.351	-37.375	2.441	0	0	0	0	6	55	-83.626	-32.543	12.914	0	0	0	0	7	55	-80.403	-27.243	-7.856	0	0	0	0	8	55	-84.736	-55.811	-2.985	0	0	0	0	9	55	-154.233	-1.534	1.673	0	0	0	0	10	55	3.812624E+28	-3.961329E+28	-3.283621E+28	0	0	0	0	1	0	-79.096	-19.595	0.977	5	5	5	4	2	0	-78.277	-10.303	0.035	5	5	5	1	0	0	-87.203	-5.704	-0.466	0	0	0	0	54587750	54587759	54587759
12365	0	0	4	55	-84.531	-22.553	3.448	0	0	0	0	5	55	-82.267	-37.46	2.332	0	0	0	0	6	55	-83.595	-32.517	12.929	0	0	0	0	7	55	-80.5	-27.202	-7.81	0	0	0	0	8	55	-84.884	-55.779	-2.877	0	0	0	0	9	55	-154.277	-1.917	1.56	0	0	0	0	10	55	3.816377E+28	-3.961164E+28	-3.279457E+28	0	0	0	0	1	0	-79.096	-19.595	0.977	5	5	5	4	2	0	-78.277	-10.303	0.035	5	5	5	1	0	0	-87.203	-5.704	-0.466	0	0	0	0	54587766	54587776	54587776
12382	0	0	4	55	-84.642	-22.602	3.288	0	0	0	0	5	55	-82.235	-37.557	2.237	0	0	0	0	6	55	-83.529	-32.667	12.913	0	0	0	0	7	55	-80.564	-27.48	-7.876	0	0	0	0	8	55	-84.727	-56.004	-2.947	0	0	0	0	9	55	-154.241	-2.106	1.465	0	0	0	0	10	55	3.825325E+28	-3.963815E+28	-3.2658E+28	0	0	0	0	1	0	-79.096	-19.595	0.977	5	5	5	4	2	0	-78.277	-10.303	0.035	5	5	5	1	0	0	-87.203	-5.704	-0.466	0	0	0	0	54587784	54587792	0
12382	0	0	4	55	-84.642	-22.602	3.288	0	0	0	0	5	55	-82.235	-37.557	2.237	0	0	0	0	6	55	-83.529	-32.667	12.913	0	0	0	0	7	55	-80.564	-27.48	-7.876	0	0	0	0	8	55	-84.727	-56.004	-2.947	0	0	0	0	9	55	-154.241	-2.106	1.465	0	0	0	0	10	55	3.825324E+28	-3.963816E+28	-3.2658E+28	0	0	0	0	1	0	-79.096	-19.595	0.977	5	5	5	4	2	0	-78.277	-10.303	0.035	5	5	5	1	0	0	-87.203	-5.704	-0.466	0	0	0	0	54587784	54587792	54587793
12398	0	0	4	55	-84.768	-22.679	3.102	0	0	0	0	5	55	-82.394	-37.588	2.246	0	0	0	0	6	55	-83.601	-32.663	12.895	0	0	0	0	7	55	-81.005	-27.636	-8.357	0	0	0	0	8	55	-84.922	-55.921	-2.974	0	0	0	0	9	55	-154.238	-1.984	1.611	0	0	0	0	10	55	3.817846E+28	-3.961676E+28	-3.277128E+28	0	0	0	0	1	0	-79.096	-19.595	0.977	5	5	5	4	2	0	-78.277	-10.303	0.035	5	5	5	1	0	0	-87.203	-5.704	-0.466	0	0	0	0	54587801	54587809	0
12398	0	0	4	55	-84.768	-22.679	3.102	0	0	0	0	5	55	-82.394	-37.588	2.246	0	0	0	0	6	55	-83.601	-32.663	12.895	0	0	0	0	7	55	-81.005	-27.636	-8.357	0	0	0	0	8	55	-84.922	-55.921	-2.974	0	0	0	0	9	55	-154.238	-1.984	1.611	0	0	0	0	10	55	3.817846E+28	-3.961676E+28	-3.277129E+28	0	0	0	0	1	0	-79.096	-19.595	0.977	5	5	5	4	2	0	-78.277	-10.303	0.035	5	5	5	1	0	0	-87.203	-5.704	-0.466	0	0	0	0	54587801	54587809	54587809
12415	0	0	4	55	-84.863	-22.809	2.977	0	0	0	0	5	55	-82.52	-37.741	2.027	0	0	0	0	6	55	-83.668	-32.635	12.825	0	0	0	0	7	55	-81.17	-27.793	-8.522	0	0	0	0	8	55	-84.929	-56.188	-3.063	0	0	0	0	9	55	-154.263	-2.086	1.524	0	0	0	0	10	55	3.822629E+28	-3.96273E+28	-3.270271E+28	0	0	0	0	1	0	-79.096	-19.595	0.977	5	5	5	4	2	0	-78.277	-10.303	0.035	5	5	5	1	0	0	-87.203	-5.704	-0.466	0	0	0	0	54587816	54587826	54587826
12432	0	0	4	55	-84.975	-23.004	2.691	0	0	0	0	5	55	-82.583	-37.94	1.929	0	0	0	0	6	55	-83.648	-32.669	12.855	0	0	0	0	7	55	-80.975	-28.506	-8.938	0	0	0	0	8	55	-85.245	-56.132	-3.218	0	0	0	0	9	55	-154.204	-1.923	1.559	0	0	0	0	10	55	3.816205E+28	-3.966295E+28	-3.273449E+28	0	0	0	0	1	0	-79.096	-19.595	0.977	5	5	5	4	2	0	-78.277	-10.303	0.035	5	5	5	1	0	0	-87.203	-5.704	-0.466	0	0	0	0	54587834	54587842	0
12432	0	0	4	55	-84.975	-23.004	2.691	0	0	0	0	5	55	-82.583	-37.94	1.929	0	0	0	0	6	55	-83.648	-32.669	12.855	0	0	0	0	7	55	-80.975	-28.506	-8.938	0	0	0	0	8	55	-85.245	-56.132	-3.218	0	0	0	0	9	55	-154.204	-1.923	1.559	0	0	0	0	10	55	3.816206E+28	-3.966295E+28	-3.273449E+28	0	0	0	0	1	0	-79.096	-19.595	0.977	5	5	5	4	2	0	-78.277	-10.303	0.035	5	5	5	1	0	0	-87.203	-5.704	-0.466	0	0	0	0	54587834	54587842	54587842
12448	0	0	4	55	-84.973	-23.084	2.684	0	0	0	0	5	55	-82.743	-38.057	1.765	0	0	0	0	6	55	-83.583	-32.74	12.77	0	0	0	0	7	55	-80.967	-28.697	-9.078	0	0	0	0	8	55	-85.394	-56.212	-3.341	0	0	0	0	9	55	-154.109	-1.792	1.53	0	0	0	0	10	55	3.811728E+28	-3.96715E+28	-3.277628E+28	0	0	0	0	1	0	-79.096	-19.595	0.977	5	5	5	4	2	0	-78.277	-10.303	0.035	5	5	5	1	0	0	-87.203	-5.704	-0.466	0	0	0	0	54587850	54587859	0
12449	0	0	4	55	-84.973	-23.084	2.684	0	0	0	0	5	55	-82.743	-38.057	1.765	0	0	0	0	6	55	-83.583	-32.74	12.77	0	0	0	0	7	55	-80.967	-28.697	-9.078	0	0	0	0	8	55	-85.394	-56.212	-3.341	0	0	0	0	9	55	-154.109	-1.792	1.53	0	0	0	0	10	55	3.811728E+28	-3.96715E+28	-3.277629E+28	0	0	0	0	1	0	-79.096	-19.595	0.977	5	5	5	4	2	0	-78.277	-10.303	0.035	5	5	5	1	0	0	-87.203	-5.704	-0.466	0	0	0	0	54587850	54587859	54587859
12465	0	0	4	55	-84.867	-23.213	2.649	0	0	0	0	5	55	-82.796	-38.111	1.694	0	0	0	0	6	55	-83.521	-32.712	12.915	0	0	0	0	7	55	-81.217	-28.615	-9.123	0	0	0	0	8	55	-85.571	-56.125	-3.084	0	0	0	0	9	55	-154.005	-1.644	1.775	0	0	0	0	10	55	3.800211E+28	-3.97327E+28	-3.283583E+28	0	0	0	0	1	0	-79.096	-19.595	0.977	5	5	5	4	2	0	-78.277	-10.303	0.035	5	5	5	1	0	0	-87.203	-5.704	-0.466	0	0	0	0	54587867	54587876	54587876
12482	0	0	4	55	-84.915	-23.14	2.418	0	0	0	0	5	55	-82.828	-38.031	1.578	0	0	0	0	6	55	-83.675	-32.619	12.836	0	0	0	0	7	55	-81.25	-29.072	-9.278	0	0	0	0	8	55	-85.553	-56.132	-3.271	0	0	0	0	9	55	-154.028	-1.481	1.739	0	0	0	0	10	55	3.795434E+28	-3.974669E+28	-3.287414E+28	0	0	0	0	1	0	-79.096	-19.595	0.977	5	5	5	4	2	0	-78.277	-10.303	0.035	5	5	5	1	0	0	-87.203	-5.704	-0.466	0	0	0	0	54587883	54587892	0
12482	0	0	4	55	-84.915	-23.14	2.418	0	0	0	0	5	55	-82.828	-38.031	1.578	0	0	0	0	6	55	-83.675	-32.619	12.836	0	0	0	0	7	55	-81.25	-29.072	-9.278	0	0	0	0	8	55	-85.553	-56.132	-3.271	0	0	0	0	9	55	-154.028	-1.481	1.739	0	0	0	0	10	55	3.795433E+28	-3.974669E+28	-3.287415E+28	0	0	0	0	1	0	-79.096	-19.595	0.977	5	5	5	4	2	0	-78.277	-10.303	0.035	5	5	5	1	0	0	-87.203	-5.704	-0.466	0	0	0	0	54587884	54587892	54587892
12498	0	0	4	55	-84.916	-23.411	2.39	0	0	0	0	5	55	-82.897	-38.22	1.521	0	0	0	0	6	55	-83.657	-32.739	12.8	0	0	0	0	7	55	-81.212	-29.483	-9.623	0	0	0	0	8	55	-85.624	-56.255	-3.199	0	0	0	0	9	55	-153.999	-1.453	1.785	0	0	0	0	10	55	3.793331E+28	-3.978742E+28	-3.284912E+28	0	0	0	0	1	0	-79.096	-19.595	0.977	5	5	5	4	2	0	-78.277	-10.303	0.035	5	5	5	1	0	0	-87.203	-5.704	-0.466	0	0	0	0	54587900	54587909	0
12499	0	0	4	55	-84.916	-23.411	2.39	0	0	0	0	5	55	-82.897	-38.22	1.521	0	0	0	0	6	55	-83.657	-32.739	12.8	0	0	0	0	7	55	-81.212	-29.483	-9.623	0	0	0	0	8	55	-85.624	-56.255	-3.199	0	0	0	0	9	55	-153.999	-1.453	1.785	0	0	0	0	10	55	3.793331E+28	-3.978741E+28	-3.284912E+28	0	0	0	0	1	0	-79.096	-19.595	0.977	5	5	5	4	2	0	-78.277	-10.303	0.035	5	5	5	1	0	0	-87.203	-5.704	-0.466	0	0	0	0	54587901	54587909	54587909
12515	0	0	4	55	-84.944	-23.684	2.079	0	0	0	0	5	55	-82.976	-38.458	1.499	0	0	0	0	6	55	-83.589	-32.958	12.656	0	0	0	0	7	55	-81.045	-29.593	-9.802	0	0	0	0	8	55	-85.672	-56.347	-3.098	0	0	0	0	9	55	-153.952	-1.571	1.722	0	0	0	0	10	55	3.800042E+28	-3.9794E+28	-3.276348E+28	0	0	0	0	1	0	-79.096	-19.595	0.977	5	5	5	4	2	0	-78.277	-10.303	0.035	5	5	5	1	0	0	-87.203	-5.704	-0.466	0	0	0	0	54587917	54587926	54587926
12532	0	0	4	55	-85.102	-23.865	2.139	0	0	0	0	5	55	-82.948	-38.625	1.328	0	0	0	0	6	55	-83.588	-32.992	12.611	0	0	0	0	7	55	-81.22	-29.939	-9.876	0	0	0	0	8	55	-85.793	-56.406	-3.084	0	0	0	0	9	55	-154.275	-1.694	1.664	0	0	0	0	10	55	3.79998E+28	-3.980688E+28	-3.274854E+28	0	0	0	0	1	0	-79.096	-19.595	0.977	5	5	5	4	2	0	-78.277	-10.303	0.035	5	5	5	1	0	0	-87.203	-5.704	-0.466	0	0	0	0	54587933	54587942	0
12532	0	0	4	55	-85.102	-23.865	2.139	0	0	0	0	5	55	-82.948	-38.625	1.328	0	0	0	0	6	55	-83.588	-32.992	12.611	0	0	0	0	7	55	-81.22	-29.939	-9.876	0	0	0	0	8	55	-85.793	-56.406	-3.084	0	0	0	0	9	55	-154.275	-1.694	1.664	0	0	0	0	10	55	3.79998E+28	-3.980688E+28	-3.274854E+28	0	0	0	0	1	0	-79.096	-19.595	0.977	5	5	5	4	2	0	-78.277	-10.303	0.035	5	5	5	1	0	0	-87.203	-5.704	-0.466	0	0	0	0	54587934	54587942	54587942
12549	0	0	4	55	-84.69	-24.483	1.497	0	0	0	0	5	55	-83.093	-39.078	1.227	0	0	0	0	6	55	-83.617	-33.228	12.614	0	0	0	0	7	55	-81.425	-30.884	-10.384	0	0	0	0	8	55	-85.924	-56.727	-2.942	0	0	0	0	9	55	-154.353	-1.931	1.662	0	0	0	0	10	55	3.799355E+28	-3.982972E+28	-3.272802E+28	0	0	0	0	1	0	-79.096	-19.595	0.977	5	5	5	4	2	0	-78.277	-10.303	0.035	5	5	5	1	0	0	-87.203	-5.704	-0.466	0	0	0	0	54587950	54587959	0
12549	0	0	4	55	-84.69	-24.483	1.497	0	0	0	0	5	55	-83.093	-39.078	1.227	0	0	0	0	6	55	-83.617	-33.228	12.614	0	0	0	0	7	55	-81.425	-30.884	-10.384	0	0	0	0	8	55	-85.924	-56.727	-2.942	0	0	0	0	9	55	-154.353	-1.931	1.662	0	0	0	0	10	55	3.799355E+28	-3.982971E+28	-3.272803E+28	0	0	0	0	1	0	-79.096	-19.595	0.977	5	5	5	4	2	0	-78.277	-10.303	0.035	5	5	5	1	0	0	-87.203	-5.704	-0.466	0	0	0	0	54587950	54587959	54587959
12565	0	0	4	55	-84.724	-24.957	1.289	0	0	0	0	5	55	-83.256	-39.281	1.189	0	0	0	0	6	55	-83.683	-33.455	12.521	0	0	0	0	7	55	-81.39	-31.753	-10.87	0	0	0	0	8	55	-85.965	-56.965	-2.916	0	0	0	0	9	55	-154.416	-2.188	1.476	0	0	0	0	10	55	3.802767E+28	-3.977287E+28	-3.275751E+28	0	0	0	0	1	0	-79.096	-19.595	0.977	5	5	5	4	2	0	-78.277	-10.303	0.035	5	5	5	1	0	0	-87.203	-5.704	-0.466	0	0	0	0	54587965	54587976	54587976
12582	0	0	4	55	-84.465	-26.139	1.133	0	0	0	0	5	55	-83.608	-40.036	1.138	0	0	0	0	6	55	-83.687	-34.125	12.514	0	0	0	0	7	55	-81.718	-32.185	-11.078	0	0	0	0	8	55	-86.296	-57.484	-2.825	0	0	0	0	9	55	-154.694	-2.268	1.611	0	0	0	0	10	55	3.797568E+28	-3.980994E+28	-3.277279E+28	0	0	0	0	1	0	-79.096	-19.595	0.977	5	5	5	4	2	0	-78.277	-10.303	0.035	5	5	5	1	0	0	-87.203	-5.704	-0.466	0	0	0	0	54587983	54587992	0
12582	0	0	4	55	-84.465	-26.139	1.133	0	0	0	0	5	55	-83.608	-40.036	1.138	0	0	0	0	6	55	-83.687	-34.125	12.514	0	0	0	0	7	55	-81.718	-32.185	-11.078	0	0	0	0	8	55	-86.296	-57.484	-2.825	0	0	0	0	9	55	-154.694	-2.268	1.611	0	0	0	0	10	55	3.797568E+28	-3.980993E+28	-3.27728E+28	0	0	0	0	1	0	-79.096	-19.595	0.977	5	5	5	4	2	0	-78.277	-10.303	0.035	5	5	5	1	0	0	-87.203	-5.704	-0.466	0	0	0	0	54587983	54587992	54587992
12598	0	0	4	55	-84.637	-27.204	1.008	0	0	0	0	5	55	-84.108	-40.871	0.86	0	0	0	0	6	55	-83.917	-34.948	12.312	0	0	0	0	7	55	-81.738	-33.592	-11.415	0	0	0	0	8	55	-86.644	-58.165	-2.689	0	0	0	0	9	55	-154.978	-2.413	1.514	0	0	0	0	10	55	3.798722E+28	-3.982838E+28	-3.273699E+28	0	0	0	0	1	0	-79.096	-19.595	0.977	5	5	5	4	2	0	-78.277	-10.303	0.035	5	5	5	1	0	0	-87.203	-5.704	-0.466	0	0	0	0	54588000	54588009	0
12599	0	0	4	55	-84.637	-27.204	1.008	0	0	0	0	5	55	-84.108	-40.871	0.86	0	0	0	0	6	55	-83.917	-34.948	12.312	0	0	0	0	7	55	-81.738	-33.592	-11.415	0	0	0	0	8	55	-86.644	-58.165	-2.689	0	0	0	0	9	55	-154.978	-2.413	1.514	0	0	0	0	10	55	3.798722E+28	-3.982838E+28	-3.273699E+28	0	0	0	0	1	0	-79.096	-19.595	0.977	5	5	5	4	2	0	-78.277	-10.303	0.035	5	5	5	1	0	0	-87.203	-5.704	-0.466	0	0	0	0	54588001	54588009	54588009
12615	0	0	4	55	-85.009	-28.157	0.596	0	0	0	0	5	55	-84.58	-41.456	0.852	0	0	0	0	6	55	-84.197	-35.552	12.254	0	0	0	0	7	55	-82.288	-34.462	-11.691	0	0	0	0	8	55	-87.182	-58.649	-2.633	0	0	0	0	9	55	-154.94	-2.283	1.684	0	0	0	0	10	55	3.793424E+28	-3.97869E+28	-3.284868E+28	0	0	0	0	1	0	-79.096	-19.595	0.977	5	5	5	4	2	0	-78.277	-10.303	0.035	5	5	5	1	0	0	-87.203	-5.704	-0.466	0	0	0	0	54588017	54588026	54588026
12632	0	0	4	55	-85.056	-28.501	0.597	0	0	0	0	5	55	-84.681	-41.771	0.71	0	0	0	0	6	55	-84.11	-35.813	12.303	0	0	0	0	7	55	-82.326	-34.597	-11.736	0	0	0	0	8	55	-87.176	-59.112	-2.609	0	0	0	0	9	55	-155.058	-2.439	1.532	0	0	0	0	10	55	3.800536E+28	-3.977627E+28	-3.277926E+28	0	0	0	0	1	0	-79.096	-19.595	0.977	5	5	5	4	2	0	-78.277	-10.303	0.035	5	5	5	1	0	0	-87.203	-5.704	-0.466	0	0	0	0	54588034	54588042	0
12632	0	0	4	55	-85.056	-28.501	0.597	0	0	0	0	5	55	-84.681	-41.771	0.71	0	0	0	0	6	55	-84.11	-35.813	12.303	0	0	0	0	7	55	-82.326	-34.597	-11.736	0	0	0	0	8	55	-87.176	-59.112	-2.609	0	0	0	0	9	55	-155.058	-2.439	1.532	0	0	0	0	10	55	3.800537E+28	-3.977626E+28	-3.277927E+28	0	0	0	0	1	0	-79.096	-19.595	0.977	5	5	5	4	2	0	-78.277	-10.303	0.035	5	5	5	1	0	0	-87.203	-5.704	-0.466	0	0	0	0	54588034	54588042	54588042
12648	0	0	4	55	-85.312	-28.699	0.649	0	0	0	0	5	55	-84.998	-42.101	0.571	0	0	0	0	6	55	-84.376	-36.005	12.138	0	0	0	0	7	55	-82.45	-34.973	-11.565	0	0	0	0	8	55	-87.584	-59.345	-2.581	0	0	0	0	9	55	-155.057	-2.323	1.734	0	0	0	0	10	55	3.799825E+28	-3.975876E+28	-3.280874E+28	0	0	0	0	1	0	-79.096	-19.595	0.977	5	5	5	4	2	0	-78.277	-10.303	0.035	5	5	5	1	0	0	-87.203	-5.704	-0.466	0	0	0	0	54588051	54588059	0
12649	0	0	4	55	-85.312	-28.699	0.649	0	0	0	0	5	55	-84.998	-42.101	0.571	0	0	0	0	6	55	-84.376	-36.005	12.138	0	0	0	0	7	55	-82.45	-34.973	-11.565	0	0	0	0	8	55	-87.584	-59.345	-2.581	0	0	0	0	9	55	-155.057	-2.323	1.734	0	0	0	0	10	55	3.799826E+28	-3.975875E+28	-3.280873E+28	0	0	0	0	1	0	-79.096	-19.595	0.977	5	5	5	4	2	0	-78.277	-10.303	0.035	5	5	5	1	0	0	-87.203	-5.704	-0.466	0	0	0	0	54588051	54588059	54588059
12665	0	0	4	55	-85.329	-29.12	0.609	0	0	0	0	5	55	-85.058	-42.324	0.484	0	0	0	0	6	55	-84.365	-36.259	12.159	0	0	0	0	7	55	-82.516	-35.346	-11.779	0	0	0	0	8	55	-87.534	-59.656	-2.604	0	0	0	0	9	55	-155.208	-2.677	1.665	0	0	0	0	10	55	3.811045E+28	-3.971184E+28	-3.273535E+28	0	0	0	0	1	0	-79.096	-19.595	0.977	5	5	5	4	2	0	-78.277	-10.303	0.035	5	5	5	1	0	0	-87.203	-5.704	-0.466	0	0	0	0	54588067	54588075	54588076
12682	0	0	4	55	-85.354	-29.229	0.531	0	0	0	0	5	55	-85.074	-42.455	0.381	0	0	0	0	6	55	-84.293	-36.433	12.119	0	0	0	0	7	55	-82.817	-35.401	-11.906	0	0	0	0	8	55	-87.564	-59.665	-2.545	0	0	0	0	9	55	-155.299	-2.776	1.596	0	0	0	0	10	55	3.815835E+28	-3.967057E+28	-3.272959E+28	0	0	0	0	1	0	-79.096	-19.595	0.977	5	5	5	4	2	0	-78.277	-10.303	0.035	5	5	5	1	0	0	-87.203	-5.704	-0.466	0	0	0	0	54588084	54588092	0
12682	0	0	4	55	-85.354	-29.229	0.531	0	0	0	0	5	55	-85.074	-42.455	0.381	0	0	0	0	6	55	-84.293	-36.433	12.119	0	0	0	0	7	55	-82.817	-35.401	-11.906	0	0	0	0	8	55	-87.564	-59.665	-2.545	0	0	0	0	9	55	-155.299	-2.776	1.596	0	0	0	0	10	55	3.815834E+28	-3.967057E+28	-3.272959E+28	0	0	0	0	1	0	-79.096	-19.595	0.977	5	5	5	4	2	0	-78.277	-10.303	0.035	5	5	5	1	0	0	-87.203	-5.704	-0.466	0	0	0	0	54588084	54588093	54588093
12698	0	0	4	55	-85.142	-29.356	0.381	0	0	0	0	5	55	-84.916	-42.301	0.484	0	0	0	0	6	55	-84.109	-36.444	12.143	0	0	0	0	7	55	-82.618	-35.539	-11.971	0	0	0	0	8	55	-87.392	-59.532	-2.644	0	0	0	0	9	55	-155.305	-2.72	1.549	0	0	0	0	10	55	3.815268E+28	-3.963361E+28	-3.278093E+28	0	0	0	0	1	0	-79.096	-19.595	0.977	5	5	5	4	2	0	-78.277	-10.303	0.035	5	5	5	1	0	0	-87.203	-5.704	-0.466	0	0	0	0	54588100	54588109	0
12699	0	0	4	55	-85.142	-29.356	0.381	0	0	0	0	5	55	-84.916	-42.301	0.484	0	0	0	0	6	55	-84.109	-36.444	12.143	0	0	0	0	7	55	-82.618	-35.539	-11.971	0	0	0	0	8	55	-87.392	-59.532	-2.644	0	0	0	0	9	55	-155.305	-2.72	1.549	0	0	0	0	10	55	3.815269E+28	-3.963361E+28	-3.278092E+28	0	0	0	0	1	0	-79.096	-19.595	0.977	5	5	5	4	2	0	-78.277	-10.303	0.035	5	5	5	1	0	0	-87.203	-5.704	-0.466	0	0	0	0	54588101	54588109	54588109
12715	0	0	4	55	-84.978	-29.374	0.352	0	0	0	0	5	55	-84.737	-42.259	0.162	0	0	0	0	6	55	-83.955	-36.428	12.336	0	0	0	0	7	55	-82.593	-35.189	-11.966	0	0	0	0	8	55	-87.186	-59.45	-2.712	0	0	0	0	9	55	-155.327	-2.727	1.516	0	0	0	0	10	55	3.816511E+28	-3.963264E+28	-3.276763E+28	0	0	0	0	1	0	-79.096	-19.595	0.977	5	5	5	4	2	0	-78.277	-10.303	0.035	5	5	5	1	0	0	-87.203	-5.704	-0.466	0	0	0	0	54588116	54588126	54588126
12732	0	0	4	55	-84.527	-29.265	0.201	0	0	0	0	5	55	-84.548	-41.864	0.04	0	0	0	0	6	55	-83.658	-36.341	12.412	0	0	0	0	7	55	-82.01	-35.772	-12.221	0	0	0	0	8	55	-87.101	-58.838	-2.72	0	0	0	0	9	55	-155.336	-2.512	1.488	0	0	0	0	10	55	3.810334E+28	-3.959986E+28	-3.287896E+28	0	0	0	0	1	0	-79.096	-19.595	0.977	5	5	5	4	2	0	-78.277	-10.303	0.035	5	5	5	1	0	0	-87.203	-5.704	-0.466	0	0	0	0	54588132	54588142	0
12732	0	0	4	55	-84.527	-29.265	0.202	0	0	0	0	5	55	-84.548	-41.864	0.04	0	0	0	0	6	55	-83.658	-36.341	12.412	0	0	0	0	7	55	-82.01	-35.772	-12.221	0	0	0	0	8	55	-87.101	-58.838	-2.72	0	0	0	0	9	55	-155.336	-2.512	1.488	0	0	0	0	10	55	3.810334E+28	-3.959986E+28	-3.287897E+28	0	0	0	0	1	0	-79.096	-19.595	0.977	5	5	5	4	2	0	-78.277	-10.303	0.035	5	5	5	1	0	0	-87.203	-5.704	-0.466	0	0	0	0	54588132	54588142	54588142
12748	0	0	4	55	-83.914	-28.834	0.185	0	0	0	0	5	55	-84.359	-41.104	0.019	0	0	0	0	6	55	-83.057	-35.737	12.753	0	0	0	0	7	55	-81.828	-35.03	-12.327	0	0	0	0	8	55	-86.937	-58.135	-2.676	0	0	0	0	9	55	-154.581	-1.657	1.606	0	0	0	0	10	55	3.808194E+28	-3.956021E+28	-3.295141E+28	0	0	0	0	1	0	-79.096	-19.595	0.977	5	5	5	4	2	0	-78.277	-10.303	0.035	5	5	5	1	0	0	-87.203	-5.704	-0.466	0	0	0	0	54588150	54588159	0
12749	0	0	4	55	-83.914	-28.834	0.185	0	0	0	0	5	55	-84.359	-41.104	0.019	0	0	0	0	6	55	-83.057	-35.737	12.753	0	0	0	0	7	55	-81.828	-35.03	-12.327	0	0	0	0	8	55	-86.937	-58.135	-2.676	0	0	0	0	9	55	-154.581	-1.657	1.606	0	0	0	0	10	55	3.808194E+28	-3.956021E+28	-3.29514E+28	0	0	0	0	1	0	-79.096	-19.595	0.977	5	5	5	4	2	0	-78.277	-10.303	0.035	5	5	5	1	0	0	-87.203	-5.704	-0.466	0	0	0	0	54588150	54588159	54588159
12765	0	0	4	55	-82.859	-27.685	0.29	0	0	0	0	5	55	-83.621	-39.899	0.189	0	0	0	0	6	55	-82.681	-35.008	12.819	0	0	0	0	7	55	-81.436	-34.271	-12.175	0	0	0	0	8	55	-86.864	-56.771	-2.634	0	0	0	0	9	55	-153.792	-0.958	1.633	0	0	0	0	10	55	3.805812E+28	-3.955837E+28	-3.298112E+28	0	0	0	0	1	0	-79.096	-19.595	0.977	5	5	5	4	2	0	-78.277	-10.303	0.035	5	5	5	1	0	0	-87.203	-5.704	-0.466	0	0	0	0	54588167	54588176	54588176
12782	0	0	4	55	-82.204	-26.814	0.379	0	0	0	0	5	55	-83.089	-39.118	0.041	0	0	0	0	6	55	-82.385	-34.565	12.846	0	0	0	0	7	55	-81.426	-34.061	-11.432	0	0	0	0	8	55	-86.776	-55.806	-2.639	0	0	0	0	9	55	-153.393	-0.607	1.786	0	0	0	0	10	55	3.804992E+28	-3.953961E+28	-3.301306E+28	0	0	0	0	1	0	-79.096	-19.595	0.977	5	5	5	4	2	0	-78.277	-10.303	0.035	5	5	5	1	0	0	-87.203	-5.704	-0.466	0	0	0	0	54588184	54588192	0
12782	0	0	4	55	-82.204	-26.814	0.379	0	0	0	0	5	55	-83.089	-39.118	0.041	0	0	0	0	6	55	-82.385	-34.565	12.846	0	0	0	0	7	55	-81.426	-34.061	-11.432	0	0	0	0	8	55	-86.776	-55.806	-2.639	0	0	0	0	9	55	-153.393	-0.607	1.786	0	0	0	0	10	55	3.804992E+28	-3.953961E+28	-3.301306E+28	0	0	0	0	1	0	-79.096	-19.595	0.977	5	5	5	4	2	0	-78.277	-10.303	0.035	5	5	5	1	0	0	-87.203	-5.704	-0.466	0	0	0	0	54588184	54588192	54588192
12798	0	0	4	55	-80.858	-24.914	0.455	0	0	0	0	5	55	-82.079	-37.217	0.065	0	0	0	0	6	55	-81.813	-34.15	12.744	0	0	0	0	7	55	-79.634	-33.451	-11.849	0	0	0	0	8	55	-86.614	-53.781	-2.728	0	0	0	0	9	55	-152.793	0.156	1.802	0	0	0	0	10	55	3.800359E+28	-3.955461E+28	-3.304843E+28	0	0	0	0	1	0	-79.096	-19.595	0.977	5	5	5	4	2	0	-78.277	-10.303	0.035	5	5	5	1	0	0	-87.203	-5.704	-0.466	0	0	0	0	54588200	54588209	0
12798	0	0	4	55	-80.858	-24.914	0.455	0	0	0	0	5	55	-82.079	-37.217	0.065	0	0	0	0	6	55	-81.813	-34.15	12.744	0	0	0	0	7	55	-79.634	-33.451	-11.849	0	0	0	0	8	55	-86.614	-53.781	-2.728	0	0	0	0	9	55	-152.793	0.156	1.802	0	0	0	0	10	55	3.80036E+28	-3.955461E+28	-3.304843E+28	0	0	0	0	1	0	-79.096	-19.595	0.977	5	5	5	4	2	0	-78.277	-10.303	0.035	5	5	5	1	0	0	-87.203	-5.704	-0.466	0	0	0	0	54588200	54588209	54588209
12815	0	0	4	55	-80.622	-23.838	0.848	0	0	0	0	5	55	-81.908	-36.394	0.156	0	0	0	0	6	55	-81.344	-33.067	13.14	0	0	0	0	7	55	-79.994	-33.04	-11.73	0	0	0	0	8	55	-86.598	-52.874	-2.688	0	0	0	0	9	55	-152.365	0.494	1.993	0	0	0	0	10	55	3.796565E+28	-3.958417E+28	-3.305665E+28	0	0	0	0	1	1	-79.096	-19.595	0.977	5	5	5	4	2	0	-78.277	-10.303	0.035	5	5	5	1	0	0	-87.203	-5.704	-0.466	0	0	0	0	54588217	54588225	54588226
12832	0	0	4	55	-80.562	-22.551	1.009	0	0	0	0	5	55	-81.523	-35.082	0.194	0	0	0	0	6	55	-81.562	-31.418	12.837	0	0	0	0	7	55	-79.689	-32.37	-11.544	0	0	0	0	8	55	-86.802	-51.48	-2.583	0	0	0	0	9	55	-151.965	0.809	2.242	0	0	0	0	10	55	3.794196E+28	-3.967627E+28	-3.297333E+28	0	0	0	0	1	2	-79.096	-19.595	0.977	5	5	5	4	2	0	-78.277	-10.303	0.035	5	5	5	1	0	0	-87.203	-5.704	-0.466	0	0	0	0	54588234	54588242	0
12832	0	0	4	55	-80.562	-22.551	1.009	0	0	0	0	5	55	-81.523	-35.082	0.194	0	0	0	0	6	55	-81.562	-31.418	12.837	0	0	0	0	7	55	-79.689	-32.37	-11.544	0	0	0	0	8	55	-86.802	-51.48	-2.583	0	0	0	0	9	55	-151.965	0.809	2.242	0	0	0	0	10	55	3.794197E+28	-3.967627E+28	-3.297332E+28	0	0	0	0	1	2	-79.096	-19.595	0.977	5	5	5	4	2	0	-78.277	-10.303	0.035	5	5	5	1	0	0	-87.203	-5.704	-0.466	0	0	0	0	54588234	54588242	54588242
12849	0	0	4	55	-81.13	-22.57	0.816	0	0	0	0	5	55	-81.699	-35.008	0.185	0	0	0	0	6	55	-81.652	-31.535	12.637	0	0	0	0	7	55	-80.213	-32.596	-11.818	0	0	0	0	8	55	-87.157	-51.352	-2.845	0	0	0	0	9	55	-152.447	-0.177	2.227	0	0	0	0	10	55	3.813842E+28	-3.942945E+28	-3.304268E+28	0	0	0	0	1	2	-79.096	-19.595	0.977	5	5	5	4	2	0	-78.277	-10.303	0.035	5	5	5	1	0	0	-87.203	-5.704	-0.466	0	0	0	0	54588251	54588259	0
12849	0	0	4	55	-81.13	-22.57	0.816	0	0	0	0	5	55	-81.699	-35.008	0.185	0	0	0	0	6	55	-81.652	-31.535	12.637	0	0	0	0	7	55	-80.214	-32.596	-11.818	0	0	0	0	8	55	-87.157	-51.352	-2.845	0	0	0	0	9	55	-152.447	-0.177	2.227	0	0	0	0	10	55	3.813841E+28	-3.942946E+28	-3.304268E+28	0	0	0	0	1	2	-79.096	-19.595	0.977	5	5	5	4	2	0	-78.277	-10.303	0.035	5	5	5	1	0	0	-87.203	-5.704	-0.466	0	0	0	0	54588251	54588260	54588260
12865	0	0	4	55	-81.164	-22.288	0.898	0	0	0	0	5	55	-81.627	-34.855	0.222	0	0	0	0	6	55	-81.522	-31.274	12.602	0	0	0	0	7	55	-80.278	-32.514	-11.813	0	0	0	0	8	55	-87.203	-51.18	-2.831	0	0	0	0	9	55	-152.568	-0.235	2.228	0	0	0	0	10	55	3.815696E+28	-3.946665E+28	-3.29768E+28	0	0	0	0	1	2	-79.096	-19.595	0.977	5	5	5	4	2	0	-78.277	-10.303	0.035	5	5	5	1	0	0	-87.203	-5.704	-0.466	0	0	0	0	54588265	54588276	54588276
12882	0	0	4	55	-81.751	-21.947	0.887	0	0	0	0	5	55	-81.982	-34.54	0.222	0	0	0	0	6	55	-81.693	-30.84	12.61	0	0	0	0	7	55	-80.102	-32.394	-11.739	0	0	0	0	8	55	-87.603	-50.943	-2.82	0	0	0	0	9	55	-153.201	-0.469	2.377	0	0	0	0	10	55	3.82484E+28	-3.942294E+28	-3.292311E+28	0	0	0	0	1	2	-79.096	-19.595	0.977	5	5	5	4	2	0	-78.277	-10.303	0.035	5	5	5	1	0	0	-87.203	-5.704	-0.466	0	0	0	0	54588284	54588292	0
12882	0	0	4	55	-81.751	-21.948	0.887	0	0	0	0	5	55	-81.982	-34.54	0.222	0	0	0	0	6	55	-81.693	-30.84	12.61	0	0	0	0	7	55	-80.102	-32.394	-11.739	0	0	0	0	8	55	-87.603	-50.943	-2.82	0	0	0	0	9	55	-153.201	-0.469	2.377	0	0	0	0	10	55	3.824841E+28	-3.942293E+28	-3.292311E+28	0	0	0	0	1	2	-79.096	-19.595	0.977	5	5	5	4	2	0	-78.277	-10.303	0.035	5	5	5	1	0	0	-87.203	-5.704	-0.466	0	0	0	0	54588284	54588292	54588292
12898	0	0	4	55	-82.773	-21.813	1.039	0	0	0	0	5	55	-82.681	-34.403	0.377	0	0	0	0	6	55	-81.94	-30.958	12.094	0	0	0	0	7	55	-80.192	-31.719	-11.532	0	0	0	0	8	55	-87.479	-51.179	-2.806	0	0	0	0	9	55	-154.103	-0.988	2.392	0	0	0	0	10	55	3.824426E+28	-3.945808E+28	-3.28858E+28	0	0	0	0	1	2	-79.096	-19.595	0.977	5	5	5	4	2	0	-78.277	-10.303	0.035	5	5	5	1	0	0	-87.203	-5.704	-0.466	0	0	0	0	54588300	54588309	0
12898	0	0	4	55	-82.773	-21.813	1.039	0	0	0	0	5	55	-82.681	-34.403	0.377	0	0	0	0	6	55	-81.94	-30.959	12.094	0	0	0	0	7	55	-80.192	-31.719	-11.532	0	0	0	0	8	55	-87.479	-51.179	-2.806	0	0	0	0	9	55	-154.103	-0.988	2.392	0	0	0	0	10	55	3.824427E+28	-3.945808E+28	-3.28858E+28	0	0	0	0	1	2	-79.096	-19.595	0.977	5	5	5	4	2	0	-78.277	-10.303	0.035	5	5	5	1	0	0	-87.203	-5.704	-0.466	0	0	0	0	54588300	54588309	54588309
12915	0	0	4	55	-84.798	-21.527	0.506	0	0	0	0	5	55	-83.909	-34.752	0.226	0	0	0	0	6	55	-82.572	-30.142	11.868	0	0	0	0	7	55	-80.33	-31.865	-12.06	0	0	0	0	8	55	-87.91	-51.669	-2.969	0	0	0	0	9	55	-155.226	-1.923	2.376	0	0	0	0	10	55	3.831628E+28	-3.933469E+28	-3.294971E+28	0	0	0	0	1	0	-79.096	-19.595	0.977	5	5	5	4	2	0	-78.277	-10.303	0.035	5	5	5	1	0	0	-87.203	-5.704	-0.466	0	0	0	0	54588317	54588325	54588326
12932	0	0	4	55	-85.882	-21.798	0.268	0	0	0	0	5	55	-84.387	-35.092	0.127	0	0	0	0	6	55	-82.883	-30.412	11.684	0	0	0	0	7	55	-80.764	-31.556	-11.541	0	0	0	0	8	55	-87.873	-52.226	-3.035	0	0	0	0	9	55	-155.775	-2.396	2.212	0	0	0	0	10	55	3.838843E+28	-3.926033E+28	-3.295443E+28	0	0	0	0	1	0	-79.096	-19.595	0.977	5	5	5	4	2	0	-78.277	-10.303	0.035	5	5	5	1	0	0	-87.203	-5.704	-0.466	0	0	0	0	54588334	54588342	0
12932	0	0	4	55	-85.882	-21.798	0.268	0	0	0	0	5	55	-84.387	-35.092	0.127	0	0	0	0	6	55	-82.883	-30.412	11.684	0	0	0	0	7	55	-80.764	-31.556	-11.541	0	0	0	0	8	55	-87.873	-52.226	-3.035	0	0	0	0	9	55	-155.775	-2.396	2.212	0	0	0	0	10	55	3.838843E+28	-3.926035E+28	-3.295442E+28	0	0	0	0	1	0	-79.096	-19.595	0.977	5	5	5	4	2	0	-78.277	-10.303	0.035	5	5	5	1	0	0	-87.203	-5.704	-0.466	0	0	0	0	54588334	54588342	54588342
12948	0	0	4	55	-86.453	-22.637	0.052	0	0	0	0	5	55	-85.172	-35.815	0.435	0	0	0	0	6	55	-83.711	-30.947	11.522	0	0	0	0	7	55	-81.093	-31.741	-11.677	0	0	0	0	8	55	-87.518	-53.328	-3.066	0	0	0	0	9	55	-156.334	-2.518	1.977	0	0	0	0	10	55	3.834408E+28	-3.929025E+28	-3.29704E+28	0	0	0	0	1	0	-79.096	-19.595	0.977	5	5	5	4	2	0	-78.277	-10.303	0.035	5	5	5	1	0	0	-87.203	-5.704	-0.466	0	0	0	0	54588350	54588359	0
12948	0	0	4	55	-86.453	-22.637	0.052	0	0	0	0	5	55	-85.172	-35.815	0.435	0	0	0	0	6	55	-83.711	-30.947	11.522	0	0	0	0	7	55	-81.093	-31.741	-11.677	0	0	0	0	8	55	-87.518	-53.328	-3.066	0	0	0	0	9	55	-156.334	-2.518	1.977	0	0	0	0	10	55	3.834407E+28	-3.929026E+28	-3.29704E+28	0	0	0	0	1	0	-79.096	-19.595	0.977	5	5	5	4	2	0	-78.277	-10.303	0.035	5	5	5	1	0	0	-87.203	-5.704	-0.466	0	0	0	0	54588350	54588359	54588359
12965	0	0	4	55	-87.692	-23.581	0.079	0	0	0	0	5	55	-85.888	-36.718	-0.052	0	0	0	0	6	55	-84.382	-31.417	11.542	0	0	0	0	7	55	-82.061	-31.849	-11.606	0	0	0	0	8	55	-87.464	-54.216	-3.312	0	0	0	0	9	55	-156.857	-2.712	1.867	0	0	0	0	10	55	3.835418E+28	-3.921089E+28	-3.305303E+28	0	0	0	0	1	0	-79.096	-19.595	0.977	5	5	5	4	2	0	-78.277	-10.303	0.035	5	5	5	1	0	0	-87.203	-5.704	-0.466	0	0	0	0	54588367	54588376	54588376
12982	0	0	4	55	-87.995	-23.964	-0.265	0	0	0	0	5	55	-86.349	-37.018	-0.128	0	0	0	0	6	55	-84.694	-31.827	11.336	0	0	0	0	7	55	-82.75	-32.032	-11.725	0	0	0	0	8	55	-87.566	-54.562	-3.454	0	0	0	0	9	55	-157.125	-2.971	1.774	0	0	0	0	10	55	3.841053E+28	-3.914639E+28	-3.306405E+28	0	0	0	0	1	0	-79.096	-19.595	0.977	5	5	5	4	2	0	-78.277	-10.303	0.035	5	5	5	1	0	0	-87.203	-5.704	-0.466	0	0	0	0	54588384	54588392	0
12982	0	0	4	55	-87.995	-23.964	-0.265	0	0	0	0	5	55	-86.349	-37.018	-0.128	0	0	0	0	6	55	-84.694	-31.827	11.336	0	0	0	0	7	55	-82.75	-32.032	-11.725	0	0	0	0	8	55	-87.566	-54.562	-3.454	0	0	0	0	9	55	-157.125	-2.971	1.774	0	0	0	0	10	55	3.841053E+28	-3.914639E+28	-3.306404E+28	0	0	0	0	1	0	-79.096	-19.595	0.977	5	5	5	4	2	0	-78.277	-10.303	0.035	5	5	5	1	0	0	-87.203	-5.704	-0.466	0	0	0	0	54588384	54588392	54588392
12998	0	0	4	55	-88.531	-23.966	0.032	0	0	0	0	5	55	-86.775	-36.963	-0.058	0	0	0	0	6	55	-84.888	-31.802	11.42	0	0	0	0	7	55	-83.1	-32.4	-11.775	0	0	0	0	8	55	-87.537	-54.623	-3.333	0	0	0	0	9	55	-157.072	-2.817	1.938	0	0	0	0	10	55	3.831899E+28	-3.916675E+28	-3.314605E+28	0	0	0	0	1	0	-79.096	-19.595	0.977	5	5	5	4	2	0	-78.277	-10.303	0.035	5	5	5	1	0	0	-87.203	-5.704	-0.466	0	0	0	0	54588400	54588409	0
12998	0	0	4	55	-88.531	-23.966	0.032	0	0	0	0	5	55	-86.775	-36.963	-0.058	0	0	0	0	6	55	-84.888	-31.802	11.42	0	0	0	0	7	55	-83.1	-32.4	-11.775	0	0	0	0	8	55	-87.537	-54.623	-3.333	0	0	0	0	9	55	-157.072	-2.817	1.938	0	0	0	0	10	55	3.831899E+28	-3.916674E+28	-3.314605E+28	0	0	0	0	1	0	-79.096	-19.595	0.977	5	5	5	4	2	0	-78.277	-10.303	0.035	5	5	5	1	0	0	-87.203	-5.704	-0.466	0	0	0	0	54588400	54588409	54588409
13015	0	0	4	55	-88.832	-24.254	-0.458	0	0	0	0	5	55	-87.191	-37.468	-0.185	0	0	0	0	6	55	-85.272	-32.061	11.082	0	0	0	0	7	55	-83.595	-31.809	-11.686	0	0	0	0	8	55	-87.56	-55.13	-3.503	0	0	0	0	9	55	-157.371	-3.459	1.433	0	0	0	0	10	55	3.841936E+28	-3.915299E+28	-3.304597E+28	0	0	0	0	1	0	-79.096	-19.595	0.977	5	5	5	4	2	0	-78.277	-10.303	0.035	5	5	5	1	0	0	-87.203	-5.704	-0.466	0	0	0	0	54588417	54588426	54588426
13032	0	0	4	55	-89.065	-24.183	-0.48	0	0	0	0	5	55	-87.473	-37.508	-0.536	0	0	0	0	6	55	-85.435	-32.167	10.915	0	0	0	0	7	55	-83.877	-31.946	-11.651	0	0	0	0	8	55	-87.673	-55.294	-3.726	0	0	0	0	9	55	-157.475	-3.608	1.398	0	0	0	0	10	55	3.841634E+28	-3.912626E+28	-3.308111E+28	0	0	0	0	1	0	-79.096	-19.595	0.977	5	5	5	4	2	0	-78.277	-10.303	0.035	5	5	5	1	0	0	-87.203	-5.704	-0.466	0	0	0	0	54588433	54588442	0
13032	0	0	4	55	-89.065	-24.183	-0.48	0	0	0	0	5	55	-87.473	-37.508	-0.536	0	0	0	0	6	55	-85.435	-32.167	10.915	0	0	0	0	7	55	-83.877	-31.946	-11.651	0	0	0	0	8	55	-87.673	-55.294	-3.726	0	0	0	0	9	55	-157.475	-3.608	1.398	0	0	0	0	10	55	3.841633E+28	-3.912627E+28	-3.308111E+28	0	0	0	0	1	0	-79.096	-19.595	0.977	5	5	5	4	2	0	-78.277	-10.303	0.035	5	5	5	1	0	0	-87.203	-5.704	-0.466	0	0	0	0	54588433	54588443	54588443
13048	0	0	4	55	-89.495	-23.517	-0.446	0	0	0	0	5	55	-87.734	-37.135	-0.268	0	0	0	0	6	55	-85.741	-31.359	10.815	0	0	0	0	7	55	-84.279	-31.502	-11.732	0	0	0	0	8	55	-87.571	-55.293	-3.418	0	0	0	0	9	55	-157.283	-3.385	1.625	0	0	0	0	10	55	3.819847E+28	-3.932356E+28	-3.309945E+28	0	0	0	0	1	0	-79.096	-19.595	0.977	5	5	5	4	2	0	-78.277	-10.303	0.035	5	5	5	1	0	0	-87.203	-5.704	-0.466	0	0	0	0	54588451	54588459	0
13049	0	0	4	55	-89.495	-23.517	-0.446	0	0	0	0	5	55	-87.734	-37.135	-0.268	0	0	0	0	6	55	-85.741	-31.359	10.815	0	0	0	0	7	55	-84.279	-31.502	-11.732	0	0	0	0	8	55	-87.571	-55.293	-3.418	0	0	0	0	9	55	-157.283	-3.385	1.625	0	0	0	0	10	55	3.819848E+28	-3.932356E+28	-3.309945E+28	0	0	0	0	1	0	-79.096	-19.595	0.977	5	5	5	4	2	0	-78.277	-10.303	0.035	5	5	5	1	0	0	-87.203	-5.704	-0.466	0	0	0	0	54588451	54588459	54588459
13065	0	0	4	55	-89.811	-23.241	-0.362	0	0	0	0	5	55	-88.209	-36.99	-0.28	0	0	0	0	6	55	-86.295	-31.229	10.413	0	0	0	0	7	55	-84.703	-31.032	-11.649	0	0	0	0	8	55	-88.128	-55.269	-3.492	0	0	0	0	9	55	-157.672	-3.595	1.617	0	0	0	0	10	55	3.814247E+28	-3.934874E+28	-3.313409E+28	0	0	0	0	1	0	-79.096	-19.595	0.977	5	5	5	4	2	0	-78.277	-10.303	0.035	5	5	5	1	0	0	-87.203	-5.704	-0.466	0	0	0	0	54588467	54588475	54588475
13082	0	0	4	55	-89.775	-22.978	-0.238	0	0	0	0	5	55	-88.335	-36.849	-0.094	0	0	0	0	6	55	-86.231	-30.946	10.744	0	0	0	0	7	55	-84.728	-30.56	-11.4	0	0	0	0	8	55	-88.145	-55.193	-3.322	0	0	0	0	9	55	-157.678	-3.582	1.683	0	0	0	0	10	55	3.803435E+28	-3.943612E+28	-3.315449E+28	0	0	0	0	1	0	-79.096	-19.595	0.977	5	5	5	4	2	0	-78.277	-10.303	0.035	5	5	5	1	0	0	-87.203	-5.704	-0.466	0	0	0	0	54588484	54588492	0
13082	0	0	4	55	-89.775	-22.978	-0.238	0	0	0	0	5	55	-88.335	-36.849	-0.094	0	0	0	0	6	55	-86.231	-30.946	10.744	0	0	0	0	7	55	-84.728	-30.56	-11.4	0	0	0	0	8	55	-88.145	-55.193	-3.322	0	0	0	0	9	55	-157.678	-3.582	1.683	0	0	0	0	10	55	3.803436E+28	-3.943612E+28	-3.315448E+28	0	0	0	0	1	0	-79.096	-19.595	0.977	5	5	5	4	2	0	-78.277	-10.303	0.035	5	5	5	1	0	0	-87.203	-5.704	-0.466	0	0	0	0	54588484	54588493	54588493
13098	0	0	4	55	-89.868	-23.146	-0.399	0	0	0	0	5	55	-88.467	-37.027	-0.139	0	0	0	0	6	55	-86.377	-31.217	10.599	0	0	0	0	7	55	-84.995	-30.701	-11.442	0	0	0	0	8	55	-88.503	-55.264	-3.399	0	0	0	0	9	55	-157.868	-3.724	1.582	0	0	0	0	10	55	3.796181E+28	-3.952981E+28	-3.312604E+28	0	0	0	0	1	0	-79.096	-19.595	0.977	5	5	5	4	2	0	-78.277	-10.303	0.035	5	5	5	1	0	0	-87.203	-5.704	-0.466	0	0	0	0	54588500	54588509	0
13099	0	0	4	55	-89.868	-23.146	-0.399	0	0	0	0	5	55	-88.467	-37.027	-0.139	0	0	0	0	6	55	-86.377	-31.217	10.599	0	0	0	0	7	55	-84.995	-30.701	-11.442	0	0	0	0	8	55	-88.503	-55.264	-3.399	0	0	0	0	9	55	-157.868	-3.724	1.582	0	0	0	0	10	55	3.79618E+28	-3.952981E+28	-3.312605E+28	0	0	0	0	1	0	-79.096	-19.595	0.977	5	5	5	4	2	0	-78.277	-10.303	0.035	5	5	5	1	0	0	-87.203	-5.704	-0.466	0	0	0	0	54588500	54588509	54588509
13115	0	0	4	55	-89.951	-23.154	-0.45	0	0	0	0	5	55	-88.464	-37.143	-0.532	0	0	0	0	6	55	-86.573	-31.261	10.543	0	0	0	0	7	55	-85.101	-30.752	-11.618	0	0	0	0	8	55	-88.604	-55.596	-3.576	0	0	0	0	9	55	-158.075	-3.98	1.406	0	0	0	0	10	55	3.783611E+28	-3.955485E+28	-3.323976E+28	0	0	0	0	1	0	-79.096	-19.595	0.977	5	5	5	4	2	0	-78.277	-10.303	0.035	5	5	5	1	0	0	-87.203	-5.704	-0.466	0	0	0	0	54588517	54588525	54588525
13132	0	0	4	55	-89.876	-22.983	-0.299	0	0	0	0	5	55	-88.356	-36.954	-0.327	0	0	0	0	6	55	-86.525	-31.057	10.592	0	0	0	0	7	55	-84.996	-30.448	-11.715	0	0	0	0	8	55	-88.533	-55.5	-3.49	0	0	0	0	9	55	-158.04	-3.738	1.317	0	0	0	0	10	55	3.774937E+28	-3.964827E+28	-3.322709E+28	0	0	0	0	1	0	-79.096	-19.595	0.977	5	5	5	4	2	0	-78.277	-10.303	0.035	5	5	5	1	0	0	-87.203	-5.704	-0.466	0	0	0	0	54588533	54588542	0
13132	0	0	4	55	-89.876	-22.983	-0.299	0	0	0	0	5	55	-88.356	-36.954	-0.327	0	0	0	0	6	55	-86.525	-31.057	10.592	0	0	0	0	7	55	-84.996	-30.448	-11.715	0	0	0	0	8	55	-88.533	-55.5	-3.49	0	0	0	0	9	55	-158.04	-3.738	1.317	0	0	0	0	10	55	3.774937E+28	-3.964827E+28	-3.322709E+28	0	0	0	0	1	0	-79.096	-19.595	0.977	5	5	5	4	2	0	-78.277	-10.303	0.035	5	5	5	1	0	0	-87.203	-5.704	-0.466	0	0	0	0	54588533	54588542	54588542
13148	0	0	4	55	-89.75	-23.216	-0.598	0	0	0	0	5	55	-88.122	-37.379	-0.623	0	0	0	0	6	55	-86.532	-31.251	10.439	0	0	0	0	7	55	-85.055	-30.945	-11.821	0	0	0	0	8	55	-88.526	-55.724	-3.625	0	0	0	0	9	55	-158.033	-4.187	1.122	0	0	0	0	10	55	3.790115E+28	-3.966898E+28	-3.302899E+28	0	0	0	0	1	0	-79.096	-19.595	0.977	5	5	5	4	2	0	-78.277	-10.303	0.035	5	5	5	1	0	0	-87.203	-5.704	-0.466	0	0	0	0	54588550	54588559	0
13149	0	0	4	55	-89.75	-23.216	-0.598	0	0	0	0	5	55	-88.122	-37.379	-0.623	0	0	0	0	6	55	-86.532	-31.251	10.439	0	0	0	0	7	55	-85.055	-30.945	-11.821	0	0	0	0	8	55	-88.526	-55.724	-3.625	0	0	0	0	9	55	-158.033	-4.187	1.122	0	0	0	0	10	55	3.790115E+28	-3.966897E+28	-3.3029E+28	0	0	0	0	1	0	-79.096	-19.595	0.977	5	5	5	4	2	0	-78.277	-10.303	0.035	5	5	5	1	0	0	-87.203	-5.704	-0.466	0	0	0	0	54588550	54588559	54588559
13165	0	0	4	55	-89.741	-23.2	-0.475	0	0	0	0	5	55	-87.95	-37.513	-0.422	0	0	0	0	6	55	-86.546	-31.353	10.424	0	0	0	0	7	55	-84.855	-31.239	-11.896	0	0	0	0	8	55	-88.333	-56.006	-3.525	0	0	0	0	9	55	-158.022	-4.594	0.878	0	0	0	0	10	55	3.793392E+28	-3.965747E+28	-3.30052E+28	0	0	0	0	1	0	-79.096	-19.595	0.977	5	5	5	4	2	0	-78.277	-10.303	0.035	5	5	5	1	0	0	-87.203	-5.704	-0.466	0	0	0	0	54588567	54588576	54588576
13182	0	0	4	55	-89.505	-23.003	-0.45	0	0	0	0	5	55	-87.759	-37.346	-0.37	0	0	0	0	6	55	-86.521	-31.163	10.426	0	0	0	0	7	55	-84.807	-30.723	-11.812	0	0	0	0	8	55	-88.315	-55.818	-3.591	0	0	0	0	9	55	-158.059	-4.343	0.879	0	0	0	0	10	55	3.788306E+28	-3.969678E+28	-3.301635E+28	0	0	0	0	1	0	-79.096	-19.595	0.977	5	5	5	4	2	0	-78.277	-10.303	0.035	5	5	5	1	0	0	-87.203	-5.704	-0.466	0	0	0	0	54588584	54588592	0
13182	0	0	4	55	-89.505	-23.003	-0.45	0	0	0	0	5	55	-87.759	-37.346	-0.37	0	0	0	0	6	55	-86.521	-31.163	10.426	0	0	0	0	7	55	-84.807	-30.723	-11.812	0	0	0	0	8	55	-88.315	-55.818	-3.591	0	0	0	0	9	55	-158.059	-4.343	0.879	0	0	0	0	10	55	3.788306E+28	-3.969678E+28	-3.301635E+28	0	0	0	0	1	0	-79.096	-19.595	0.977	5	5	5	4	2	0	-78.277	-10.303	0.035	5	5	5	1	0	0	-87.203	-5.704	-0.466	0	0	0	0	54588584	54588592	54588592
13198	0	0	4	55	-89.077	-23.259	-0.545	0	0	0	0	5	55	-87.342	-37.567	-0.443	0	0	0	0	6	55	-86.397	-31.361	10.558	0	0	0	0	7	55	-84.456	-31.494	-12.126	0	0	0	0	8	55	-88.032	-56.084	-3.685	0	0	0	0	9	55	-158.06	-4.69	0.897	0	0	0	0	10	55	3.796291E+28	-3.961837E+28	-3.301881E+28	0	0	0	0	1	0	-79.096	-19.595	0.977	5	5	5	4	2	0	-78.277	-10.303	0.035	5	5	5	1	0	0	-87.203	-5.704	-0.466	0	0	0	0	54588600	54588609	0
13199	0	0	4	55	-89.077	-23.259	-0.545	0	0	0	0	5	55	-87.342	-37.567	-0.443	0	0	0	0	6	55	-86.397	-31.361	10.558	0	0	0	0	7	55	-84.456	-31.494	-12.126	0	0	0	0	8	55	-88.032	-56.084	-3.685	0	0	0	0	9	55	-158.06	-4.69	0.897	0	0	0	0	10	55	3.796291E+28	-3.961837E+28	-3.301881E+28	0	0	0	0	1	0	-79.096	-19.595	0.977	5	5	5	4	2	0	-78.277	-10.303	0.035	5	5	5	1	0	0	-87.203	-5.704	-0.466	0	0	0	0	54588601	54588609	54588609
13215	0	0	4	55	-88.765	-23.593	-0.653	0	0	0	0	5	55	-86.785	-37.766	-0.424	0	0	0	0	6	55	-86.165	-31.596	10.631	0	0	0	0	7	55	-84.596	-31.61	-11.848	0	0	0	0	8	55	-87.764	-56.422	-3.652	0	0	0	0	9	55	-158.422	-5.211	0.719	0	0	0	0	10	55	3.807445E+28	-3.95897E+28	-3.292463E+28	0	0	0	0	1	0	-79.096	-19.595	0.977	5	5	5	4	2	0	-78.277	-10.303	0.035	5	5	5	1	0	0	-87.203	-5.704	-0.466	0	0	0	0	54588617	54588625	54588626
13232	0	0	4	55	-88.706	-23.466	-0.471	0	0	0	0	5	55	-86.415	-37.76	-0.521	0	0	0	0	6	55	-85.993	-31.585	10.62	0	0	0	0	7	55	-84.396	-31.6	-12.171	0	0	0	0	8	55	-87.631	-56.374	-3.703	0	0	0	0	9	55	-158.6	-5.294	0.572	0	0	0	0	10	55	3.79936E+28	-3.964908E+28	-3.294657E+28	0	0	0	0	1	0	-79.096	-19.595	0.977	5	5	5	4	2	0	-78.277	-10.303	0.035	5	5	5	1	0	0	-87.203	-5.704	-0.466	0	0	0	0	54588634	54588642	0
13232	0	0	4	55	-88.706	-23.466	-0.471	0	0	0	0	5	55	-86.415	-37.76	-0.521	0	0	0	0	6	55	-85.993	-31.585	10.62	0	0	0	0	7	55	-84.396	-31.6	-12.171	0	0	0	0	8	55	-87.631	-56.374	-3.703	0	0	0	0	9	55	-158.6	-5.294	0.572	0	0	0	0	10	55	3.79936E+28	-3.964907E+28	-3.294657E+28	0	0	0	0	1	0	-79.096	-19.595	0.977	5	5	5	4	2	0	-78.277	-10.303	0.035	5	5	5	1	0	0	-87.203	-5.704	-0.466	0	0	0	0	54588634	54588643	54588643
13248	0	0	4	55	-88.282	-22.818	-0.103	0	0	0	0	5	55	-85.893	-37.093	-0.267	0	0	0	0	6	55	-85.708	-30.967	10.986	0	0	0	0	7	55	-84.235	-30.948	-11.992	0	0	0	0	8	55	-87.349	-55.713	-3.527	0	0	0	0	9	55	-158.413	-4.571	1.156	0	0	0	0	10	55	3.762545E+28	-3.981772E+28	-3.316495E+28	0	0	0	0	1	0	-79.096	-19.595	0.977	5	5	5	4	2	0	-78.277	-10.303	0.035	5	5	5	1	0	0	-87.203	-5.704	-0.466	0	0	0	0	54588651	54588659	0
13249	0	0	4	55	-88.282	-22.818	-0.103	0	0	0	0	5	55	-85.893	-37.093	-0.267	0	0	0	0	6	55	-85.708	-30.967	10.986	0	0	0	0	7	55	-84.235	-30.948	-11.992	0	0	0	0	8	55	-87.349	-55.713	-3.527	0	0	0	0	9	55	-158.413	-4.571	1.156	0	0	0	0	10	55	3.762545E+28	-3.981772E+28	-3.316496E+28	0	0	0	0	1	0	-79.096	-19.595	0.977	5	5	5	4	2	0	-78.277	-10.303	0.035	5	5	5	1	0	0	-87.203	-5.704	-0.466	0	0	0	0	54588651	54588659	54588659
13265	0	0	4	55	-88.414	-22.826	-0.072	0	0	0	0	5	55	-85.611	-37.031	-0.062	0	0	0	0	6	55	-85.703	-31.037	11.059	0	0	0	0	7	55	-84.455	-30.543	-11.845	0	0	0	0	8	55	-87.016	-55.737	-3.407	0	0	0	0	9	55	-158.793	-5.072	1.228	0	0	0	0	10	55	3.775417E+28	-3.976418E+28	-3.308281E+28	0	0	0	0	1	0	-79.096	-19.595	0.977	5	5	5	4	2	0	-78.277	-10.303	0.035	5	5	5	1	0	0	-87.203	-5.704	-0.466	0	0	0	0	54588667	54588675	54588675
13282	0	0	4	55	-88.317	-22.996	-0.084	0	0	0	0	5	55	-85.46	-37.125	-0.027	0	0	0	0	6	55	-85.669	-31.178	11.031	0	0	0	0	7	55	-84.357	-30.383	-11.832	0	0	0	0	8	55	-86.747	-55.813	-3.484	0	0	0	0	9	55	-158.967	-5.502	1.105	0	0	0	0	10	55	3.786564E+28	-3.971672E+28	-3.301234E+28	0	0	0	0	1	0	-79.096	-19.595	0.977	5	5	5	4	2	0	-78.277	-10.303	0.035	5	5	5	1	0	0	-87.203	-5.704	-0.466	0	0	0	0	54588684	54588692	0
13282	0	0	4	55	-88.317	-22.996	-0.084	0	0	0	0	5	55	-85.46	-37.125	-0.027	0	0	0	0	6	55	-85.669	-31.178	11.031	0	0	0	0	7	55	-84.357	-30.383	-11.832	0	0	0	0	8	55	-86.747	-55.813	-3.484	0	0	0	0	9	55	-158.967	-5.502	1.105	0	0	0	0	10	55	3.786565E+28	-3.971672E+28	-3.301234E+28	0	0	0	0	1	0	-79.096	-19.595	0.977	5	5	5	4	2	0	-78.277	-10.303	0.035	5	5	5	1	0	0	-87.203	-5.704	-0.466	0	0	0	0	54588684	54588692	54588692
13300	0	0	4	55	-88.095	-22.959	-0.07	0	0	0	0	5	55	-85.005	-36.943	-0.216	0	0	0	0	6	55	-85.546	-31.001	11.112	0	0	0	0	7	55	-83.851	-30.894	-12.067	0	0	0	0	8	55	-86.26	-55.563	-3.456	0	0	0	0	9	55	-159.141	-5.564	1.238	0	0	0	0	10	55	3.786354E+28	-3.975958E+28	-3.296313E+28	0	0	0	0	1	0	-79.096	-19.595	0.977	5	5	5	4	2	0	-78.277	-10.303	0.035	5	5	5	1	0	0	-87.203	-5.704	-0.466	0	0	0	0	54588700	54588710	0
13300	0	0	4	55	-88.095	-22.959	-0.07	0	0	0	0	5	55	-85.005	-36.943	-0.216	0	0	0	0	6	55	-85.546	-31.002	11.112	0	0	0	0	7	55	-83.851	-30.894	-12.067	0	0	0	0	8	55	-86.26	-55.563	-3.456	0	0	0	0	9	55	-159.141	-5.564	1.238	0	0	0	0	10	55	3.786354E+28	-3.975958E+28	-3.296313E+28	0	0	0	0	1	0	-79.096	-19.595	0.977	5	5	5	4	2	0	-78.277	-10.303	0.035	5	5	5	1	0	0	-87.203	-5.704	-0.466	0	0	0	0	54588700	54588711	54588711
13315	0	0	4	55	-87.782	-22.913	-0.021	0	0	0	0	5	55	-84.388	-36.942	-0.01	0	0	0	0	6	55	-85.465	-30.84	11.127	0	0	0	0	7	55	-83.95	-30.495	-12.122	0	0	0	0	8	55	-85.806	-55.211	-3.225	0	0	0	0	9	55	-159.164	-5.386	1.299	0	0	0	0	10	55	3.775878E+28	-3.983686E+28	-3.298998E+28	0	0	0	0	1	0	-79.096	-19.595	0.977	5	5	5	4	2	0	-78.277	-10.303	0.035	5	5	5	1	0	0	-87.203	-5.704	-0.466	0	0	0	0	54588717	54588726	54588726
13332	0	0	4	55	-87.684	-22.991	-0.15	0	0	0	0	5	55	-84.22	-37.003	-0.111	0	0	0	0	6	55	-85.403	-30.814	11.162	0	0	0	0	7	55	-83.887	-30.815	-12.195	0	0	0	0	8	55	-85.625	-55.219	-3.072	0	0	0	0	9	55	-159.23	-5.525	1.29	0	0	0	0	10	55	3.775612E+28	-3.985146E+28	-3.297539E+28	0	0	0	0	1	0	-79.096	-19.595	0.977	5	5	5	4	2	0	-78.277	-10.303	0.035	5	5	5	1	0	0	-87.203	-5.704	-0.466	0	0	0	0	54588734	54588742	0
13332	0	0	4	55	-87.684	-22.991	-0.15	0	0	0	0	5	55	-84.22	-37.003	-0.111	0	0	0	0	6	55	-85.403	-30.814	11.162	0	0	0	0	7	55	-83.887	-30.815	-12.195	0	0	0	0	8	55	-85.625	-55.219	-3.072	0	0	0	0	9	55	-159.23	-5.525	1.29	0	0	0	0	10	55	3.775612E+28	-3.985146E+28	-3.297539E+28	0	0	0	0	1	0	-79.096	-19.595	0.977	5	5	5	4	2	0	-78.277	-10.303	0.035	5	5	5	1	0	0	-87.203	-5.704	-0.466	0	0	0	0	54588734	54588742	54588742
13349	0	0	4	55	-87.541	-23.089	-0.233	0	0	0	0	5	55	-84.024	-37.114	0.002	0	0	0	0	6	55	-85.337	-30.785	11.231	0	0	0	0	7	55	-83.666	-31.232	-12.202	0	0	0	0	8	55	-85.36	-55.148	-3.003	0	0	0	0	9	55	-159.149	-5.632	1.299	0	0	0	0	10	55	3.77628E+28	-3.982746E+28	-3.299672E+28	0	0	0	0	1	0	-79.096	-19.595	0.977	5	5	5	4	2	0	-78.277	-10.303	0.035	5	5	5	1	0	0	-87.203	-5.704	-0.466	0	0	0	0	54588751	54588760	0
13349	0	0	4	55	-87.541	-23.089	-0.233	0	0	0	0	5	55	-84.024	-37.114	0.002	0	0	0	0	6	55	-85.337	-30.785	11.231	0	0	0	0	7	55	-83.665	-31.232	-12.202	0	0	0	0	8	55	-85.36	-55.148	-3.003	0	0	0	0	9	55	-159.149	-5.632	1.299	0	0	0	0	10	55	3.776281E+28	-3.982746E+28	-3.299671E+28	0	0	0	0	1	0	-79.096	-19.595	0.977	5	5	5	4	2	0	-78.277	-10.303	0.035	5	5	5	1	0	0	-87.203	-5.704	-0.466	0	0	0	0	54588751	54588760	54588760
13365	0	0	4	55	-87.339	-22.996	-0.288	0	0	0	0	5	55	-83.959	-37.056	-0.058	0	0	0	0	6	55	-85.154	-30.798	11.118	0	0	0	0	7	55	-83.6	-30.497	-12.054	0	0	0	0	8	55	-85.086	-55.143	-2.916	0	0	0	0	9	55	-159.04	-5.633	1.096	0	0	0	0	10	55	3.771641E+28	-3.984689E+28	-3.30263E+28	0	0	0	0	1	0	-79.096	-19.595	0.977	5	5	5	4	2	0	-78.277	-10.303	0.035	5	5	5	1	0	0	-87.203	-5.704	-0.466	0	0	0	0	54588767	54588775	54588776
13382	0	0	4	55	-87.197	-22.916	-0.098	0	0	0	0	5	55	-83.923	-36.909	0.052	0	0	0	0	6	55	-85.138	-30.62	11.245	0	0	0	0	7	55	-83.466	-30.873	-11.908	0	0	0	0	8	55	-85.028	-55.032	-2.887	0	0	0	0	9	55	-158.965	-5.363	1.269	0	0	0	0	10	55	3.760787E+28	-3.989406E+28	-3.309308E+28	0	0	0	0	1	0	-79.096	-19.595	0.977	5	5	5	4	2	0	-78.277	-10.303	0.035	5	5	5	1	0	0	-87.203	-5.704	-0.466	0	0	0	0	54588784	54588792	0
13382	0	0	4	55	-87.197	-22.916	-0.098	0	0	0	0	5	55	-83.923	-36.909	0.052	0	0	0	0	6	55	-85.138	-30.62	11.245	0	0	0	0	7	55	-83.466	-30.873	-11.908	0	0	0	0	8	55	-85.028	-55.032	-2.887	0	0	0	0	9	55	-158.965	-5.363	1.269	0	0	0	0	10	55	3.760788E+28	-3.989405E+28	-3.309309E+28	0	0	0	0	1	0	-79.096	-19.595	0.977	5	5	5	4	2	0	-78.277	-10.303	0.035	5	5	5	1	0	0	-87.203	-5.704	-0.466	0	0	0	0	54588784	54588792	54588792
13398	0	0	4	55	-87.029	-22.968	-0.225	0	0	0	0	5	55	-83.641	-36.988	-0.016	0	0	0	0	6	55	-85.013	-30.729	11.241	0	0	0	0	7	55	-83.297	-30.913	-11.983	0	0	0	0	8	55	-84.909	-55.076	-2.816	0	0	0	0	9	55	-158.785	-5.315	1.29	0	0	0	0	10	55	3.758398E+28	-3.991311E+28	-3.309725E+28	0	0	0	0	1	0	-79.096	-19.595	0.977	5	5	5	4	2	0	-78.277	-10.303	0.035	5	5	5	1	0	0	-87.203	-5.704	-0.466	0	0	0	0	54588802	54588809	0
13398	0	0	4	55	-87.029	-22.968	-0.225	0	0	0	0	5	55	-83.641	-36.988	-0.016	0	0	0	0	6	55	-85.013	-30.729	11.241	0	0	0	0	7	55	-83.297	-30.913	-11.983	0	0	0	0	8	55	-84.909	-55.076	-2.816	0	0	0	0	9	55	-158.785	-5.315	1.29	0	0	0	0	10	55	3.758397E+28	-3.99131E+28	-3.309726E+28	0	0	0	0	1	0	-79.096	-19.595	0.977	5	5	5	4	2	0	-78.277	-10.303	0.035	5	5	5	1	0	0	-87.203	-5.704	-0.466	0	0	0	0	54588802	54588809	54588809
13415	0	0	4	55	-86.916	-22.905	-0.015	0	0	0	0	5	55	-83.55	-36.951	0.029	0	0	0	0	6	55	-84.901	-30.521	11.361	0	0	0	0	7	55	-83.459	-30.61	-12.032	0	0	0	0	8	55	-84.57	-55.094	-2.64	0	0	0	0	9	55	-158.59	-5.215	1.295	0	0	0	0	10	55	3.765688E+28	-3.986333E+28	-3.307438E+28	0	0	0	0	1	0	-79.096	-19.595	0.977	5	5	5	4	2	0	-78.277	-10.303	0.035	5	5	5	1	0	0	-87.203	-5.704	-0.466	0	0	0	0	54588817	54588825	54588825
13432	0	0	4	55	-86.869	-22.976	0.019	0	0	0	0	5	55	-83.423	-37.059	0.086	0	0	0	0	6	55	-84.84	-30.612	11.44	0	0	0	0	7	55	-83.276	-30.943	-12	0	0	0	0	8	55	-84.393	-55.226	-2.587	0	0	0	0	9	55	-158.464	-5.238	1.356	0	0	0	0	10	55	3.7693E+28	-3.987664E+28	-3.301713E+28	0	0	0	0	1	0	-79.096	-19.595	0.977	5	5	5	4	2	0	-78.277	-10.303	0.035	5	5	5	1	0	0	-87.203	-5.704	-0.466	0	0	0	0	54588834	54588842	0
13432	0	0	4	55	-86.869	-22.976	0.019	0	0	0	0	5	55	-83.423	-37.059	0.086	0	0	0	0	6	55	-84.84	-30.612	11.44	0	0	0	0	7	55	-83.276	-30.943	-12	0	0	0	0	8	55	-84.393	-55.226	-2.587	0	0	0	0	9	55	-158.464	-5.238	1.356	0	0	0	0	10	55	3.769301E+28	-3.987663E+28	-3.301713E+28	0	0	0	0	1	0	-79.096	-19.595	0.977	5	5	5	4	2	0	-78.277	-10.303	0.035	5	5	5	1	0	0	-87.203	-5.704	-0.466	0	0	0	0	54588834	54588842	54588842
13448	0	0	4	55	-86.774	-23.131	-0.065	0	0	0	0	5	55	-83.339	-37.247	0.012	0	0	0	0	6	55	-84.703	-30.824	11.232	0	0	0	0	7	55	-83.062	-31.167	-12.134	0	0	0	0	8	55	-84.285	-55.392	-2.666	0	0	0	0	9	55	-158.329	-5.203	1.046	0	0	0	0	10	55	3.76793E+28	-3.997519E+28	-3.291344E+28	0	0	0	0	1	0	-79.096	-19.595	0.977	5	5	5	4	2	0	-78.277	-10.303	0.035	5	5	5	1	0	0	-87.203	-5.704	-0.466	0	0	0	0	54588849	54588859	0
13449	0	0	4	55	-86.774	-23.131	-0.065	0	0	0	0	5	55	-83.339	-37.247	0.012	0	0	0	0	6	55	-84.703	-30.824	11.232	0	0	0	0	7	55	-83.063	-31.167	-12.134	0	0	0	0	8	55	-84.285	-55.391	-2.666	0	0	0	0	9	55	-158.329	-5.203	1.046	0	0	0	0	10	55	3.767929E+28	-3.997519E+28	-3.291345E+28	0	0	0	0	1	0	-79.096	-19.595	0.977	5	5	5	4	2	0	-78.277	-10.303	0.035	5	5	5	1	0	0	-87.203	-5.704	-0.466	0	0	0	0	54588849	54588859	54588859
13466	0	0	4	55	-86.75	-23.356	-0.113	0	0	0	0	5	55	-83.22	-37.435	0.1	0	0	0	0	6	55	-84.756	-30.949	11.227	0	0	0	0	7	55	-83.145	-30.706	-11.862	0	0	0	0	8	55	-84.157	-55.612	-2.57	0	0	0	0	9	55	-158.455	-5.55	0.851	0	0	0	0	10	55	3.790539E+28	-3.984104E+28	-3.281634E+28	0	0	0	0	1	0	-79.096	-19.595	0.977	5	5	5	4	2	0	-78.277	-10.303	0.035	5	5	5	1	0	0	-87.203	-5.704	-0.466	0	0	0	0	54588867	54588876	54588876
13482	0	0	4	55	-86.659	-23.308	-0.175	0	0	0	0	5	55	-83.317	-37.34	-0.081	0	0	0	0	6	55	-84.745	-30.904	11.277	0	0	0	0	7	55	-82.988	-31.049	-11.975	0	0	0	0	8	55	-84.358	-55.525	-2.649	0	0	0	0	9	55	-158.369	-5.365	1.07	0	0	0	0	10	55	3.790477E+28	-3.980646E+28	-3.285899E+28	0	0	0	0	1	0	-79.096	-19.595	0.977	5	5	5	4	2	0	-78.277	-10.303	0.035	5	5	5	1	0	0	-87.203	-5.704	-0.466	0	0	0	0	54588884	54588892	0
13482	0	0	4	55	-86.659	-23.308	-0.175	0	0	0	0	5	55	-83.317	-37.34	-0.081	0	0	0	0	6	55	-84.745	-30.904	11.277	0	0	0	0	7	55	-82.988	-31.049	-11.975	0	0	0	0	8	55	-84.358	-55.525	-2.649	0	0	0	0	9	55	-158.369	-5.365	1.07	0	0	0	0	10	55	3.790478E+28	-3.980645E+28	-3.285901E+28	0	0	0	0	1	0	-79.096	-19.595	0.977	5	5	5	4	2	0	-78.277	-10.303	0.035	5	5	5	1	0	0	-87.203	-5.704	-0.466	0	0	0	0	54588884	54588892	54588893
13498	0	0	4	55	-86.515	-23.035	-0.028	0	0	0	0	5	55	-83.23	-37.145	0.092	0	0	0	0	6	55	-84.68	-30.733	11.299	0	0	0	0	7	55	-83.287	-30.723	-11.682	0	0	0	0	8	55	-84.391	-55.39	-2.564	0	0	0	0	9	55	-158.183	-4.984	1.108	0	0	0	0	10	55	3.781086E+28	-3.989837E+28	-3.285571E+28	0	0	0	0	1	0	-79.096	-19.595	0.977	5	5	5	4	2	0	-78.277	-10.303	0.035	5	5	5	1	0	0	-87.203	-5.704	-0.466	0	0	0	0	54588901	54588909	0
13499	0	0	4	55	-86.515	-23.035	-0.028	0	0	0	0	5	55	-83.23	-37.145	0.092	0	0	0	0	6	55	-84.68	-30.733	11.299	0	0	0	0	7	55	-83.287	-30.723	-11.682	0	0	0	0	8	55	-84.391	-55.39	-2.564	0	0	0	0	9	55	-158.183	-4.984	1.108	0	0	0	0	10	55	3.781087E+28	-3.989837E+28	-3.285571E+28	0	0	0	0	1	0	-79.096	-19.595	0.977	5	5	5	4	2	0	-78.277	-10.303	0.035	5	5	5	1	0	0	-87.203	-5.704	-0.466	0	0	0	0	54588901	54588909	54588909
13515	0	0	4	55	-86.635	-23.31	-0.046	0	0	0	0	5	55	-83.348	-37.541	-0.003	0	0	0	0	6	55	-84.821	-30.901	11.348	0	0	0	0	7	55	-83.343	-31.076	-11.895	0	0	0	0	8	55	-84.477	-55.79	-2.567	0	0	0	0	9	55	-158.399	-5.358	1.017	0	0	0	0	10	55	3.798746E+28	-3.976675E+28	-3.281155E+28	0	0	0	0	1	0	-79.096	-19.595	0.977	5	5	5	4	2	0	-78.277	-10.303	0.035	5	5	5	1	0	0	-87.203	-5.704	-0.466	0	0	0	0	54588916	54588925	54588926
13531	0	0	4	55	-86.61	-23.283	0.05	0	0	0	0	5	55	-83.331	-37.528	-0.022	0	0	0	0	6	55	-84.817	-30.953	11.373	0	0	0	0	7	55	-83.321	-31.036	-11.886	0	0	0	0	8	55	-84.662	-55.754	-2.509	0	0	0	0	9	55	-158.427	-5.357	0.952	0	0	0	0	10	55	3.799878E+28	-3.975294E+28	-3.281516E+28	0	0	0	0	1	0	-79.096	-19.595	0.977	5	5	5	4	2	0	-78.277	-10.303	0.035	5	5	5	1	0	0	-87.203	-5.704	-0.466	0	0	0	0	54588933	54588942	0
13532	0	0	4	55	-86.61	-23.283	0.05	0	0	0	0	5	55	-83.331	-37.528	-0.022	0	0	0	0	6	55	-84.817	-30.953	11.373	0	0	0	0	7	55	-83.321	-31.036	-11.886	0	0	0	0	8	55	-84.662	-55.754	-2.509	0	0	0	0	9	55	-158.427	-5.357	0.952	0	0	0	0	10	55	3.799879E+28	-3.975294E+28	-3.281516E+28	0	0	0	0	1	0	-79.096	-19.595	0.977	5	5	5	4	2	0	-78.277	-10.303	0.035	5	5	5	1	0	0	-87.203	-5.704	-0.466	0	0	0	0	54588934	54588942	54588942
13548	0	0	4	55	-86.406	-23.195	0.018	0	0	0	0	5	55	-83.319	-37.501	-0.083	0	0	0	0	6	55	-84.708	-30.958	11.284	0	0	0	0	7	55	-83.04	-30.951	-11.771	0	0	0	0	8	55	-84.843	-55.837	-2.572	0	0	0	0	9	55	-157.982	-4.73	1.132	0	0	0	0	10	55	3.780992E+28	-3.983655E+28	-3.293172E+28	0	0	0	0	1	0	-79.096	-19.595	0.977	5	5	5	4	2	0	-78.277	-10.303	0.035	5	5	5	1	0	0	-87.203	-5.704	-0.466	0	0	0	0	54588950	54588959	0
13548	0	0	4	55	-86.406	-23.195	0.018	0	0	0	0	5	55	-83.319	-37.501	-0.083	0	0	0	0	6	55	-84.708	-30.958	11.284	0	0	0	0	7	55	-83.04	-30.951	-11.771	0	0	0	0	8	55	-84.843	-55.837	-2.572	0	0	0	0	9	55	-157.982	-4.73	1.132	0	0	0	0	10	55	3.780992E+28	-3.983655E+28	-3.293172E+28	0	0	0	0	1	0	-79.096	-19.595	0.977	5	5	5	4	2	0	-78.277	-10.303	0.035	5	5	5	1	0	0	-87.203	-5.704	-0.466	0	0	0	0	54588950	54588959	54588959
13565	0	0	4	55	-86.338	-23.351	0.05	0	0	0	0	5	55	-83.581	-37.705	-0.113	0	0	0	0	6	55	-84.698	-31.181	11.232	0	0	0	0	7	55	-83.016	-31.188	-11.708	0	0	0	0	8	55	-85.382	-56.027	-2.712	0	0	0	0	9	55	-157.856	-4.565	1.047	0	0	0	0	10	55	3.7761E+28	-3.987809E+28	-3.293758E+28	0	0	0	0	1	0	-79.096	-19.595	0.977	5	5	5	4	2	0	-78.277	-10.303	0.035	5	5	5	1	0	0	-87.203	-5.704	-0.466	0	0	0	0	54588968	54588975	54588976
13582	0	0	4	55	-86.433	-23.618	-0.114	0	0	0	0	5	55	-83.644	-38.038	-0.112	0	0	0	0	6	55	-84.759	-31.464	11.083	0	0	0	0	7	55	-83.09	-31.553	-12.031	0	0	0	0	8	55	-85.707	-56.226	-2.687	0	0	0	0	9	55	-157.833	-4.746	0.955	0	0	0	0	10	55	3.789852E+28	-3.978914E+28	-3.288716E+28	0	0	0	0	1	0	-79.096	-19.595	0.977	5	5	5	4	2	0	-78.277	-10.303	0.035	5	5	5	1	0	0	-87.203	-5.704	-0.466	0	0	0	0	54588984	54588992	0
13582	0	0	4	55	-86.433	-23.618	-0.114	0	0	0	0	5	55	-83.644	-38.038	-0.112	0	0	0	0	6	55	-84.759	-31.464	11.082	0	0	0	0	7	55	-83.09	-31.553	-12.031	0	0	0	0	8	55	-85.707	-56.226	-2.687	0	0	0	0	9	55	-157.833	-4.746	0.955	0	0	0	0	10	55	3.789853E+28	-3.978914E+28	-3.288716E+28	0	0	0	0	1	0	-79.096	-19.595	0.977	5	5	5	4	2	0	-78.277	-10.303	0.035	5	5	5	1	0	0	-87.203	-5.704	-0.466	0	0	0	0	54588984	54588993	54588993
13598	0	0	4	55	-86.338	-23.766	-0.016	0	0	0	0	5	55	-83.681	-38.239	-0.148	0	0	0	0	6	55	-84.583	-31.714	11.051	0	0	0	0	7	55	-83.284	-31.761	-11.596	0	0	0	0	8	55	-86.049	-56.49	-2.811	0	0	0	0	9	55	-157.545	-4.48	0.817	0	0	0	0	10	55	3.789581E+28	-3.979056E+28	-3.288858E+28	0	0	0	0	1	0	-79.096	-19.595	0.977	5	5	5	4	2	0	-78.277	-10.303	0.035	5	5	5	1	0	0	-87.203	-5.704	-0.466	0	0	0	0	54588999	54589009	0
13599	0	0	4	55	-86.338	-23.766	-0.016	0	0	0	0	5	55	-83.681	-38.239	-0.148	0	0	0	0	6	55	-84.583	-31.714	11.051	0	0	0	0	7	55	-83.284	-31.761	-11.596	0	0	0	0	8	55	-86.049	-56.49	-2.811	0	0	0	0	9	55	-157.545	-4.48	0.817	0	0	0	0	10	55	3.789581E+28	-3.979057E+28	-3.288857E+28	0	0	0	0	1	0	-79.096	-19.595	0.977	5	5	5	4	2	0	-78.277	-10.303	0.035	5	5	5	1	0	0	-87.203	-5.704	-0.466	0	0	0	0	54588999	54589009	54589009
13615	0	0	4	55	-86.124	-23.961	-0.276	0	0	0	0	5	55	-83.802	-38.433	-0.307	0	0	0	0	6	55	-84.595	-31.879	10.941	0	0	0	0	7	55	-83.245	-31.972	-11.921	0	0	0	0	8	55	-86.434	-56.725	-2.946	0	0	0	0	9	55	-157.273	-4.213	0.828	0	0	0	0	10	55	3.790618E+28	-3.970984E+28	-3.297407E+28	0	0	0	0	1	0	-79.096	-19.595	0.977	5	5	5	4	2	0	-78.277	-10.303	0.035	5	5	5	1	0	0	-87.203	-5.704	-0.466	0	0	0	0	54589017	54589026	54589026
13632	0	0	4	55	-86.294	-23.977	-0.218	0	0	0	0	5	55	-83.979	-38.56	-0.427	0	0	0	0	6	55	-84.608	-32.058	10.802	0	0	0	0	7	55	-83.5	-31.975	-12.071	0	0	0	0	8	55	-86.662	-56.745	-2.923	0	0	0	0	9	55	-157.266	-4.119	0.907	0	0	0	0	10	55	3.799116E+28	-3.961014E+28	-3.299619E+28	0	0	0	0	1	0	-79.096	-19.595	0.977	5	5	5	4	2	0	-78.277	-10.303	0.035	5	5	5	1	0	0	-87.203	-5.704	-0.466	0	0	0	0	54589034	54589042	0
13632	0	0	4	55	-86.294	-23.977	-0.218	0	0	0	0	5	55	-83.979	-38.56	-0.427	0	0	0	0	6	55	-84.608	-32.058	10.802	0	0	0	0	7	55	-83.5	-31.975	-12.071	0	0	0	0	8	55	-86.662	-56.745	-2.923	0	0	0	0	9	55	-157.266	-4.119	0.907	0	0	0	0	10	55	3.799115E+28	-3.961015E+28	-3.299619E+28	0	0	0	0	1	0	-79.096	-19.595	0.977	5	5	5	4	2	0	-78.277	-10.303	0.035	5	5	5	1	0	0	-87.203	-5.704	-0.466	0	0	0	0	54589034	54589042	54589042
13648	0	0	4	55	-85.991	-24.241	-0.41	0	0	0	0	5	55	-83.97	-38.774	-0.424	0	0	0	0	6	55	-84.505	-32.298	10.695	0	0	0	0	7	55	-83.283	-32.012	-11.93	0	0	0	0	8	55	-86.919	-56.888	-3.163	0	0	0	0	9	55	-156.612	-3.846	0.749	0	0	0	0	10	55	3.795571E+28	-3.966056E+28	-3.297642E+28	0	0	0	0	1	0	-79.096	-19.595	0.977	5	5	5	4	2	0	-78.277	-10.303	0.035	5	5	5	1	0	0	-87.203	-5.704	-0.466	0	0	0	0	54589051	54589059	0
13649	0	0	4	55	-85.991	-24.241	-0.41	0	0	0	0	5	55	-83.97	-38.774	-0.424	0	0	0	0	6	55	-84.505	-32.298	10.695	0	0	0	0	7	55	-83.283	-32.012	-11.93	0	0	0	0	8	55	-86.919	-56.888	-3.163	0	0	0	0	9	55	-156.612	-3.846	0.749	0	0	0	0	10	55	3.79557E+28	-3.966056E+28	-3.297642E+28	0	0	0	0	1	0	-79.096	-19.595	0.977	5	5	5	4	2	0	-78.277	-10.303	0.035	5	5	5	1	0	0	-87.203	-5.704	-0.466	0	0	0	0	54589051	54589059	54589059
13665	0	0	4	55	-85.955	-24.164	-0.384	0	0	0	0	5	55	-83.805	-38.811	-0.542	0	0	0	0	6	55	-84.411	-32.283	10.604	0	0	0	0	7	55	-83.105	-31.783	-11.961	0	0	0	0	8	55	-87.043	-56.884	-3.159	0	0	0	0	9	55	-156.46	-3.614	0.539	0	0	0	0	10	55	3.797998E+28	-3.964198E+28	-3.29708E+28	0	0	0	0	1	0	-79.096	-19.595	0.977	5	5	5	4	2	0	-78.277	-10.303	0.035	5	5	5	1	0	0	-87.203	-5.704	-0.466	0	0	0	0	54589066	54589075	54589075
13682	0	0	4	55	-85.845	-24.082	-0.278	0	0	0	0	5	55	-83.763	-38.782	-0.539	0	0	0	0	6	55	-84.264	-32.208	10.694	0	0	0	0	7	55	-82.94	-31.904	-12.214	0	0	0	0	8	55	-86.971	-56.886	-3.211	0	0	0	0	9	55	-156.168	-3.427	0.656	0	0	0	0	10	55	3.797929E+28	-3.964873E+28	-3.296349E+28	0	0	0	0	1	0	-79.096	-19.595	0.977	5	5	5	4	2	0	-78.277	-10.303	0.035	5	5	5	1	0	0	-87.203	-5.704	-0.466	0	0	0	0	54589084	54589092	0
13682	0	0	4	55	-85.845	-24.082	-0.278	0	0	0	0	5	55	-83.763	-38.782	-0.539	0	0	0	0	6	55	-84.264	-32.208	10.694	0	0	0	0	7	55	-82.94	-31.904	-12.214	0	0	0	0	8	55	-86.971	-56.886	-3.211	0	0	0	0	9	55	-156.168	-3.427	0.656	0	0	0	0	10	55	3.797928E+28	-3.964873E+28	-3.29635E+28	0	0	0	0	1	0	-79.096	-19.595	0.977	5	5	5	4	2	0	-78.277	-10.303	0.035	5	5	5	1	0	0	-87.203	-5.704	-0.466	0	0	0	0	54589084	54589092	54589092
13698	0	0	4	55	-85.578	-23.942	-0.288	0	0	0	0	5	55	-83.546	-38.609	-0.536	0	0	0	0	6	55	-84.035	-31.952	10.759	0	0	0	0	7	55	-82.548	-32.109	-12.056	0	0	0	0	8	55	-87.087	-56.642	-3.271	0	0	0	0	9	55	-155.828	-3.124	0.576	0	0	0	0	10	55	3.80025E+28	-3.963145E+28	-3.295751E+28	0	0	0	0	1	0	-79.096	-19.595	0.977	5	5	5	4	2	0	-78.277	-10.303	0.035	5	5	5	1	0	0	-87.203	-5.704	-0.466	0	0	0	0	54589101	54589109	0
13699	0	0	4	55	-85.578	-23.942	-0.288	0	0	0	0	5	55	-83.546	-38.609	-0.536	0	0	0	0	6	55	-84.035	-31.952	10.759	0	0	0	0	7	55	-82.548	-32.109	-12.056	0	0	0	0	8	55	-87.087	-56.642	-3.271	0	0	0	0	9	55	-155.828	-3.124	0.576	0	0	0	0	10	55	3.80025E+28	-3.963145E+28	-3.295751E+28	0	0	0	0	1	0	-79.096	-19.595	0.977	5	5	5	4	2	0	-78.277	-10.303	0.035	5	5	5	1	0	0	-87.203	-5.704	-0.466	0	0	0	0	54589101	54589109	54589109
13716	0	0	4	55	-85.405	-23.746	-0.288	0	0	0	0	5	55	-83.532	-38.492	-0.585	0	0	0	0	6	55	-83.952	-31.901	10.711	0	0	0	0	7	55	-82.732	-31.45	-11.888	0	0	0	0	8	55	-86.988	-56.642	-3.34	0	0	0	0	9	55	-155.595	-2.842	0.606	0	0	0	0	10	55	3.796997E+28	-3.966097E+28	-3.295949E+28	0	0	0	0	1	0	-79.096	-19.595	0.977	5	5	5	4	2	0	-78.277	-10.303	0.035	5	5	5	1	0	0	-87.203	-5.704	-0.466	0	0	0	0	54589118	54589126	54589126
13732	0	0	4	55	-85.345	-23.84	-0.254	0	0	0	0	5	55	-83.502	-38.526	-0.454	0	0	0	0	6	55	-83.875	-32.043	10.735	0	0	0	0	7	55	-82.544	-31.228	-11.98	0	0	0	0	8	55	-87.041	-56.583	-3.301	0	0	0	0	9	55	-155.433	-2.912	0.593	0	0	0	0	10	55	3.804559E+28	-3.965087E+28	-3.288437E+28	0	0	0	0	1	0	-79.096	-19.595	0.977	5	5	5	4	2	0	-78.277	-10.303	0.035	5	5	5	1	0	0	-87.203	-5.704	-0.466	0	0	0	0	54589133	54589142	0
13732	0	0	4	55	-85.345	-23.84	-0.254	0	0	0	0	5	55	-83.502	-38.526	-0.454	0	0	0	0	6	55	-83.875	-32.043	10.735	0	0	0	0	7	55	-82.544	-31.228	-11.98	0	0	0	0	8	55	-87.041	-56.583	-3.301	0	0	0	0	9	55	-155.433	-2.912	0.593	0	0	0	0	10	55	3.804559E+28	-3.965086E+28	-3.288436E+28	0	0	0	0	1	0	-79.096	-19.595	0.977	5	5	5	4	2	0	-78.277	-10.303	0.035	5	5	5	1	0	0	-87.203	-5.704	-0.466	0	0	0	0	54589133	54589142	54589142
13748	0	0	4	55	-85.229	-23.886	-0.185	0	0	0	0	5	55	-83.431	-38.633	-0.451	0	0	0	0	6	55	-83.785	-32.038	10.869	0	0	0	0	7	55	-82.618	-31.441	-12.028	0	0	0	0	8	55	-87.101	-56.587	-3.168	0	0	0	0	9	55	-155.33	-2.783	0.588	0	0	0	0	10	55	3.806551E+28	-3.963198E+28	-3.288407E+28	0	0	0	0	1	0	-79.096	-19.595	0.977	5	5	5	4	2	0	-78.277	-10.303	0.035	5	5	5	1	0	0	-87.203	-5.704	-0.466	0	0	0	0	54589151	54589159	0
13749	0	0	4	55	-85.229	-23.886	-0.185	0	0	0	0	5	55	-83.431	-38.633	-0.451	0	0	0	0	6	55	-83.785	-32.038	10.869	0	0	0	0	7	55	-82.618	-31.441	-12.028	0	0	0	0	8	55	-87.101	-56.587	-3.168	0	0	0	0	9	55	-155.33	-2.783	0.588	0	0	0	0	10	55	3.80655E+28	-3.963198E+28	-3.288409E+28	0	0	0	0	1	0	-79.096	-19.595	0.977	5	5	5	4	2	0	-78.277	-10.303	0.035	5	5	5	1	0	0	-87.203	-5.704	-0.466	0	0	0	0	54589151	54589159	54589159
13765	0	0	4	55	-85.135	-23.867	-0.151	0	0	0	0	5	55	-83.364	-38.677	-0.387	0	0	0	0	6	55	-83.753	-32.133	10.827	0	0	0	0	7	55	-82.198	-31.636	-11.983	0	0	0	0	8	55	-87.192	-56.594	-3.173	0	0	0	0	9	55	-155.127	-2.473	0.665	0	0	0	0	10	55	3.804301E+28	-3.965568E+28	-3.288154E+28	0	0	0	0	1	0	-79.096	-19.595	0.977	5	5	5	4	2	0	-78.277	-10.303	0.035	5	5	5	1	0	0	-87.203	-5.704	-0.466	0	0	0	0	54589167	54589175	54589175
13782	0	0	4	55	-84.915	-24.03	-0.085	0	0	0	0	5	55	-83.429	-38.718	-0.209	0	0	0	0	6	55	-83.796	-32.042	11.025	0	0	0	0	7	55	-82.233	-31.364	-11.637	0	0	0	0	8	55	-87.209	-56.642	-3.081	0	0	0	0	9	55	-155.026	-2.44	0.807	0	0	0	0	10	55	3.806398E+28	-3.965773E+28	-3.285479E+28	0	0	0	0	1	0	-79.096	-19.595	0.977	5	5	5	4	2	0	-78.277	-10.303	0.035	5	5	5	1	0	0	-87.203	-5.704	-0.466	0	0	0	0	54589184	54589192	0
13782	0	0	4	55	-84.915	-24.03	-0.085	0	0	0	0	5	55	-83.429	-38.717	-0.209	0	0	0	0	6	55	-83.796	-32.042	11.025	0	0	0	0	7	55	-82.233	-31.364	-11.637	0	0	0	0	8	55	-87.209	-56.642	-3.081	0	0	0	0	9	55	-155.026	-2.44	0.807	0	0	0	0	10	55	3.806398E+28	-3.965773E+28	-3.285478E+28	0	0	0	0	1	0	-79.096	-19.595	0.977	5	5	5	4	2	0	-78.277	-10.303	0.035	5	5	5	1	0	0	-87.203	-5.704	-0.466	0	0	0	0	54589184	54589192	54589192
13798	0	0	4	55	-85.012	-23.808	-0.013	0	0	0	0	5	55	-83.354	-38.608	-0.315	0	0	0	0	6	55	-83.672	-31.944	10.995	0	0	0	0	7	55	-82.322	-31.657	-12.012	0	0	0	0	8	55	-87.33	-56.44	-3.117	0	0	0	0	9	55	-154.781	-2.065	0.956	0	0	0	0	10	55	3.800653E+28	-3.969431E+28	-3.287712E+28	0	0	0	0	1	0	-79.096	-19.595	0.977	5	5	5	4	2	0	-78.277	-10.303	0.035	5	5	5	1	0	0	-87.203	-5.704	-0.466	0	0	0	0	54589200	54589209	0
13798	0	0	4	55	-85.012	-23.808	-0.013	0	0	0	0	5	55	-83.354	-38.608	-0.315	0	0	0	0	6	55	-83.672	-31.944	10.995	0	0	0	0	7	55	-82.322	-31.657	-12.012	0	0	0	0	8	55	-87.33	-56.44	-3.117	0	0	0	0	9	55	-154.781	-2.065	0.956	0	0	0	0	10	55	3.800653E+28	-3.969431E+28	-3.287712E+28	0	0	0	0	1	0	-79.096	-19.595	0.977	5	5	5	4	2	0	-78.277	-10.303	0.035	5	5	5	1	0	0	-87.203	-5.704	-0.466	0	0	0	0	54589200	54589209	54589209
13815	0	0	4	55	-84.861	-23.914	-0.072	0	0	0	0	5	55	-83.302	-38.763	-0.247	0	0	0	0	6	55	-83.517	-32.159	10.896	0	0	0	0	7	55	-82.093	-31.958	-12.13	0	0	0	0	8	55	-87.252	-56.477	-3.196	0	0	0	0	9	55	-154.541	-2.212	0.923	0	0	0	0	10	55	3.811576E+28	-3.964391E+28	-3.281141E+28	0	0	0	0	1	0	-79.096	-19.595	0.977	5	5	5	4	2	0	-78.277	-10.303	0.035	5	5	5	1	0	0	-87.203	-5.704	-0.466	0	0	0	0	54589217	54589225	54589225
13832	0	0	4	55	-84.782	-23.889	0.024	0	0	0	0	5	55	-83.24	-38.735	-0.295	0	0	0	0	6	55	-83.501	-32.127	10.978	0	0	0	0	7	55	-82.152	-31.726	-12.042	0	0	0	0	8	55	-87.171	-56.534	-3.078	0	0	0	0	9	55	-154.603	-2.116	0.998	0	0	0	0	10	55	3.807443E+28	-3.967455E+28	-3.282236E+28	0	0	0	0	1	0	-79.096	-19.595	0.977	5	5	5	4	2	0	-78.277	-10.303	0.035	5	5	5	1	0	0	-87.203	-5.704	-0.466	0	0	0	0	54589234	54589243	0
13832	0	0	4	55	-84.782	-23.889	0.024	0	0	0	0	5	55	-83.24	-38.735	-0.295	0	0	0	0	6	55	-83.501	-32.127	10.978	0	0	0	0	7	55	-82.152	-31.726	-12.042	0	0	0	0	8	55	-87.171	-56.534	-3.078	0	0	0	0	9	55	-154.603	-2.116	0.998	0	0	0	0	10	55	3.807443E+28	-3.967453E+28	-3.282238E+28	0	0	0	0	1	0	-79.096	-19.595	0.977	5	5	5	4	2	0	-78.277	-10.303	0.035	5	5	5	1	0	0	-87.203	-5.704	-0.466	0	0	0	0	54589235	54589243	54589243
13848	0	0	4	55	-84.762	-23.639	0.014	0	0	0	0	5	55	-83.333	-38.366	-0.202	0	0	0	0	6	55	-83.514	-31.869	10.996	0	0	0	0	7	55	-82.303	-30.917	-11.864	0	0	0	0	8	55	-87.327	-56.305	-3.119	0	0	0	0	9	55	-154.512	-1.807	1.097	0	0	0	0	10	55	3.793621E+28	-3.970222E+28	-3.294871E+28	0	0	0	0	1	0	-79.096	-19.595	0.977	5	5	5	4	2	0	-78.277	-10.303	0.035	5	5	5	1	0	0	-87.203	-5.704	-0.466	0	0	0	0	54589251	54589259	0
13848	0	0	4	55	-84.762	-23.639	0.014	0	0	0	0	5	55	-83.333	-38.366	-0.202	0	0	0	0	6	55	-83.514	-31.869	10.996	0	0	0	0	7	55	-82.303	-30.917	-11.864	0	0	0	0	8	55	-87.327	-56.305	-3.119	0	0	0	0	9	55	-154.512	-1.807	1.097	0	0	0	0	10	55	3.793621E+28	-3.970221E+28	-3.294872E+28	0	0	0	0	1	0	-79.096	-19.595	0.977	5	5	5	4	2	0	-78.277	-10.303	0.035	5	5	5	1	0	0	-87.203	-5.704	-0.466	0	0	0	0	54589251	54589259	54589259
13865	0	0	4	55	-84.606	-23.641	-0.072	0	0	0	0	5	55	-83.147	-38.523	-0.299	0	0	0	0	6	55	-83.392	-31.883	11.022	0	0	0	0	7	55	-82.043	-31.403	-11.872	0	0	0	0	8	55	-87.201	-56.394	-3.113	0	0	0	0	9	55	-154.425	-1.944	0.983	0	0	0	0	10	55	3.79555E+28	-3.970728E+28	-3.292039E+28	0	0	0	0	1	0	-79.096	-19.595	0.977	5	5	5	4	2	0	-78.277	-10.303	0.035	5	5	5	1	0	0	-87.203	-5.704	-0.466	0	0	0	0	54589266	54589275	54589275
13882	0	0	4	55	-84.537	-23.619	0.007	0	0	0	0	5	55	-83.197	-38.377	-0.12	0	0	0	0	6	55	-83.389	-31.957	10.982	0	0	0	0	7	55	-81.955	-30.976	-11.78	0	0	0	0	8	55	-87.423	-56.144	-3.16	0	0	0	0	9	55	-154.366	-1.753	1.047	0	0	0	0	10	55	3.787905E+28	-3.971368E+28	-3.300062E+28	0	0	0	0	1	0	-79.096	-19.595	0.977	5	5	5	4	2	0	-78.277	-10.303	0.035	5	5	5	1	0	0	-87.203	-5.704	-0.466	0	0	0	0	54589283	54589292	0
13882	0	0	4	55	-84.537	-23.619	0.007	0	0	0	0	5	55	-83.197	-38.377	-0.12	0	0	0	0	6	55	-83.389	-31.957	10.982	0	0	0	0	7	55	-81.955	-30.976	-11.78	0	0	0	0	8	55	-87.423	-56.144	-3.16	0	0	0	0	9	55	-154.366	-1.753	1.047	0	0	0	0	10	55	3.787905E+28	-3.971368E+28	-3.300061E+28	0	0	0	0	1	0	-79.096	-19.595	0.977	5	5	5	4	2	0	-78.277	-10.303	0.035	5	5	5	1	0	0	-87.203	-5.704	-0.466	0	0	0	0	54589283	54589292	54589292
13898	0	0	4	55	-84.554	-23.673	0.111	0	0	0	0	5	55	-83.12	-38.591	-0.001	0	0	0	0	6	55	-83.406	-32.039	11.135	0	0	0	0	7	55	-81.924	-31.215	-11.686	0	0	0	0	8	55	-87.364	-56.293	-3.179	0	0	0	0	9	55	-154.292	-1.705	1.178	0	0	0	0	10	55	3.78507E+28	-3.975483E+28	-3.298359E+28	0	0	0	0	1	0	-79.096	-19.595	0.977	5	5	5	4	2	0	-78.277	-10.303	0.035	5	5	5	1	0	0	-87.203	-5.704	-0.466	0	0	0	0	54589300	54589309	0
13899	0	0	4	55	-84.554	-23.673	0.111	0	0	0	0	5	55	-83.12	-38.591	-0.001	0	0	0	0	6	55	-83.406	-32.039	11.135	0	0	0	0	7	55	-81.924	-31.215	-11.686	0	0	0	0	8	55	-87.364	-56.293	-3.179	0	0	0	0	9	55	-154.292	-1.705	1.178	0	0	0	0	10	55	3.78507E+28	-3.975484E+28	-3.298358E+28	0	0	0	0	1	0	-79.096	-19.595	0.977	5	5	5	4	2	0	-78.277	-10.303	0.035	5	5	5	1	0	0	-87.203	-5.704	-0.466	0	0	0	0	54589301	54589310	54589310
13915	0	0	4	55	-84.644	-23.657	0.25	0	0	0	0	5	55	-83.321	-38.523	-0.051	0	0	0	0	6	55	-83.448	-32.032	11.234	0	0	0	0	7	55	-82.175	-31.153	-11.799	0	0	0	0	8	55	-87.582	-56.177	-3.058	0	0	0	0	9	55	-154.264	-1.396	1.263	0	0	0	0	10	55	3.772009E+28	-3.982268E+28	-3.30513E+28	0	0	0	0	1	0	-79.096	-19.595	0.977	5	5	5	4	2	0	-78.277	-10.303	0.035	5	5	5	1	0	0	-87.203	-5.704	-0.466	0	0	0	0	54589317	54589326	54589326
13932	0	0	4	55	-84.58	-23.623	0.183	0	0	0	0	5	55	-83.358	-38.504	-0.236	0	0	0	0	6	55	-83.52	-31.966	11.126	0	0	0	0	7	55	-82.219	-31.101	-11.79	0	0	0	0	8	55	-87.555	-56.189	-3.172	0	0	0	0	9	55	-154.213	-1.325	1.195	0	0	0	0	10	55	3.770677E+28	-3.980491E+28	-3.308788E+28	0	0	0	0	1	0	-79.096	-19.595	0.977	5	5	5	4	2	0	-78.277	-10.303	0.035	5	5	5	1	0	0	-87.203	-5.704	-0.466	0	0	0	0	54589333	54589342	0
13932	0	0	4	55	-84.58	-23.623	0.183	0	0	0	0	5	55	-83.358	-38.504	-0.236	0	0	0	0	6	55	-83.52	-31.966	11.126	0	0	0	0	7	55	-82.219	-31.101	-11.79	0	0	0	0	8	55	-87.555	-56.189	-3.172	0	0	0	0	9	55	-154.213	-1.325	1.195	0	0	0	0	10	55	3.770677E+28	-3.980491E+28	-3.308788E+28	0	0	0	0	1	0	-79.096	-19.595	0.977	5	5	5	4	2	0	-78.277	-10.303	0.035	5	5	5	1	0	0	-87.203	-5.704	-0.466	0	0	0	0	54589334	54589342	54589342
13948	0	0	4	55	-84.671	-23.646	0.152	0	0	0	0	5	55	-83.361	-38.47	-0.209	0	0	0	0	6	55	-83.474	-32.044	11.119	0	0	0	0	7	55	-82.111	-31.204	-11.833	0	0	0	0	8	55	-87.677	-56.206	-3.226	0	0	0	0	9	55	-154.231	-1.439	1.092	0	0	0	0	10	55	3.773703E+28	-3.982437E+28	-3.302993E+28	0	0	0	0	1	0	-79.096	-19.595	0.977	5	5	5	4	2	0	-78.277	-10.303	0.035	5	5	5	1	0	0	-87.203	-5.704	-0.466	0	0	0	0	54589350	54589359	0
13948	0	0	4	55	-84.671	-23.646	0.152	0	0	0	0	5	55	-83.361	-38.47	-0.209	0	0	0	0	6	55	-83.474	-32.044	11.119	0	0	0	0	7	55	-82.111	-31.204	-11.833	0	0	0	0	8	55	-87.677	-56.206	-3.226	0	0	0	0	9	55	-154.231	-1.439	1.092	0	0	0	0	10	55	3.773704E+28	-3.982436E+28	-3.302993E+28	0	0	0	0	1	0	-79.096	-19.595	0.977	5	5	5	4	2	0	-78.277	-10.303	0.035	5	5	5	1	0	0	-87.203	-5.704	-0.466	0	0	0	0	54589350	54589359	54589359
13965	0	0	4	55	-84.624	-23.698	0.094	0	0	0	0	5	55	-83.502	-38.427	-0.158	0	0	0	0	6	55	-83.534	-32.034	11.08	0	0	0	0	7	55	-82.145	-30.655	-11.647	0	0	0	0	8	55	-87.772	-56.377	-3.184	0	0	0	0	9	55	-154.222	-1.539	1.119	0	0	0	0	10	55	3.772899E+28	-3.982513E+28	-3.303819E+28	0	0	0	0	1	0	-79.096	-19.595	0.977	5	5	5	4	2	0	-78.277	-10.303	0.035	5	5	5	1	0	0	-87.203	-5.704	-0.466	0	0	0	0	54589367	54589375	54589375
13982	0	0	4	55	-84.561	-23.675	-0.004	0	0	0	0	5	55	-83.404	-38.517	-0.224	0	0	0	0	6	55	-83.448	-32.097	11	0	0	0	0	7	55	-82.085	-31.063	-11.604	0	0	0	0	8	55	-87.881	-56.427	-3.156	0	0	0	0	9	55	-154.219	-1.6	1.106	0	0	0	0	10	55	3.774284E+28	-3.982352E+28	-3.30243E+28	0	0	0	0	1	0	-79.096	-19.595	0.977	5	5	5	4	2	0	-78.277	-10.303	0.035	5	5	5	1	0	0	-87.203	-5.704	-0.466	0	0	0	0	54589384	54589392	0
13982	0	0	4	55	-84.561	-23.675	-0.004	0	0	0	0	5	55	-83.404	-38.517	-0.224	0	0	0	0	6	55	-83.448	-32.097	11	0	0	0	0	7	55	-82.085	-31.063	-11.604	0	0	0	0	8	55	-87.881	-56.427	-3.156	0	0	0	0	9	55	-154.219	-1.6	1.106	0	0	0	0	10	55	3.774284E+28	-3.982352E+28	-3.30243E+28	0	0	0	0	1	0	-79.096	-19.595	0.977	5	5	5	4	2	0	-78.277	-10.303	0.035	5	5	5	1	0	0	-87.203	-5.704	-0.466	0	0	0	0	54589384	54589392	54589392
13998	0	0	4	55	-84.831	-23.733	0.143	0	0	0	0	5	55	-83.426	-38.755	-0.393	0	0	0	0	6	55	-83.565	-32.217	10.904	0	0	0	0	7	55	-82.071	-30.895	-11.746	0	0	0	0	8	55	-88.241	-56.431	-3.267	0	0	0	0	9	55	-154.216	-1.61	1.028	0	0	0	0	10	55	3.77395E+28	-3.983359E+28	-3.301598E+28	0	0	0	0	1	0	-79.096	-19.595	0.977	5	5	5	4	2	0	-78.277	-10.303	0.035	5	5	5	1	0	0	-87.203	-5.704	-0.466	0	0	0	0	54589401	54589409	0
13999	0	0	4	55	-84.831	-23.733	0.143	0	0	0	0	5	55	-83.426	-38.755	-0.393	0	0	0	0	6	55	-83.565	-32.217	10.904	0	0	0	0	7	55	-82.071	-30.895	-11.746	0	0	0	0	8	55	-88.241	-56.431	-3.267	0	0	0	0	9	55	-154.216	-1.61	1.028	0	0	0	0	10	55	3.77395E+28	-3.983358E+28	-3.301599E+28	0	0	0	0	1	0	-79.096	-19.595	0.977	5	5	5	4	2	0	-78.277	-10.303	0.035	5	5	5	1	0	0	-87.203	-5.704	-0.466	0	0	0	0	54589401	54589409	54589409
14015	0	0	4	55	-84.594	-23.913	-0.035	0	0	0	0	5	55	-83.518	-38.752	-0.289	0	0	0	0	6	55	-83.59	-32.303	10.956	0	0	0	0	7	55	-82.232	-31.065	-11.809	0	0	0	0	8	55	-88.323	-56.702	-3.321	0	0	0	0	9	55	-154.144	-1.486	1.039	0	0	0	0	10	55	3.767921E+28	-3.989255E+28	-3.301366E+28	0	0	0	0	1	0	-79.096	-19.595	0.977	5	5	5	4	2	0	-78.277	-10.303	0.035	5	5	5	1	0	0	-87.203	-5.704	-0.466	0	0	0	0	54589416	54589425	54589425
14033	0	0	4	55	-84.551	-24.091	0.06	0	0	0	0	5	55	-83.627	-38.995	-0.29	0	0	0	0	6	55	-83.558	-32.486	10.949	0	0	0	0	7	55	-82.33	-31.4	-11.704	0	0	0	0	8	55	-88.499	-56.857	-3.252	0	0	0	0	9	55	-154.128	-1.554	1.274	0	0	0	0	10	55	3.769122E+28	-3.989168E+28	-3.3001E+28	0	0	0	0	1	0	-79.096	-19.595	0.977	5	5	5	4	2	0	-78.277	-10.303	0.035	5	5	5	1	0	0	-87.203	-5.704	-0.466	0	0	0	0	54589433	54589444	0
14033	0	0	4	55	-84.551	-24.091	0.06	0	0	0	0	5	55	-83.627	-38.995	-0.29	0	0	0	0	6	55	-83.558	-32.486	10.949	0	0	0	0	7	55	-82.33	-31.4	-11.704	0	0	0	0	8	55	-88.499	-56.857	-3.252	0	0	0	0	9	55	-154.128	-1.554	1.274	0	0	0	0	10	55	3.769121E+28	-3.989168E+28	-3.3001E+28	0	0	0	0	1	0	-79.096	-19.595	0.977	5	5	5	4	2	0	-78.277	-10.303	0.035	5	5	5	1	0	0	-87.203	-5.704	-0.466	0	0	0	0	54589434	54589444	54589444
14048	0	0	4	55	-84.558	-24.26	0.08	0	0	0	0	5	55	-83.594	-39.278	-0.437	0	0	0	0	6	55	-83.542	-32.646	11.044	0	0	0	0	7	55	-82.073	-31.612	-11.692	0	0	0	0	8	55	-88.682	-57.186	-3.197	0	0	0	0	9	55	-154.058	-1.549	1.448	0	0	0	0	10	55	3.768403E+28	-3.990012E+28	-3.2999E+28	0	0	0	0	1	0	-79.096	-19.595	0.977	5	5	5	4	2	0	-78.277	-10.303	0.035	5	5	5	1	0	0	-87.203	-5.704	-0.466	0	0	0	0	54589450	54589459	0
14049	0	0	4	55	-84.558	-24.26	0.08	0	0	0	0	5	55	-83.594	-39.278	-0.437	0	0	0	0	6	55	-83.542	-32.646	11.044	0	0	0	0	7	55	-82.073	-31.612	-11.692	0	0	0	0	8	55	-88.682	-57.186	-3.197	0	0	0	0	9	55	-154.058	-1.549	1.448	0	0	0	0	10	55	3.768403E+28	-3.990011E+28	-3.299899E+28	0	0	0	0	1	0	-79.096	-19.595	0.977	5	5	5	4	2	0	-78.277	-10.303	0.035	5	5	5	1	0	0	-87.203	-5.704	-0.466	0	0	0	0	54589450	54589459	54589459
14065	0	0	4	55	-84.643	-24.369	0.214	0	0	0	0	5	55	-83.835	-39.291	-0.156	0	0	0	0	6	55	-83.609	-32.726	11.011	0	0	0	0	7	55	-82.379	-31.266	-11.579	0	0	0	0	8	55	-88.89	-57.253	-3.237	0	0	0	0	9	55	-153.915	-1.34	1.535	0	0	0	0	10	55	3.76549E+28	-3.993767E+28	-3.298682E+28	0	0	0	0	1	0	-79.096	-19.595	0.977	5	5	5	4	2	0	-78.277	-10.303	0.035	5	5	5	1	0	0	-87.203	-5.704	-0.466	0	0	0	0	54589467	54589475	54589475
14082	0	0	4	55	-84.574	-24.509	0.112	0	0	0	0	5	55	-83.746	-39.439	-0.171	0	0	0	0	6	55	-83.519	-32.857	11.023	0	0	0	0	7	55	-82.23	-31.906	-11.607	0	0	0	0	8	55	-88.91	-57.489	-3.279	0	0	0	0	9	55	-153.962	-1.572	1.458	0	0	0	0	10	55	3.769501E+28	-3.995103E+28	-3.292478E+28	0	0	0	0	1	0	-79.096	-19.595	0.977	5	5	5	4	2	0	-78.277	-10.303	0.035	5	5	5	1	0	0	-87.203	-5.704	-0.466	0	0	0	0	54589484	54589492	0
14082	0	0	4	55	-84.574	-24.509	0.112	0	0	0	0	5	55	-83.746	-39.439	-0.171	0	0	0	0	6	55	-83.519	-32.857	11.023	0	0	0	0	7	55	-82.23	-31.906	-11.607	0	0	0	0	8	55	-88.91	-57.489	-3.279	0	0	0	0	9	55	-153.962	-1.572	1.458	0	0	0	0	10	55	3.769501E+28	-3.995103E+28	-3.292478E+28	0	0	0	0	1	0	-79.096	-19.595	0.977	5	5	5	4	2	0	-78.277	-10.303	0.035	5	5	5	1	0	0	-87.203	-5.704	-0.466	0	0	0	0	54589484	54589492	54589492
14098	0	0	4	55	-84.699	-24.451	0.195	0	0	0	0	5	55	-83.875	-39.461	-0.38	0	0	0	0	6	55	-83.589	-32.846	10.939	0	0	0	0	7	55	-82.007	-31.393	-11.516	0	0	0	0	8	55	-89.095	-57.461	-3.261	0	0	0	0	9	55	-154.006	-1.525	1.316	0	0	0	0	10	55	3.765227E+28	-3.99833E+28	-3.29345E+28	0	0	0	0	1	0	-79.096	-19.595	0.977	5	5	5	4	2	0	-78.277	-10.303	0.035	5	5	5	1	0	0	-87.203	-5.704	-0.466	0	0	0	0	54589501	54589509	0
14098	0	0	4	55	-84.699	-24.451	0.195	0	0	0	0	5	55	-83.875	-39.461	-0.38	0	0	0	0	6	55	-83.589	-32.846	10.939	0	0	0	0	7	55	-82.007	-31.393	-11.516	0	0	0	0	8	55	-89.095	-57.461	-3.261	0	0	0	0	9	55	-154.006	-1.525	1.316	0	0	0	0	10	55	3.765227E+28	-3.99833E+28	-3.293451E+28	0	0	0	0	1	0	-79.096	-19.595	0.977	5	5	5	4	2	0	-78.277	-10.303	0.035	5	5	5	1	0	0	-87.203	-5.704	-0.466	0	0	0	0	54589501	54589509	54589509
14115	0	0	4	55	-84.501	-24.404	0.193	0	0	0	0	5	55	-83.778	-39.441	-0.316	0	0	0	0	6	55	-83.527	-32.792	11.131	0	0	0	0	7	55	-82.029	-31.691	-11.476	0	0	0	0	8	55	-89.169	-57.369	-3.16	0	0	0	0	9	55	-153.873	-1.632	1.292	0	0	0	0	10	55	3.764893E+28	-3.998938E+28	-3.293094E+28	0	0	0	0	1	0	-79.096	-19.595	0.977	5	5	5	4	2	0	-78.277	-10.303	0.035	5	5	5	1	0	0	-87.203	-5.704	-0.466	0	0	0	0	54589517	54589526	54589526
14131	0	0	4	55	-84.567	-24.35	0.359	0	0	0	0	5	55	-83.817	-39.333	-0.03	0	0	0	0	6	55	-83.436	-32.87	11.135	0	0	0	0	7	55	-82.314	-31.337	-11.3	0	0	0	0	8	55	-89.203	-57.193	-2.985	0	0	0	0	9	55	-153.744	-1.44	1.564	0	0	0	0	10	55	3.75979E+28	-4.001426E+28	-3.295901E+28	0	0	0	0	1	0	-79.096	-19.595	0.977	5	5	5	4	2	0	-78.277	-10.303	0.035	5	5	5	1	0	0	-87.203	-5.704	-0.466	0	0	0	0	54589534	54589542	0
14132	0	0	4	55	-84.567	-24.35	0.359	0	0	0	0	5	55	-83.817	-39.333	-0.03	0	0	0	0	6	55	-83.436	-32.87	11.135	0	0	0	0	7	55	-82.314	-31.337	-11.3	0	0	0	0	8	55	-89.203	-57.193	-2.985	0	0	0	0	9	55	-153.744	-1.44	1.564	0	0	0	0	10	55	3.759789E+28	-4.001427E+28	-3.295901E+28	0	0	0	0	1	0	-79.096	-19.595	0.977	5	5	5	4	2	0	-78.277	-10.303	0.035	5	5	5	1	0	0	-87.203	-5.704	-0.466	0	0	0	0	54589534	54589542	54589542
14148	0	0	4	55	-84.432	-24.165	0.326	0	0	0	0	5	55	-83.782	-39.169	0.045	0	0	0	0	6	55	-83.456	-32.615	11.11	0	0	0	0	7	55	-82.089	-31.222	-11.495	0	0	0	0	8	55	-89.017	-57.057	-3.097	0	0	0	0	9	55	-153.756	-1.173	1.44	0	0	0	0	10	55	3.752508E+28	-4.009775E+28	-3.294054E+28	0	0	0	0	1	0	-79.096	-19.595	0.977	5	5	5	4	2	0	-78.277	-10.303	0.035	5	5	5	1	0	0	-87.203	-5.704	-0.466	0	0	0	0	54589550	54589559	0
14149	0	0	4	55	-84.432	-24.165	0.326	0	0	0	0	5	55	-83.782	-39.169	0.045	0	0	0	0	6	55	-83.456	-32.615	11.11	0	0	0	0	7	55	-82.089	-31.222	-11.495	0	0	0	0	8	55	-89.017	-57.057	-3.097	0	0	0	0	9	55	-153.756	-1.173	1.44	0	0	0	0	10	55	3.752508E+28	-4.009775E+28	-3.294054E+28	0	0	0	0	1	0	-79.096	-19.595	0.977	5	5	5	4	2	0	-78.277	-10.303	0.035	5	5	5	1	0	0	-87.203	-5.704	-0.466	0	0	0	0	54589550	54589559	54589559
14165	0	0	4	55	-84.443	-24.132	0.191	0	0	0	0	5	55	-83.69	-39.12	0.087	0	0	0	0	6	55	-83.365	-32.701	11.107	0	0	0	0	7	55	-82.035	-31.325	-11.527	0	0	0	0	8	55	-88.93	-57.128	-3.138	0	0	0	0	9	55	-153.706	-1.253	1.471	0	0	0	0	10	55	3.75558E+28	-4.00736E+28	-3.293491E+28	0	0	0	0	1	0	-79.096	-19.595	0.977	5	5	5	4	2	0	-78.277	-10.303	0.035	5	5	5	1	0	0	-87.203	-5.704	-0.466	0	0	0	0	54589567	54589576	54589576
14182	0	0	4	55	-84.367	-24.114	0.258	0	0	0	0	5	55	-83.742	-39.04	-0.049	0	0	0	0	6	55	-83.349	-32.657	11.124	0	0	0	0	7	55	-82.012	-31.225	-11.499	0	0	0	0	8	55	-88.957	-57.028	-3.144	0	0	0	0	9	55	-153.704	-1.172	1.505	0	0	0	0	10	55	3.751987E+28	-4.008463E+28	-3.296243E+28	0	0	0	0	1	0	-79.096	-19.595	0.977	5	5	5	4	2	0	-78.277	-10.303	0.035	5	5	5	1	0	0	-87.203	-5.704	-0.466	0	0	0	0	54589582	54589592	0
14182	0	0	4	55	-84.367	-24.114	0.258	0	0	0	0	5	55	-83.742	-39.04	-0.049	0	0	0	0	6	55	-83.349	-32.657	11.124	0	0	0	0	7	55	-82.012	-31.225	-11.499	0	0	0	0	8	55	-88.957	-57.028	-3.144	0	0	0	0	9	55	-153.704	-1.172	1.505	0	0	0	0	10	55	3.751987E+28	-4.008463E+28	-3.296243E+28	0	0	0	0	1	0	-79.096	-19.595	0.977	5	5	5	4	2	0	-78.277	-10.303	0.035	5	5	5	1	0	0	-87.203	-5.704	-0.466	0	0	0	0	54589583	54589592	54589592
14198	0	0	4	55	-84.324	-24.201	0.367	0	0	0	0	5	55	-83.61	-39.091	-0.058	0	0	0	0	6	55	-83.253	-32.67	11.103	0	0	0	0	7	55	-82.133	-31.419	-11.388	0	0	0	0	8	55	-88.894	-56.98	-3.055	0	0	0	0	9	55	-153.639	-1.337	1.391	0	0	0	0	10	55	3.761142E+28	-4.010096E+28	-3.283799E+28	0	0	0	0	1	0	-79.096	-19.595	0.977	5	5	5	4	2	0	-78.277	-10.303	0.035	5	5	5	1	0	0	-87.203	-5.704	-0.466	0	0	0	0	54589601	54589609	0
14198	0	0	4	55	-84.324	-24.201	0.367	0	0	0	0	5	55	-83.61	-39.091	-0.058	0	0	0	0	6	55	-83.253	-32.67	11.103	0	0	0	0	7	55	-82.133	-31.419	-11.388	0	0	0	0	8	55	-88.894	-56.98	-3.055	0	0	0	0	9	55	-153.639	-1.337	1.391	0	0	0	0	10	55	3.761142E+28	-4.010095E+28	-3.2838E+28	0	0	0	0	1	0	-79.096	-19.595	0.977	5	5	5	4	2	0	-78.277	-10.303	0.035	5	5	5	1	0	0	-87.203	-5.704	-0.466	0	0	0	0	54589601	54589609	54589609
14215	0	0	4	55	-84.228	-23.95	0.252	0	0	0	0	5	55	-83.546	-38.913	-0.063	0	0	0	0	6	55	-83.205	-32.442	11.107	0	0	0	0	7	55	-82.075	-31.244	-11.61	0	0	0	0	8	55	-88.684	-56.94	-3.164	0	0	0	0	9	55	-153.55	-1.123	1.394	0	0	0	0	10	55	3.758794E+28	-4.015674E+28	-3.279668E+28	0	0	0	0	1	0	-79.096	-19.595	0.977	5	5	5	4	2	0	-78.277	-10.303	0.035	5	5	5	1	0	0	-87.203	-5.704	-0.466	0	0	0	0	54589616	54589625	54589625
14232	0	0	4	55	-84.341	-24.155	0.236	0	0	0	0	5	55	-83.559	-39.074	-0.115	0	0	0	0	6	55	-83.28	-32.583	11.085	0	0	0	0	7	55	-82.125	-31.507	-11.753	0	0	0	0	8	55	-88.628	-57.088	-3.271	0	0	0	0	9	55	-153.688	-1.38	1.367	0	0	0	0	10	55	3.768612E+28	-4.006154E+28	-3.280044E+28	0	0	0	0	1	0	-79.096	-19.595	0.977	5	5	5	4	2	0	-78.277	-10.303	0.035	5	5	5	1	0	0	-87.203	-5.704	-0.466	0	0	0	0	54589634	54589642	0
14232	0	0	4	55	-84.341	-24.155	0.236	0	0	0	0	5	55	-83.559	-39.074	-0.115	0	0	0	0	6	55	-83.28	-32.583	11.085	0	0	0	0	7	55	-82.125	-31.507	-11.753	0	0	0	0	8	55	-88.628	-57.088	-3.271	0	0	0	0	9	55	-153.688	-1.38	1.367	0	0	0	0	10	55	3.768612E+28	-4.006155E+28	-3.280044E+28	0	0	0	0	1	0	-79.096	-19.595	0.977	5	5	5	4	2	0	-78.277	-10.303	0.035	5	5	5	1	0	0	-87.203	-5.704	-0.466	0	0	0	0	54589634	54589642	54589642
14248	0	0	4	55	-84.327	-23.968	0.255	0	0	0	0	5	55	-83.495	-38.931	-0.234	0	0	0	0	6	55	-83.285	-32.443	11.041	0	0	0	0	7	55	-82.133	-31.157	-11.581	0	0	0	0	8	55	-88.529	-56.848	-3.229	0	0	0	0	9	55	-153.665	-1.238	1.218	0	0	0	0	10	55	3.770474E+28	-4.011858E+28	-3.27092E+28	0	0	0	0	1	0	-79.096	-19.595	0.977	5	5	5	4	2	0	-78.277	-10.303	0.035	5	5	5	1	0	0	-87.203	-5.704	-0.466	0	0	0	0	54589650	54589659	0
14248	0	0	4	55	-84.327	-23.968	0.255	0	0	0	0	5	55	-83.495	-38.931	-0.234	0	0	0	0	6	55	-83.285	-32.443	11.041	0	0	0	0	7	55	-82.133	-31.157	-11.581	0	0	0	0	8	55	-88.529	-56.848	-3.229	0	0	0	0	9	55	-153.665	-1.238	1.218	0	0	0	0	10	55	3.770474E+28	-4.011857E+28	-3.27092E+28	0	0	0	0	1	0	-79.096	-19.595	0.977	5	5	5	4	2	0	-78.277	-10.303	0.035	5	5	5	1	0	0	-87.203	-5.704	-0.466	0	0	0	0	54589650	54589659	54589659
14265	0	0	4	55	-84.257	-24.003	0.12	0	0	0	0	5	55	-83.172	-39.012	-0.358	0	0	0	0	6	55	-83.119	-32.58	11.078	0	0	0	0	7	55	-81.886	-31.519	-11.549	0	0	0	0	8	55	-88.185	-56.997	-3.267	0	0	0	0	9	55	-153.59	-1.665	1.107	0	0	0	0	10	55	3.785219E+28	-4.006128E+28	-3.260896E+28	0	0	0	0	1	0	-79.096	-19.595	0.977	5	5	5	4	2	0	-78.277	-10.303	0.035	5	5	5	1	0	0	-87.203	-5.704	-0.466	0	0	0	0	54589667	54589675	54589675
14282	0	0	4	55	-84.327	-23.989	0.146	0	0	0	0	5	55	-83.239	-38.992	-0.501	0	0	0	0	6	55	-83.127	-32.573	11.029	0	0	0	0	7	55	-81.681	-31.322	-11.894	0	0	0	0	8	55	-88.21	-56.981	-3.398	0	0	0	0	9	55	-153.66	-1.71	0.985	0	0	0	0	10	55	3.78094E+28	-4.00286E+28	-3.269863E+28	0	0	0	0	1	0	-79.096	-19.595	0.977	5	5	5	4	2	0	-78.277	-10.303	0.035	5	5	5	1	0	0	-87.203	-5.704	-0.466	0	0	0	0	54589683	54589692	0
14282	0	0	4	55	-84.327	-23.989	0.146	0	0	0	0	5	55	-83.239	-38.992	-0.501	0	0	0	0	6	55	-83.127	-32.573	11.029	0	0	0	0	7	55	-81.681	-31.322	-11.894	0	0	0	0	8	55	-88.21	-56.981	-3.398	0	0	0	0	9	55	-153.66	-1.71	0.985	0	0	0	0	10	55	3.780938E+28	-4.002861E+28	-3.269864E+28	0	0	0	0	1	0	-79.096	-19.595	0.977	5	5	5	4	2	0	-78.277	-10.303	0.035	5	5	5	1	0	0	-87.203	-5.704	-0.466	0	0	0	0	54589684	54589692	54589692
14298	0	0	4	55	-84.136	-23.628	0.079	0	0	0	0	5	55	-83.163	-38.524	-0.224	0	0	0	0	6	55	-83.188	-32.218	11.005	0	0	0	0	7	55	-81.766	-30.693	-11.487	0	0	0	0	8	55	-88.082	-56.635	-3.345	0	0	0	0	9	55	-153.761	-1.427	1.023	0	0	0	0	10	55	3.776993E+28	-4.003364E+28	-3.273805E+28	0	0	0	0	1	0	-79.096	-19.595	0.977	5	5	5	4	2	0	-78.277	-10.303	0.035	5	5	5	1	0	0	-87.203	-5.704	-0.466	0	0	0	0	54589700	54589709	0
14299	0	0	4	55	-84.136	-23.628	0.079	0	0	0	0	5	55	-83.163	-38.524	-0.224	0	0	0	0	6	55	-83.188	-32.218	11.005	0	0	0	0	7	55	-81.766	-30.693	-11.487	0	0	0	0	8	55	-88.082	-56.635	-3.345	0	0	0	0	9	55	-153.761	-1.427	1.023	0	0	0	0	10	55	3.776993E+28	-4.003364E+28	-3.273805E+28	0	0	0	0	1	0	-79.096	-19.595	0.977	5	5	5	4	2	0	-78.277	-10.303	0.035	5	5	5	1	0	0	-87.203	-5.704	-0.466	0	0	0	0	54589700	54589709	54589709
14315	0	0	4	55	-84.259	-23.572	0.24	0	0	0	0	5	55	-82.986	-38.496	-0.328	0	0	0	0	6	55	-83.185	-32.265	11	0	0	0	0	7	55	-81.831	-30.712	-11.539	0	0	0	0	8	55	-87.918	-56.69	-3.382	0	0	0	0	9	55	-153.975	-1.732	0.965	0	0	0	0	10	55	3.7888E+28	-3.99345E+28	-3.272269E+28	0	0	0	0	1	0	-79.096	-19.595	0.977	5	5	5	4	2	0	-78.277	-10.303	0.035	5	5	5	1	0	0	-87.203	-5.704	-0.466	0	0	0	0	54589717	54589725	54589725
14332	0	0	4	55	-84.469	-23.473	0.195	0	0	0	0	5	55	-83.114	-38.428	-0.448	0	0	0	0	6	55	-83.305	-32.186	10.907	0	0	0	0	7	55	-81.995	-30.653	-11.821	0	0	0	0	8	55	-87.733	-56.755	-3.529	0	0	0	0	9	55	-154.035	-1.822	0.847	0	0	0	0	10	55	3.800377E+28	-3.98654E+28	-3.267267E+28	0	0	0	0	1	0	-79.096	-19.595	0.977	5	5	5	4	2	0	-78.277	-10.303	0.035	5	5	5	1	0	0	-87.203	-5.704	-0.466	0	0	0	0	54589732	54589742	0
14332	0	0	4	55	-84.469	-23.473	0.195	0	0	0	0	5	55	-83.114	-38.428	-0.448	0	0	0	0	6	55	-83.305	-32.186	10.907	0	0	0	0	7	55	-81.995	-30.653	-11.821	0	0	0	0	8	55	-87.733	-56.755	-3.529	0	0	0	0	9	55	-154.035	-1.822	0.847	0	0	0	0	10	55	3.800377E+28	-3.98654E+28	-3.267267E+28	0	0	0	0	1	0	-79.096	-19.595	0.977	5	5	5	4	2	0	-78.277	-10.303	0.035	5	5	5	1	0	0	-87.203	-5.704	-0.466	0	0	0	0	54589732	54589743	54589743
14348	0	0	4	55	-84.065	-23.104	0.284	0	0	0	0	5	55	-82.738	-38.086	-0.191	0	0	0	0	6	55	-83.079	-31.799	11.091	0	0	0	0	7	55	-81.744	-30.36	-11.678	0	0	0	0	8	55	-87.579	-56.244	-3.31	0	0	0	0	9	55	-153.795	-1.455	1.139	0	0	0	0	10	55	3.788597E+28	-3.994144E+28	-3.271657E+28	0	0	0	0	1	0	-79.096	-19.595	0.977	5	5	5	4	2	0	-78.277	-10.303	0.035	5	5	5	1	0	0	-87.203	-5.704	-0.466	0	0	0	0	54589751	54589759	0
14349	0	0	4	55	-84.065	-23.104	0.284	0	0	0	0	5	55	-82.738	-38.086	-0.191	0	0	0	0	6	55	-83.079	-31.799	11.091	0	0	0	0	7	55	-81.744	-30.36	-11.678	0	0	0	0	8	55	-87.579	-56.244	-3.31	0	0	0	0	9	55	-153.795	-1.455	1.139	0	0	0	0	10	55	3.788597E+28	-3.994144E+28	-3.271657E+28	0	0	0	0	1	0	-79.096	-19.595	0.977	5	5	5	4	2	0	-78.277	-10.303	0.035	5	5	5	1	0	0	-87.203	-5.704	-0.466	0	0	0	0	54589751	54589759	54589759
14365	0	0	4	55	-84.557	-22.638	0.408	0	0	0	0	5	55	-82.961	-37.874	-0.211	0	0	0	0	6	55	-83.264	-31.468	11.171	0	0	0	0	7	55	-81.647	-30.201	-11.568	0	0	0	0	8	55	-87.533	-56.157	-3.283	0	0	0	0	9	55	-154.074	-1.39	1.113	0	0	0	0	10	55	3.785512E+28	-3.990782E+28	-3.279323E+28	0	0	0	0	1	0	-79.096	-19.595	0.977	5	5	5	4	2	0	-78.277	-10.303	0.035	5	5	5	1	0	0	-87.203	-5.704	-0.466	0	0	0	0	54589768	54589775	54589776
14382	0	0	4	55	-84.85	-23.056	0.353	0	0	0	0	5	55	-83.094	-38.34	-0.357	0	0	0	0	6	55	-83.575	-31.904	11.032	0	0	0	0	7	55	-81.884	-30.33	-11.556	0	0	0	0	8	55	-87.681	-56.562	-3.4	0	0	0	0	9	55	-154.392	-1.844	1.121	0	0	0	0	10	55	3.8068E+28	-3.971218E+28	-3.278429E+28	0	0	0	0	1	0	-79.096	-19.595	0.977	5	5	5	4	2	0	-78.277	-10.303	0.035	5	5	5	1	0	0	-87.203	-5.704	-0.466	0	0	0	0	54589783	54589792	0
14382	0	0	4	55	-84.85	-23.056	0.353	0	0	0	0	5	55	-83.094	-38.34	-0.357	0	0	0	0	6	55	-83.575	-31.904	11.032	0	0	0	0	7	55	-81.884	-30.33	-11.556	0	0	0	0	8	55	-87.681	-56.562	-3.4	0	0	0	0	9	55	-154.392	-1.844	1.121	0	0	0	0	10	55	3.806799E+28	-3.971218E+28	-3.278429E+28	0	0	0	0	1	0	-79.096	-19.595	0.977	5	5	5	4	2	0	-78.277	-10.303	0.035	5	5	5	1	0	0	-87.203	-5.704	-0.466	0	0	0	0	54589784	54589792	54589792
14398	0	0	4	55	-84.652	-23.087	0.171	0	0	0	0	5	55	-83.262	-38.406	-0.462	0	0	0	0	6	55	-83.509	-31.747	10.977	0	0	0	0	7	55	-82.143	-30.329	-11.802	0	0	0	0	8	55	-87.844	-56.644	-3.572	0	0	0	0	9	55	-154.07	-1.462	1.255	0	0	0	0	10	55	3.79449E+28	-3.987492E+28	-3.272942E+28	0	0	0	0	1	0	-79.096	-19.595	0.977	5	5	5	4	2	0	-78.277	-10.303	0.035	5	5	5	1	0	0	-87.203	-5.704	-0.466	0	0	0	0	54589800	54589809	0
14398	0	0	4	55	-84.652	-23.087	0.171	0	0	0	0	5	55	-83.262	-38.406	-0.462	0	0	0	0	6	55	-83.509	-31.747	10.977	0	0	0	0	7	55	-82.143	-30.329	-11.802	0	0	0	0	8	55	-87.844	-56.644	-3.572	0	0	0	0	9	55	-154.07	-1.462	1.255	0	0	0	0	10	55	3.794489E+28	-3.987493E+28	-3.272942E+28	0	0	0	0	1	0	-79.096	-19.595	0.977	5	5	5	4	2	0	-78.277	-10.303	0.035	5	5	5	1	0	0	-87.203	-5.704	-0.466	0	0	0	0	54589800	54589809	54589809
14415	0	0	4	55	-84.778	-23.124	0.334	0	0	0	0	5	55	-83.462	-38.572	-0.341	0	0	0	0	6	55	-83.59	-31.886	11.091	0	0	0	0	7	55	-82.229	-30.694	-11.755	0	0	0	0	8	55	-88.035	-56.901	-3.317	0	0	0	0	9	55	-154.076	-1.256	1.374	0	0	0	0	10	55	3.794821E+28	-3.985155E+28	-3.275403E+28	0	0	0	0	1	0	-79.096	-19.595	0.977	5	5	5	4	2	0	-78.277	-10.303	0.035	5	5	5	1	0	0	-87.203	-5.704	-0.466	0	0	0	0	54589817	54589826	54589826
14432	0	0	4	55	-84.929	-23.287	0.117	0	0	0	0	5	55	-83.766	-38.826	-0.458	0	0	0	0	6	55	-83.83	-31.923	11.054	0	0	0	0	7	55	-82.272	-30.865	-11.782	0	0	0	0	8	55	-88.059	-57.267	-3.428	0	0	0	0	9	55	-154.287	-1.289	1.437	0	0	0	0	10	55	3.795727E+28	-3.982541E+28	-3.277532E+28	0	0	0	0	1	0	-79.096	-19.595	0.977	5	5	5	4	2	0	-78.277	-10.303	0.035	5	5	5	1	0	0	-87.203	-5.704	-0.466	0	0	0	0	54589833	54589842	0
14432	0	0	4	55	-84.929	-23.287	0.117	0	0	0	0	5	55	-83.766	-38.826	-0.458	0	0	0	0	6	55	-83.83	-31.923	11.054	0	0	0	0	7	55	-82.272	-30.865	-11.782	0	0	0	0	8	55	-88.059	-57.267	-3.428	0	0	0	0	9	55	-154.287	-1.289	1.437	0	0	0	0	10	55	3.795727E+28	-3.982541E+28	-3.277532E+28	0	0	0	0	1	0	-79.096	-19.595	0.977	5	5	5	4	2	0	-78.277	-10.303	0.035	5	5	5	1	0	0	-87.203	-5.704	-0.466	0	0	0	0	54589834	54589842	54589842
14449	0	0	4	55	-84.993	-23.256	0.151	0	0	0	0	5	55	-84.075	-38.784	-0.532	0	0	0	0	6	55	-83.936	-31.879	10.876	0	0	0	0	7	55	-82.27	-30.419	-11.777	0	0	0	0	8	55	-88.129	-57.17	-3.521	0	0	0	0	9	55	-154.345	-1.22	1.199	0	0	0	0	10	55	3.796589E+28	-3.985664E+28	-3.272735E+28	0	0	0	0	1	0	-79.096	-19.595	0.977	5	5	5	4	2	0	-78.277	-10.303	0.035	5	5	5	1	0	0	-87.203	-5.704	-0.466	0	0	0	0	54589851	54589859	0
14449	0	0	4	55	-84.993	-23.256	0.151	0	0	0	0	5	55	-84.075	-38.784	-0.532	0	0	0	0	6	55	-83.936	-31.879	10.876	0	0	0	0	7	55	-82.27	-30.419	-11.777	0	0	0	0	8	55	-88.13	-57.17	-3.521	0	0	0	0	9	55	-154.345	-1.22	1.199	0	0	0	0	10	55	3.796588E+28	-3.985664E+28	-3.272736E+28	0	0	0	0	1	0	-79.096	-19.595	0.977	5	5	5	4	2	0	-78.277	-10.303	0.035	5	5	5	1	0	0	-87.203	-5.704	-0.466	0	0	0	0	54589851	54589859	54589859
14465	0	0	4	55	-85.172	-23.518	-0.3	0	0	0	0	5	55	-84.594	-39.083	-0.767	0	0	0	0	6	55	-83.964	-32.086	10.689	0	0	0	0	7	55	-82.408	-31.099	-12.029	0	0	0	0	8	55	-88.095	-57.562	-3.704	0	0	0	0	9	55	-154.611	-1.432	1.059	0	0	0	0	10	55	3.803917E+28	-3.985E+28	-3.265025E+28	0	0	0	0	1	0	-79.096	-19.595	0.977	5	5	5	4	2	0	-78.277	-10.303	0.035	5	5	5	1	0	0	-87.203	-5.704	-0.466	0	0	0	0	54589867	54589875	54589876
14482	0	0	4	55	-85.376	-23.465	-0.301	0	0	0	0	5	55	-84.682	-39.073	-0.741	0	0	0	0	6	55	-84.055	-31.98	10.619	0	0	0	0	7	55	-82.224	-30.9	-11.863	0	0	0	0	8	55	-87.959	-57.537	-3.706	0	0	0	0	9	55	-154.638	-1.403	1.152	0	0	0	0	10	55	3.80735E+28	-3.985901E+28	-3.25992E+28	0	0	0	0	1	0	-79.096	-19.595	0.977	5	5	5	4	2	0	-78.277	-10.303	0.035	5	5	5	1	0	0	-87.203	-5.704	-0.466	0	0	0	0	54589882	54589892	0
14482	0	0	4	55	-85.376	-23.465	-0.301	0	0	0	0	5	55	-84.682	-39.073	-0.741	0	0	0	0	6	55	-84.055	-31.98	10.618	0	0	0	0	7	55	-82.224	-30.9	-11.863	0	0	0	0	8	55	-87.959	-57.537	-3.706	0	0	0	0	9	55	-154.638	-1.403	1.152	0	0	0	0	10	55	3.807349E+28	-3.985901E+28	-3.259921E+28	0	0	0	0	1	0	-79.096	-19.595	0.977	5	5	5	4	2	0	-78.277	-10.303	0.035	5	5	5	1	0	0	-87.203	-5.704	-0.466	0	0	0	0	54589882	54589892	54589892
14498	0	0	4	55	-85.588	-23.179	-0.274	0	0	0	0	5	55	-85.061	-38.756	-0.901	0	0	0	0	6	55	-84.223	-31.633	10.61	0	0	0	0	7	55	-82.46	-30.549	-11.879	0	0	0	0	8	55	-87.846	-57.273	-3.732	0	0	0	0	9	55	-154.65	-1.093	1.432	0	0	0	0	10	55	3.804675E+28	-3.983712E+28	-3.265713E+28	0	0	0	0	1	0	-79.096	-19.595	0.977	5	5	5	4	2	0	-78.277	-10.303	0.035	5	5	5	1	0	0	-87.203	-5.704	-0.466	0	0	0	0	54589901	54589909	0
14498	0	0	4	55	-85.588	-23.179	-0.274	0	0	0	0	5	55	-85.061	-38.756	-0.901	0	0	0	0	6	55	-84.223	-31.633	10.61	0	0	0	0	7	55	-82.46	-30.549	-11.879	0	0	0	0	8	55	-87.846	-57.273	-3.732	0	0	0	0	9	55	-154.65	-1.093	1.432	0	0	0	0	10	55	3.804674E+28	-3.983712E+28	-3.265714E+28	0	0	0	0	1	0	-79.096	-19.595	0.977	5	5	5	4	2	0	-78.277	-10.303	0.035	5	5	5	1	0	0	-87.203	-5.704	-0.466	0	0	0	0	54589901	54589909	54589909
14515	0	0	4	55	-85.63	-22.894	-0.301	0	0	0	0	5	55	-85.39	-38.417	-0.743	0	0	0	0	6	55	-84.36	-31.318	10.738	0	0	0	0	7	55	-82.823	-30.603	-11.945	0	0	0	0	8	55	-87.789	-56.865	-3.725	0	0	0	0	9	55	-154.65	-0.87	1.716	0	0	0	0	10	55	3.803117E+28	-3.982069E+28	-3.269528E+28	0	0	0	0	1	0	-79.096	-19.595	0.977	5	5	5	4	2	0	-78.277	-10.303	0.035	5	5	5	1	0	0	-87.203	-5.704	-0.466	0	0	0	0	54589917	54589926	54589926
14532	0	0	4	55	-85.658	-22.781	-0.32	0	0	0	0	5	55	-85.386	-38.354	-0.794	0	0	0	0	6	55	-84.306	-31.269	10.764	0	0	0	0	7	55	-82.634	-30.707	-12.086	0	0	0	0	8	55	-87.65	-56.845	-3.657	0	0	0	0	9	55	-154.838	-0.963	1.584	0	0	0	0	10	55	3.805951E+28	-3.979479E+28	-3.269385E+28	0	0	0	0	1	0	-79.096	-19.595	0.977	5	5	5	4	2	0	-78.277	-10.303	0.035	5	5	5	1	0	0	-87.203	-5.704	-0.466	0	0	0	0	54589934	54589942	0
14532	0	0	4	55	-85.658	-22.781	-0.32	0	0	0	0	5	55	-85.386	-38.354	-0.794	0	0	0	0	6	55	-84.306	-31.269	10.764	0	0	0	0	7	55	-82.634	-30.707	-12.086	0	0	0	0	8	55	-87.65	-56.845	-3.657	0	0	0	0	9	55	-154.838	-0.963	1.584	0	0	0	0	10	55	3.805951E+28	-3.97948E+28	-3.269385E+28	0	0	0	0	1	0	-79.096	-19.595	0.977	5	5	5	4	2	0	-78.277	-10.303	0.035	5	5	5	1	0	0	-87.203	-5.704	-0.466	0	0	0	0	54589934	54589942	54589942
14548	0	0	4	55	-86.039	-23.284	-0.253	0	0	0	0	5	55	-85.703	-38.804	-0.761	0	0	0	0	6	55	-84.645	-31.693	10.811	0	0	0	0	7	55	-82.706	-31.593	-12.256	0	0	0	0	8	55	-87.559	-57.207	-3.858	0	0	0	0	9	55	-155.425	-1.561	1.823	0	0	0	0	10	55	3.829492E+28	-3.95078E+28	-3.276695E+28	0	0	0	0	1	0	-79.096	-19.595	0.977	5	5	5	4	2	0	-78.277	-10.303	0.035	5	5	5	1	0	0	-87.203	-5.704	-0.466	0	0	0	0	54589951	54589959	0
14548	0	0	4	55	-86.039	-23.284	-0.253	0	0	0	0	5	55	-85.703	-38.804	-0.761	0	0	0	0	6	55	-84.645	-31.693	10.811	0	0	0	0	7	55	-82.706	-31.593	-12.256	0	0	0	0	8	55	-87.559	-57.207	-3.858	0	0	0	0	9	55	-155.425	-1.561	1.823	0	0	0	0	10	55	3.829491E+28	-3.95078E+28	-3.276695E+28	0	0	0	0	1	0	-79.096	-19.595	0.977	5	5	5	4	2	0	-78.277	-10.303	0.035	5	5	5	1	0	0	-87.203	-5.704	-0.466	0	0	0	0	54589951	54589959	54589959
14565	0	0	4	55	-85.807	-23.22	-0.354	0	0	0	0	5	55	-85.575	-38.658	-0.892	0	0	0	0	6	55	-84.485	-31.642	10.938	0	0	0	0	7	55	-82.547	-30.878	-12.091	0	0	0	0	8	55	-87.365	-56.776	-3.984	0	0	0	0	9	55	-155.297	-1.402	1.964	0	0	0	0	10	55	3.831457E+28	-3.946862E+28	-3.279116E+28	0	0	0	0	1	0	-79.096	-19.595	0.977	5	5	5	4	2	0	-78.277	-10.303	0.035	5	5	5	1	0	0	-87.203	-5.704	-0.466	0	0	0	0	54589966	54589975	54589975
14582	0	0	4	55	-85.692	-23.154	-0.028	0	0	0	0	5	55	-85.611	-38.351	-0.795	0	0	0	0	6	55	-84.192	-31.601	11.044	0	0	0	0	7	55	-82.534	-30.963	-12.026	0	0	0	0	8	55	-87.176	-56.497	-3.842	0	0	0	0	9	55	-155.041	-1.007	2.204	0	0	0	0	10	55	3.825747E+28	-3.952274E+28	-3.279266E+28	0	0	0	0	1	0	-79.096	-19.595	0.977	5	5	5	4	2	0	-78.277	-10.303	0.035	5	5	5	1	0	0	-87.203	-5.704	-0.466	0	0	0	0	54589984	54589992	0
14582	0	0	4	55	-85.692	-23.154	-0.028	0	0	0	0	5	55	-85.611	-38.351	-0.795	0	0	0	0	6	55	-84.192	-31.601	11.044	0	0	0	0	7	55	-82.534	-30.963	-12.026	0	0	0	0	8	55	-87.176	-56.497	-3.842	0	0	0	0	9	55	-155.041	-1.007	2.204	0	0	0	0	10	55	3.825747E+28	-3.952274E+28	-3.279267E+28	0	0	0	0	1	0	-79.096	-19.595	0.977	5	5	5	4	2	0	-78.277	-10.303	0.035	5	5	5	1	0	0	-87.203	-5.704	-0.466	0	0	0	0	54589984	54589992	54589992
14598	0	0	4	55	-85.173	-23.551	-0.183	0	0	0	0	5	55	-85.444	-38.122	-0.949	0	0	0	0	6	55	-83.63	-31.907	11.425	0	0	0	0	7	55	-82.198	-31.468	-12.466	0	0	0	0	8	55	-87.011	-56.17	-3.801	0	0	0	0	9	55	-154.201	-0.481	2.623	0	0	0	0	10	55	3.815752E+28	-3.957355E+28	-3.284779E+28	0	0	0	0	1	0	-79.096	-19.595	0.977	5	5	5	4	2	0	-78.277	-10.303	0.035	5	5	5	1	0	0	-87.203	-5.704	-0.466	0	0	0	0	54590000	54590009	0
14599	0	0	4	55	-85.173	-23.551	-0.183	0	0	0	0	5	55	-85.444	-38.123	-0.949	0	0	0	0	6	55	-83.63	-31.907	11.425	0	0	0	0	7	55	-82.198	-31.468	-12.466	0	0	0	0	8	55	-87.011	-56.17	-3.801	0	0	0	0	9	55	-154.201	-0.481	2.623	0	0	0	0	10	55	3.815752E+28	-3.957355E+28	-3.284779E+28	0	0	0	0	1	0	-79.096	-19.595	0.977	5	5	5	4	2	0	-78.277	-10.303	0.035	5	5	5	1	0	0	-87.203	-5.704	-0.466	0	0	0	0	54590000	54590009	54590009
14615	0	0	4	55	-83.828	-24.47	-0.405	0	0	0	0	5	55	-84.986	-38.314	-1.196	0	0	0	0	6	55	-83.159	-32.391	11.677	0	0	0	0	7	55	-81.577	-32.214	-12.353	0	0	0	0	8	55	-86.902	-55.785	-3.885	0	0	0	0	9	55	-152.73	-0.356	2.812	0	0	0	0	10	55	3.831428E+28	-3.952941E+28	-3.271821E+28	0	0	0	0	1	0	-79.096	-19.595	0.977	5	5	5	4	2	0	-78.277	-10.303	0.035	5	5	5	1	0	0	-87.203	-5.704	-0.466	0	0	0	0	54590018	54590025	54590025
14632	0	0	4	55	-82.755	-25.073	0.101	0	0	0	0	5	55	-84.501	-38.09	-1.349	0	0	0	0	6	55	-82.982	-32.653	11.738	0	0	0	0	7	55	-81.377	-32.023	-12.616	0	0	0	0	8	55	-86.561	-55.749	-3.831	0	0	0	0	9	55	-152.18	-0.31	2.749	0	0	0	0	10	55	3.843958E+28	-3.945223E+28	-3.266435E+28	0	0	0	0	1	0	-79.096	-19.595	0.977	5	5	5	4	2	0	-78.277	-10.303	0.035	5	5	5	1	0	0	-87.203	-5.704	-0.466	0	0	0	0	54590033	54590042	0
14632	0	0	4	55	-82.755	-25.073	0.101	0	0	0	0	5	55	-84.501	-38.09	-1.349	0	0	0	0	6	55	-82.982	-32.653	11.738	0	0	0	0	7	55	-81.377	-32.023	-12.616	0	0	0	0	8	55	-86.561	-55.749	-3.831	0	0	0	0	9	55	-152.18	-0.31	2.749	0	0	0	0	10	55	3.843957E+28	-3.945222E+28	-3.266437E+28	0	0	0	0	1	0	-79.096	-19.595	0.977	5	5	5	4	2	0	-78.277	-10.303	0.035	5	5	5	1	0	0	-87.203	-5.704	-0.466	0	0	0	0	54590033	54590042	54590042
14649	0	0	4	55	-81.405	-24.24	0.057	0	0	0	0	5	55	-83.04	-37.072	-1.122	0	0	0	0	6	55	-82.022	-33.489	11.746	0	0	0	0	7	55	-81.293	-31.811	-12.727	0	0	0	0	8	55	-86.25	-54.265	-3.804	0	0	0	0	9	55	-150.979	0.423	2.711	0	0	0	0	10	55	3.836692E+28	-3.958752E+28	-3.2586E+28	0	0	0	0	1	0	-79.096	-19.595	0.977	5	5	5	4	2	0	-78.277	-10.303	0.035	5	5	5	1	0	0	-87.203	-5.704	-0.466	0	0	0	0	54590050	54590059	0
14649	0	0	4	55	-81.405	-24.24	0.057	0	0	0	0	5	55	-83.04	-37.072	-1.122	0	0	0	0	6	55	-82.022	-33.489	11.746	0	0	0	0	7	55	-81.293	-31.811	-12.727	0	0	0	0	8	55	-86.25	-54.265	-3.804	0	0	0	0	9	55	-150.979	0.423	2.711	0	0	0	0	10	55	3.836693E+28	-3.958752E+28	-3.258599E+28	0	0	0	0	1	0	-79.096	-19.595	0.977	5	5	5	4	2	0	-78.277	-10.303	0.035	5	5	5	1	0	0	-87.203	-5.704	-0.466	0	0	0	0	54590051	54590059	54590059
14665	0	0	4	55	-80.834	-23.545	0.125	0	0	0	0	5	55	-82.594	-36.092	-1.13	0	0	0	0	6	55	-81.704	-32.26	12.405	0	0	0	0	7	55	-81.138	-32.302	-12.562	0	0	0	0	8	55	-86.324	-53.078	-3.583	0	0	0	0	9	55	-150.608	0.627	2.879	0	0	0	0	10	55	3.837304E+28	-3.962491E+28	-3.25333E+28	0	0	0	0	1	1	-79.096	-19.595	0.977	5	5	5	4	2	0	-78.277	-10.303	0.035	5	5	5	1	0	0	-87.203	-5.704	-0.466	0	0	0	0	54590067	54590075	54590076
14682	0	0	4	55	-80.192	-23.32	0.24	0	0	0	0	5	55	-82.172	-35.747	-0.962	0	0	0	0	6	55	-81.616	-31.983	12.502	0	0	0	0	7	55	-81.065	-32.401	-12.63	0	0	0	0	8	55	-86.195	-52.605	-3.595	0	0	0	0	9	55	-150.436	0.802	3.059	0	0	0	0	10	55	3.834966E+28	-3.968796E+28	-3.248399E+28	0	0	0	0	1	2	-79.096	-19.595	0.977	5	5	5	4	2	0	-78.277	-10.303	0.035	5	5	5	1	0	0	-87.203	-5.704	-0.466	0	0	0	0	54590084	54590092	0
14682	0	0	4	55	-80.192	-23.32	0.24	0	0	0	0	5	55	-82.172	-35.747	-0.962	0	0	0	0	6	55	-81.616	-31.983	12.502	0	0	0	0	7	55	-81.065	-32.401	-12.63	0	0	0	0	8	55	-86.195	-52.605	-3.595	0	0	0	0	9	55	-150.436	0.802	3.059	0	0	0	0	10	55	3.834965E+28	-3.968795E+28	-3.2484E+28	0	0	0	0	1	2	-79.096	-19.595	0.977	5	5	5	4	2	0	-78.277	-10.303	0.035	5	5	5	1	0	0	-87.203	-5.704	-0.466	0	0	0	0	54590084	54590092	54590092
14698	0	0	4	55	-80.178	-23.44	0.287	0	0	0	0	5	55	-81.835	-35.584	-1.076	0	0	0	0	6	55	-81.572	-32.285	12.31	0	0	0	0	7	55	-81.067	-32.735	-12.665	0	0	0	0	8	55	-86.437	-52.325	-3.592	0	0	0	0	9	55	-150.829	0.121	3.03	0	0	0	0	10	55	3.847671E+28	-3.960888E+28	-3.243022E+28	0	0	0	0	1	2	-79.096	-19.595	0.977	5	5	5	4	2	0	-78.277	-10.303	0.035	5	5	5	1	0	0	-87.203	-5.704	-0.466	0	0	0	0	54590100	54590109	0
14698	0	0	4	55	-80.178	-23.44	0.287	0	0	0	0	5	55	-81.835	-35.584	-1.076	0	0	0	0	6	55	-81.572	-32.285	12.31	0	0	0	0	7	55	-81.067	-32.735	-12.665	0	0	0	0	8	55	-86.437	-52.325	-3.592	0	0	0	0	9	55	-150.829	0.121	3.03	0	0	0	0	10	55	3.847671E+28	-3.960889E+28	-3.243022E+28	0	0	0	0	1	2	-79.096	-19.595	0.977	5	5	5	4	2	0	-78.277	-10.303	0.035	5	5	5	1	0	0	-87.203	-5.704	-0.466	0	0	0	0	54590100	54590109	54590109
14715	0	0	4	55	-80.093	-23.246	0.445	0	0	0	0	5	55	-81.533	-35.326	-0.931	0	0	0	0	6	55	-81.488	-32.124	12.406	0	0	0	0	7	55	-80.807	-31.863	-12.388	0	0	0	0	8	55	-86.369	-52.001	-3.433	0	0	0	0	9	55	-151.398	-0.034	3.309	0	0	0	0	10	55	3.839845E+28	-3.972918E+28	-3.237577E+28	0	0	0	0	1	2	-79.096	-19.595	0.977	5	5	5	4	2	0	-78.277	-10.303	0.035	5	5	5	1	0	0	-87.203	-5.704	-0.466	0	0	0	0	54590117	54590126	54590126
14732	0	0	4	55	-80.242	-23.163	0.515	0	0	0	0	5	55	-81.543	-35.161	-0.937	0	0	0	0	6	55	-81.5	-31.924	12.483	0	0	0	0	7	55	-80.868	-31.8	-12.358	0	0	0	0	8	55	-86.423	-51.806	-3.499	0	0	0	0	9	55	-151.769	-0.116	3.448	0	0	0	0	10	55	3.835443E+28	-3.98069E+28	-3.233245E+28	0	0	0	0	1	2	-79.096	-19.595	0.977	5	5	5	4	2	0	-78.277	-10.303	0.035	5	5	5	1	0	0	-87.203	-5.704	-0.466	0	0	0	0	54590134	54590142	0
14732	0	0	4	55	-80.243	-23.163	0.515	0	0	0	0	5	55	-81.543	-35.161	-0.937	0	0	0	0	6	55	-81.5	-31.924	12.483	0	0	0	0	7	55	-80.868	-31.8	-12.358	0	0	0	0	8	55	-86.423	-51.806	-3.499	0	0	0	0	9	55	-151.769	-0.116	3.448	0	0	0	0	10	55	3.835442E+28	-3.980691E+28	-3.233245E+28	0	0	0	0	1	2	-79.096	-19.595	0.977	5	5	5	4	2	0	-78.277	-10.303	0.035	5	5	5	1	0	0	-87.203	-5.704	-0.466	0	0	0	0	54590134	54590142	54590142
14748	0	0	4	55	-80.756	-23.565	0.354	0	0	0	0	5	55	-82.134	-35.427	-1.127	0	0	0	0	6	55	-81.586	-32.392	12.374	0	0	0	0	7	55	-80.69	-32.732	-12.615	0	0	0	0	8	55	-86.712	-52.084	-3.496	0	0	0	0	9	55	-153.329	-1.333	3.329	0	0	0	0	10	55	3.853556E+28	-3.963195E+28	-3.2332E+28	0	0	0	0	1	2	-79.096	-19.595	0.977	5	5	5	4	2	0	-78.277	-10.303	0.035	5	5	5	1	0	0	-87.203	-5.704	-0.466	0	0	0	0	54590151	54590159	0
14749	0	0	4	55	-80.756	-23.565	0.354	0	0	0	0	5	55	-82.134	-35.427	-1.127	0	0	0	0	6	55	-81.586	-32.392	12.374	0	0	0	0	7	55	-80.69	-32.732	-12.615	0	0	0	0	8	55	-86.712	-52.084	-3.496	0	0	0	0	9	55	-153.329	-1.333	3.329	0	0	0	0	10	55	3.853557E+28	-3.963195E+28	-3.2332E+28	0	0	0	0	1	2	-79.096	-19.595	0.977	5	5	5	4	2	0	-78.277	-10.303	0.035	5	5	5	1	0	0	-87.203	-5.704	-0.466	0	0	0	0	54590151	54590159	54590159
14765	0	0	4	55	-82.112	-24.169	0.28	0	0	0	0	5	55	-82.912	-35.575	-0.923	0	0	0	0	6	55	-81.553	-33.322	11.549	0	0	0	0	7	55	-80.907	-32.593	-12.494	0	0	0	0	8	55	-86.989	-52.332	-3.691	0	0	0	0	9	55	-154.79	-2.29	2.983	0	0	0	0	10	55	3.845611E+28	-3.970635E+28	-3.233533E+28	0	0	0	0	1	0	-79.096	-19.595	0.977	5	5	5	4	2	0	-78.277	-10.303	0.035	5	5	5	1	0	0	-87.203	-5.704	-0.466	0	0	0	0	54590167	54590176	54590176
14782	0	0	4	55	-83.592	-23.344	-0.469	0	0	0	0	5	55	-84.07	-35.231	-1.192	0	0	0	0	6	55	-82.018	-31.533	11.864	0	0	0	0	7	55	-80.848	-32.336	-12.798	0	0	0	0	8	55	-87.113	-52.491	-3.59	0	0	0	0	9	55	-155.537	-2.77	3.03	0	0	0	0	10	55	3.855415E+28	-3.957637E+28	-3.237789E+28	0	0	0	0	1	0	-79.096	-19.595	0.977	5	5	5	4	2	0	-78.277	-10.303	0.035	5	5	5	1	0	0	-87.203	-5.704	-0.466	0	0	0	0	54590184	54590192	0
14782	0	0	4	55	-83.592	-23.344	-0.469	0	0	0	0	5	55	-84.07	-35.231	-1.192	0	0	0	0	6	55	-82.018	-31.533	11.864	0	0	0	0	7	55	-80.848	-32.336	-12.798	0	0	0	0	8	55	-87.113	-52.491	-3.59	0	0	0	0	9	55	-155.537	-2.77	3.03	0	0	0	0	10	55	3.855416E+28	-3.957636E+28	-3.237789E+28	0	0	0	0	1	0	-79.096	-19.595	0.977	5	5	5	4	2	0	-78.277	-10.303	0.035	5	5	5	1	0	0	-87.203	-5.704	-0.466	0	0	0	0	54590184	54590192	54590192
14798	0	0	4	55	-85.652	-24.251	-0.805	0	0	0	0	5	55	-85.438	-36.226	-1.389	0	0	0	0	6	55	-82.549	-32.057	11.377	0	0	0	0	7	55	-81.095	-32.987	-12.896	0	0	0	0	8	55	-87.417	-53.796	-3.771	0	0	0	0	9	55	-156.775	-3.994	2.333	0	0	0	0	10	55	3.879612E+28	-3.940427E+28	-3.229867E+28	0	0	0	0	1	0	-79.096	-19.595	0.977	5	5	5	4	2	0	-78.277	-10.303	0.035	5	5	5	1	0	0	-87.203	-5.704	-0.466	0	0	0	0	54590200	54590209	0
14798	0	0	4	55	-85.652	-24.251	-0.805	0	0	0	0	5	55	-85.438	-36.226	-1.389	0	0	0	0	6	55	-82.549	-32.057	11.377	0	0	0	0	7	55	-81.095	-32.987	-12.896	0	0	0	0	8	55	-87.417	-53.796	-3.771	0	0	0	0	9	55	-156.775	-3.994	2.333	0	0	0	0	10	55	3.879612E+28	-3.940427E+28	-3.229867E+28	0	0	0	0	1	0	-79.096	-19.595	0.977	5	5	5	4	2	0	-78.277	-10.303	0.035	5	5	5	1	0	0	-87.203	-5.704	-0.466	0	0	0	0	54590200	54590209	54590209
14815	0	0	4	55	-87.046	-24.677	-0.514	0	0	0	0	5	55	-86.313	-36.86	-1.342	0	0	0	0	6	55	-83.372	-32.282	10.865	0	0	0	0	7	55	-82.13	-31.51	-12.3	0	0	0	0	8	55	-87.37	-54.532	-3.812	0	0	0	0	9	55	-157.01	-3.509	2.364	0	0	0	0	10	55	3.853406E+28	-3.951811E+28	-3.247284E+28	0	0	0	0	1	0	-79.096	-19.595	0.977	5	5	5	4	2	0	-78.277	-10.303	0.035	5	5	5	1	0	0	-87.203	-5.704	-0.466	0	0	0	0	54590217	54590225	54590225
14832	0	0	4	55	-87.322	-24.823	-0.835	0	0	0	0	5	55	-86.57	-36.964	-1.362	0	0	0	0	6	55	-83.781	-32.164	10.949	0	0	0	0	7	55	-82.293	-31.576	-12.266	0	0	0	0	8	55	-87.327	-54.74	-3.759	0	0	0	0	9	55	-157.1	-3.417	2.279	0	0	0	0	10	55	3.84642E+28	-3.956591E+28	-3.249744E+28	0	0	0	0	1	0	-79.096	-19.595	0.977	5	5	5	4	2	0	-78.277	-10.303	0.035	5	5	5	1	0	0	-87.203	-5.704	-0.466	0	0	0	0	54590234	54590242	0
14832	0	0	4	55	-87.322	-24.823	-0.835	0	0	0	0	5	55	-86.57	-36.964	-1.363	0	0	0	0	6	55	-83.781	-32.164	10.949	0	0	0	0	7	55	-82.293	-31.576	-12.266	0	0	0	0	8	55	-87.327	-54.74	-3.759	0	0	0	0	9	55	-157.1	-3.417	2.279	0	0	0	0	10	55	3.846419E+28	-3.956592E+28	-3.249744E+28	0	0	0	0	1	0	-79.096	-19.595	0.977	5	5	5	4	2	0	-78.277	-10.303	0.035	5	5	5	1	0	0	-87.203	-5.704	-0.466	0	0	0	0	54590234	54590242	54590242
14848	0	0	4	55	-88.355	-24.993	-0.718	0	0	0	0	5	55	-87.197	-37.5	-1.275	0	0	0	0	6	55	-84.451	-32.18	11.053	0	0	0	0	7	55	-82.731	-32.232	-12.356	0	0	0	0	8	55	-87.301	-55.384	-3.603	0	0	0	0	9	55	-157.21	-3.452	2.401	0	0	0	0	10	55	3.842138E+28	-3.955508E+28	-3.256122E+28	0	0	0	0	1	0	-79.096	-19.595	0.977	5	5	5	4	2	0	-78.277	-10.303	0.035	5	5	5	1	0	0	-87.203	-5.704	-0.466	0	0	0	0	54590250	54590259	0
14849	0	0	4	55	-88.355	-24.993	-0.718	0	0	0	0	5	55	-87.197	-37.5	-1.275	0	0	0	0	6	55	-84.451	-32.18	11.054	0	0	0	0	7	55	-82.731	-32.232	-12.356	0	0	0	0	8	55	-87.301	-55.384	-3.603	0	0	0	0	9	55	-157.21	-3.452	2.401	0	0	0	0	10	55	3.842138E+28	-3.955507E+28	-3.256122E+28	0	0	0	0	1	0	-79.096	-19.595	0.977	5	5	5	4	2	0	-78.277	-10.303	0.035	5	5	5	1	0	0	-87.203	-5.704	-0.466	0	0	0	0	54590251	54590259	54590259
14865	0	0	4	55	-88.809	-24.25	-0.712	0	0	0	0	5	55	-87.634	-37.22	-1.19	0	0	0	0	6	55	-84.959	-31.594	10.868	0	0	0	0	7	55	-83.313	-31.613	-12.114	0	0	0	0	8	55	-87.274	-55.31	-3.389	0	0	0	0	9	55	-157.085	-2.973	2.283	0	0	0	0	10	55	3.817431E+28	-3.975959E+28	-3.26027E+28	0	0	0	0	1	0	-79.096	-19.595	0.977	5	5	5	4	2	0	-78.277	-10.303	0.035	5	5	5	1	0	0	-87.203	-5.704	-0.466	0	0	0	0	54590267	54590276	54590276
14882	0	0	4	55	-89.269	-24.125	-0.886	0	0	0	0	5	55	-88.198	-37.345	-0.969	0	0	0	0	6	55	-85.396	-31.542	10.671	0	0	0	0	7	55	-83.944	-31.357	-11.857	0	0	0	0	8	55	-87.413	-55.543	-3.402	0	0	0	0	9	55	-157.178	-3.096	2.206	0	0	0	0	10	55	3.814984E+28	-3.977621E+28	-3.261107E+28	0	0	0	0	1	0	-79.096	-19.595	0.977	5	5	5	4	2	0	-78.277	-10.303	0.035	5	5	5	1	0	0	-87.203	-5.704	-0.466	0	0	0	0	54590283	54590292	0
14882	0	0	4	55	-89.269	-24.125	-0.886	0	0	0	0	5	55	-88.198	-37.345	-0.969	0	0	0	0	6	55	-85.396	-31.542	10.671	0	0	0	0	7	55	-83.944	-31.357	-11.857	0	0	0	0	8	55	-87.413	-55.543	-3.402	0	0	0	0	9	55	-157.178	-3.096	2.206	0	0	0	0	10	55	3.814984E+28	-3.977621E+28	-3.261107E+28	0	0	0	0	1	0	-79.096	-19.595	0.977	5	5	5	4	2	0	-78.277	-10.303	0.035	5	5	5	1	0	0	-87.203	-5.704	-0.466	0	0	0	0	54590283	54590292	54590292
14898	0	0	4	55	-90.396	-23.524	-0.853	0	0	0	0	5	55	-88.818	-37.44	-1.06	0	0	0	0	6	55	-86.32	-31.178	10.228	0	0	0	0	7	55	-84.578	-31.642	-11.697	0	0	0	0	8	55	-87.871	-55.617	-3.564	0	0	0	0	9	55	-157.359	-3.306	2.183	0	0	0	0	10	55	3.80814E+28	-3.968925E+28	-3.27965E+28	0	0	0	0	1	0	-79.096	-19.595	0.977	5	5	5	4	2	0	-78.277	-10.303	0.035	5	5	5	1	0	0	-87.203	-5.704	-0.466	0	0	0	0	54590301	54590309	0
14899	0	0	4	55	-90.396	-23.524	-0.853	0	0	0	0	5	55	-88.818	-37.44	-1.06	0	0	0	0	6	55	-86.32	-31.178	10.228	0	0	0	0	7	55	-84.578	-31.642	-11.697	0	0	0	0	8	55	-87.871	-55.617	-3.564	0	0	0	0	9	55	-157.359	-3.306	2.183	0	0	0	0	10	55	3.80814E+28	-3.968925E+28	-3.27965E+28	0	0	0	0	1	0	-79.096	-19.595	0.977	5	5	5	4	2	0	-78.277	-10.303	0.035	5	5	5	1	0	0	-87.203	-5.704	-0.466	0	0	0	0	54590301	54590309	54590309
14916	0	0	4	55	-91.022	-23.619	-0.964	0	0	0	0	5	55	-89.392	-37.68	-1.283	0	0	0	0	6	55	-86.921	-31.078	9.876	0	0	0	0	7	55	-85.109	-31.443	-11.595	0	0	0	0	8	55	-88.188	-56.12	-3.492	0	0	0	0	9	55	-157.728	-3.89	1.858	0	0	0	0	10	55	3.826405E+28	-3.965295E+28	-3.262737E+28	0	0	0	0	1	0	-79.096	-19.595	0.977	5	5	5	4	2	0	-78.277	-10.303	0.035	5	5	5	1	0	0	-87.203	-5.704	-0.466	0	0	0	0	54590317	54590327	54590327
14932	0	0	4	55	-91.18	-23.685	-1.04	0	0	0	0	5	55	-89.474	-37.787	-1.322	0	0	0	0	6	55	-86.916	-31.195	9.798	0	0	0	0	7	55	-84.962	-31.934	-11.747	0	0	0	0	8	55	-88.279	-56.33	-3.402	0	0	0	0	9	55	-157.794	-4.095	1.509	0	0	0	0	10	55	3.825642E+28	-3.968126E+28	-3.26019E+28	0	0	0	0	1	0	-79.096	-19.595	0.977	5	5	5	4	2	0	-78.277	-10.303	0.035	5	5	5	1	0	0	-87.203	-5.704	-0.466	0	0	0	0	54590334	54590342	0
14932	0	0	4	55	-91.18	-23.685	-1.04	0	0	0	0	5	55	-89.474	-37.787	-1.322	0	0	0	0	6	55	-86.916	-31.195	9.798	0	0	0	0	7	55	-84.962	-31.934	-11.747	0	0	0	0	8	55	-88.279	-56.33	-3.402	0	0	0	0	9	55	-157.794	-4.095	1.509	0	0	0	0	10	55	3.825642E+28	-3.968126E+28	-3.26019E+28	0	0	0	0	1	0	-79.096	-19.595	0.977	5	5	5	4	2	0	-78.277	-10.303	0.035	5	5	5	1	0	0	-87.203	-5.704	-0.466	0	0	0	0	54590334	54590342	54590342
14949	0	0	4	55	-91.152	-23.722	-1.189	0	0	0	0	5	55	-90.103	-37.799	-1.168	0	0	0	0	6	55	-87.239	-31.339	9.651	0	0	0	0	7	55	-85.649	-31.534	-11.675	0	0	0	0	8	55	-88.865	-56.403	-3.548	0	0	0	0	9	55	-157.713	-4.065	1.696	0	0	0	0	10	55	3.816372E+28	-3.968305E+28	-3.270818E+28	0	0	0	0	1	0	-79.096	-19.595	0.977	5	5	5	4	2	0	-78.277	-10.303	0.035	5	5	5	1	0	0	-87.203	-5.704	-0.466	0	0	0	0	54590351	54590359	0
14949	0	0	4	55	-91.152	-23.722	-1.189	0	0	0	0	5	55	-90.103	-37.799	-1.168	0	0	0	0	6	55	-87.239	-31.339	9.651	0	0	0	0	7	55	-85.649	-31.534	-11.675	0	0	0	0	8	55	-88.865	-56.403	-3.548	0	0	0	0	9	55	-157.713	-4.065	1.696	0	0	0	0	10	55	3.816372E+28	-3.968306E+28	-3.270818E+28	0	0	0	0	1	0	-79.096	-19.595	0.977	5	5	5	4	2	0	-78.277	-10.303	0.035	5	5	5	1	0	0	-87.203	-5.704	-0.466	0	0	0	0	54590351	54590359	54590359
14965	0	0	4	55	-91.341	-23.951	-1.123	0	0	0	0	5	55	-90.272	-38.114	-1.067	0	0	0	0	6	55	-87.145	-31.703	9.574	0	0	0	0	7	55	-85.571	-32.204	-11.921	0	0	0	0	8	55	-89.182	-56.634	-3.554	0	0	0	0	9	55	-157.668	-4.257	1.601	0	0	0	0	10	55	3.818879E+28	-3.967585E+28	-3.268766E+28	0	0	0	0	1	0	-79.096	-19.595	0.977	5	5	5	4	2	0	-78.277	-10.303	0.035	5	5	5	1	0	0	-87.203	-5.704	-0.466	0	0	0	0	54590367	54590375	54590375
14982	0	0	4	55	-91.19	-23.915	-1.222	0	0	0	0	5	55	-90.379	-38.117	-1.193	0	0	0	0	6	55	-87.34	-31.69	9.565	0	0	0	0	7	55	-85.843	-32.163	-11.967	0	0	0	0	8	55	-89.13	-56.817	-3.582	0	0	0	0	9	55	-157.56	-4.225	1.584	0	0	0	0	10	55	3.818824E+28	-3.973242E+28	-3.261951E+28	0	0	0	0	1	0	-79.096	-19.595	0.977	5	5	5	4	2	0	-78.277	-10.303	0.035	5	5	5	1	0	0	-87.203	-5.704	-0.466	0	0	0	0	54590383	54590392	0
14982	0	0	4	55	-91.19	-23.915	-1.222	0	0	0	0	5	55	-90.38	-38.117	-1.193	0	0	0	0	6	55	-87.34	-31.69	9.565	0	0	0	0	7	55	-85.843	-32.163	-11.967	0	0	0	0	8	55	-89.13	-56.817	-3.582	0	0	0	0	9	55	-157.56	-4.225	1.585	0	0	0	0	10	55	3.818824E+28	-3.973241E+28	-3.261952E+28	0	0	0	0	1	0	-79.096	-19.595	0.977	5	5	5	4	2	0	-78.277	-10.303	0.035	5	5	5	1	0	0	-87.203	-5.704	-0.466	0	0	0	0	54590383	54590392	54590392
14998	0	0	4	55	-91.105	-23.856	-1.142	0	0	0	0	5	55	-90.314	-38.127	-1.217	0	0	0	0	6	55	-87.218	-31.755	9.469	0	0	0	0	7	55	-85.58	-32.021	-11.95	0	0	0	0	8	55	-89.169	-56.708	-3.531	0	0	0	0	9	55	-157.417	-4.231	1.469	0	0	0	0	10	55	3.81974E+28	-3.975979E+28	-3.257542E+28	0	0	0	0	1	0	-79.096	-19.595	0.977	5	5	5	4	2	0	-78.277	-10.303	0.035	5	5	5	1	0	0	-87.203	-5.704	-0.466	0	0	0	0	54590400	54590409	0
14999	0	0	4	55	-91.105	-23.856	-1.142	0	0	0	0	5	55	-90.314	-38.127	-1.217	0	0	0	0	6	55	-87.218	-31.755	9.469	0	0	0	0	7	55	-85.58	-32.021	-11.95	0	0	0	0	8	55	-89.169	-56.708	-3.531	0	0	0	0	9	55	-157.417	-4.231	1.469	0	0	0	0	10	55	3.81974E+28	-3.975979E+28	-3.257542E+28	0	0	0	0	1	0	-79.096	-19.595	0.977	5	5	5	4	2	0	-78.277	-10.303	0.035	5	5	5	1	0	0	-87.203	-5.704	-0.466	0	0	0	0	54590400	54590409	54590409
15015	0	0	4	55	-90.763	-23.681	-1.221	0	0	0	0	5	55	-90.254	-37.853	-1.049	0	0	0	0	6	55	-87.093	-31.544	9.639	0	0	0	0	7	55	-85.563	-31.572	-11.577	0	0	0	0	8	55	-89.081	-56.516	-3.477	0	0	0	0	9	55	-157.111	-4.022	1.46	0	0	0	0	10	55	3.811162E+28	-3.976744E+28	-3.266642E+28	0	0	0	0	1	0	-79.096	-19.595	0.977	5	5	5	4	2	0	-78.277	-10.303	0.035	5	5	5	1	0	0	-87.203	-5.704	-0.466	0	0	0	0	54590417	54590425	54590425
15032	0	0	4	55	-90.729	-23.617	-1.128	0	0	0	0	5	55	-90.076	-37.821	-1.162	0	0	0	0	6	55	-87.017	-31.512	9.647	0	0	0	0	7	55	-85.269	-31.934	-11.72	0	0	0	0	8	55	-89.11	-56.531	-3.519	0	0	0	0	9	55	-156.891	-3.622	1.62	0	0	0	0	10	55	3.81167E+28	-3.981024E+28	-3.260829E+28	0	0	0	0	1	0	-79.096	-19.595	0.977	5	5	5	4	2	0	-78.277	-10.303	0.035	5	5	5	1	0	0	-87.203	-5.704	-0.466	0	0	0	0	54590433	54590442	0
15032	0	0	4	55	-90.729	-23.617	-1.128	0	0	0	0	5	55	-90.076	-37.821	-1.162	0	0	0	0	6	55	-87.017	-31.512	9.647	0	0	0	0	7	55	-85.269	-31.934	-11.72	0	0	0	0	8	55	-89.11	-56.531	-3.519	0	0	0	0	9	55	-156.891	-3.622	1.62	0	0	0	0	10	55	3.811671E+28	-3.981025E+28	-3.260829E+28	0	0	0	0	1	0	-79.096	-19.595	0.977	5	5	5	4	2	0	-78.277	-10.303	0.035	5	5	5	1	0	0	-87.203	-5.704	-0.466	0	0	0	0	54590433	54590442	54590442
15048	0	0	4	55	-90.39	-23.61	-0.978	0	0	0	0	5	55	-89.686	-37.692	-0.989	0	0	0	0	6	55	-86.682	-31.526	9.755	0	0	0	0	7	55	-84.999	-31.512	-11.668	0	0	0	0	8	55	-88.845	-56.468	-3.439	0	0	0	0	9	55	-156.495	-3.439	1.491	0	0	0	0	10	55	3.810258E+28	-3.984944E+28	-3.25769E+28	0	0	0	0	1	0	-79.096	-19.595	0.977	5	5	5	4	2	0	-78.277	-10.303	0.035	5	5	5	1	0	0	-87.203	-5.704	-0.466	0	0	0	0	54590450	54590459	0
15049	0	0	4	55	-90.39	-23.61	-0.978	0	0	0	0	5	55	-89.686	-37.692	-0.989	0	0	0	0	6	55	-86.682	-31.526	9.755	0	0	0	0	7	55	-84.999	-31.512	-11.668	0	0	0	0	8	55	-88.845	-56.468	-3.439	0	0	0	0	9	55	-156.495	-3.439	1.491	0	0	0	0	10	55	3.810258E+28	-3.984944E+28	-3.25769E+28	0	0	0	0	1	0	-79.096	-19.595	0.977	5	5	5	4	2	0	-78.277	-10.303	0.035	5	5	5	1	0	0	-87.203	-5.704	-0.466	0	0	0	0	54590450	54590459	54590459
15065	0	0	4	55	-89.8	-23.332	-0.85	0	0	0	0	5	55	-89.199	-37.488	-0.931	0	0	0	0	6	55	-86.328	-31.462	9.949	0	0	0	0	7	55	-84.606	-31.816	-11.777	0	0	0	0	8	55	-88.721	-56.438	-3.317	0	0	0	0	9	55	-156.179	-2.933	1.698	0	0	0	0	10	55	3.798914E+28	-3.985725E+28	-3.269961E+28	0	0	0	0	1	0	-79.096	-19.595	0.977	5	5	5	4	2	0	-78.277	-10.303	0.035	5	5	5	1	0	0	-87.203	-5.704	-0.466	0	0	0	0	54590465	54590475	54590475
15082	0	0	4	55	-89.54	-23.278	-0.816	0	0	0	0	5	55	-88.946	-37.508	-1.08	0	0	0	0	6	55	-86.145	-31.519	9.878	0	0	0	0	7	55	-84.451	-31.923	-11.91	0	0	0	0	8	55	-88.729	-56.311	-3.381	0	0	0	0	9	55	-155.836	-2.712	1.812	0	0	0	0	10	55	3.796277E+28	-3.984284E+28	-3.274775E+28	0	0	0	0	1	0	-79.096	-19.595	0.977	5	5	5	4	2	0	-78.277	-10.303	0.035	5	5	5	1	0	0	-87.203	-5.704	-0.466	0	0	0	0	54590483	54590492	0
15082	0	0	4	55	-89.54	-23.278	-0.816	0	0	0	0	5	55	-88.946	-37.508	-1.08	0	0	0	0	6	55	-86.145	-31.519	9.878	0	0	0	0	7	55	-84.451	-31.923	-11.91	0	0	0	0	8	55	-88.729	-56.311	-3.381	0	0	0	0	9	55	-155.836	-2.712	1.812	0	0	0	0	10	55	3.796276E+28	-3.984284E+28	-3.274776E+28	0	0	0	0	1	0	-79.096	-19.595	0.977	5	5	5	4	2	0	-78.277	-10.303	0.035	5	5	5	1	0	0	-87.203	-5.704	-0.466	0	0	0	0	54590483	54590492	54590492
15098	0	0	4	55	-89.237	-22.898	-0.689	0	0	0	0	5	55	-88.515	-37.31	-1.046	0	0	0	0	6	55	-85.869	-31.119	10.032	0	0	0	0	7	55	-84.334	-31.188	-11.844	0	0	0	0	8	55	-88.724	-56.075	-3.349	0	0	0	0	9	55	-155.671	-2.369	1.688	0	0	0	0	10	55	3.788394E+28	-3.98883E+28	-3.278369E+28	0	0	0	0	1	0	-79.096	-19.595	0.977	5	5	5	4	2	0	-78.277	-10.303	0.035	5	5	5	1	0	0	-87.203	-5.704	-0.466	0	0	0	0	54590500	54590509	0
15099	0	0	4	55	-89.237	-22.898	-0.689	0	0	0	0	5	55	-88.515	-37.31	-1.046	0	0	0	0	6	55	-85.869	-31.119	10.032	0	0	0	0	7	55	-84.334	-31.188	-11.844	0	0	0	0	8	55	-88.724	-56.075	-3.349	0	0	0	0	9	55	-155.671	-2.369	1.688	0	0	0	0	10	55	3.788393E+28	-3.98883E+28	-3.278369E+28	0	0	0	0	1	0	-79.096	-19.595	0.977	5	5	5	4	2	0	-78.277	-10.303	0.035	5	5	5	1	0	0	-87.203	-5.704	-0.466	0	0	0	0	54590501	54590509	54590509
15115	0	0	4	55	-88.715	-22.968	-0.636	0	0	0	0	5	55	-87.954	-37.454	-0.862	0	0	0	0	6	55	-85.427	-31.281	10.249	0	0	0	0	7	55	-84.016	-30.74	-11.602	0	0	0	0	8	55	-88.574	-56.297	-3.278	0	0	0	0	9	55	-155.58	-2.358	1.815	0	0	0	0	10	55	3.793696E+28	-3.985902E+28	-3.275798E+28	0	0	0	0	1	0	-79.096	-19.595	0.977	5	5	5	4	2	0	-78.277	-10.303	0.035	5	5	5	1	0	0	-87.203	-5.704	-0.466	0	0	0	0	54590517	54590525	54590525
15132	0	0	4	55	-88.612	-22.834	-0.437	0	0	0	0	5	55	-87.668	-37.352	-0.792	0	0	0	0	6	55	-85.211	-31.307	10.225	0	0	0	0	7	55	-83.905	-30.737	-11.631	0	0	0	0	8	55	-88.577	-56.196	-3.281	0	0	0	0	9	55	-155.632	-2.345	1.863	0	0	0	0	10	55	3.791732E+28	-3.988847E+28	-3.274486E+28	0	0	0	0	1	0	-79.096	-19.595	0.977	5	5	5	4	2	0	-78.277	-10.303	0.035	5	5	5	1	0	0	-87.203	-5.704	-0.466	0	0	0	0	54590534	54590542	0
15132	0	0	4	55	-88.612	-22.834	-0.437	0	0	0	0	5	55	-87.668	-37.352	-0.792	0	0	0	0	6	55	-85.211	-31.307	10.225	0	0	0	0	7	55	-83.905	-30.737	-11.631	0	0	0	0	8	55	-88.577	-56.196	-3.281	0	0	0	0	9	55	-155.632	-2.344	1.863	0	0	0	0	10	55	3.791732E+28	-3.988847E+28	-3.274487E+28	0	0	0	0	1	0	-79.096	-19.595	0.977	5	5	5	4	2	0	-78.277	-10.303	0.035	5	5	5	1	0	0	-87.203	-5.704	-0.466	0	0	0	0	54590534	54590542	54590542
15148	0	0	4	55	-88.04	-22.713	-0.408	0	0	0	0	5	55	-87.126	-37.288	-0.528	0	0	0	0	6	55	-84.997	-31.257	10.409	0	0	0	0	7	55	-83.623	-30.893	-11.572	0	0	0	0	8	55	-88.239	-56.152	-3.124	0	0	0	0	9	55	-155.742	-2.548	1.908	0	0	0	0	10	55	3.793878E+28	-3.98769E+28	-3.27341E+28	0	0	0	0	1	0	-79.096	-19.595	0.977	5	5	5	4	2	0	-78.277	-10.303	0.035	5	5	5	1	0	0	-87.203	-5.704	-0.466	0	0	0	0	54590550	54590559	0
15148	0	0	4	55	-88.04	-22.713	-0.408	0	0	0	0	5	55	-87.126	-37.288	-0.528	0	0	0	0	6	55	-84.997	-31.257	10.409	0	0	0	0	7	55	-83.623	-30.893	-11.572	0	0	0	0	8	55	-88.239	-56.152	-3.124	0	0	0	0	9	55	-155.742	-2.548	1.908	0	0	0	0	10	55	3.793879E+28	-3.98769E+28	-3.27341E+28	0	0	0	0	1	0	-79.096	-19.595	0.977	5	5	5	4	2	0	-78.277	-10.303	0.035	5	5	5	1	0	0	-87.203	-5.704	-0.466	0	0	0	0	54590550	54590559	54590559
15166	0	0	4	55	-87.771	-22.53	-0.352	0	0	0	0	5	55	-86.7	-36.93	-0.688	0	0	0	0	6	55	-84.819	-31.074	10.678	0	0	0	0	7	55	-83.494	-30.561	-11.494	0	0	0	0	8	55	-88.079	-55.969	-3.105	0	0	0	0	9	55	-155.895	-2.576	1.739	0	0	0	0	10	55	3.790821E+28	-3.993494E+28	-3.269874E+28	0	0	0	0	1	0	-79.096	-19.595	0.977	5	5	5	4	2	0	-78.277	-10.303	0.035	5	5	5	1	0	0	-87.203	-5.704	-0.466	0	0	0	0	54590567	54590576	54590576
15182	0	0	4	55	-87.646	-22.519	-0.238	0	0	0	0	5	55	-86.448	-36.892	-0.557	0	0	0	0	6	55	-84.689	-31.151	10.682	0	0	0	0	7	55	-83.308	-30.618	-11.412	0	0	0	0	8	55	-88.033	-55.885	-3.183	0	0	0	0	9	55	-155.882	-2.629	1.816	0	0	0	0	10	55	3.79158E+28	-3.991363E+28	-3.271595E+28	0	0	0	0	1	0	-79.096	-19.595	0.977	5	5	5	4	2	0	-78.277	-10.303	0.035	5	5	5	1	0	0	-87.203	-5.704	-0.466	0	0	0	0	54590583	54590592	0
15182	0	0	4	55	-87.646	-22.519	-0.238	0	0	0	0	5	55	-86.448	-36.892	-0.557	0	0	0	0	6	55	-84.689	-31.151	10.682	0	0	0	0	7	55	-83.308	-30.618	-11.412	0	0	0	0	8	55	-88.033	-55.885	-3.183	0	0	0	0	9	55	-155.882	-2.629	1.816	0	0	0	0	10	55	3.791581E+28	-3.991363E+28	-3.271595E+28	0	0	0	0	1	0	-79.096	-19.595	0.977	5	5	5	4	2	0	-78.277	-10.303	0.035	5	5	5	1	0	0	-87.203	-5.704	-0.466	0	0	0	0	54590583	54590592	54590592
15198	0	0	4	55	-87.449	-22.458	-0.18	0	0	0	0	5	55	-86.073	-36.867	-0.424	0	0	0	0	6	55	-84.591	-31.118	10.872	0	0	0	0	7	55	-83.333	-30.548	-11.601	0	0	0	0	8	55	-87.776	-55.784	-3.066	0	0	0	0	9	55	-156.018	-2.772	1.846	0	0	0	0	10	55	3.791137E+28	-3.987864E+28	-3.276373E+28	0	0	0	0	1	0	-79.096	-19.595	0.977	5	5	5	4	2	0	-78.277	-10.303	0.035	5	5	5	1	0	0	-87.203	-5.704	-0.466	0	0	0	0	54590600	54590609	0
15198	0	0	4	55	-87.449	-22.458	-0.18	0	0	0	0	5	55	-86.073	-36.867	-0.424	0	0	0	0	6	55	-84.591	-31.118	10.872	0	0	0	0	7	55	-83.333	-30.548	-11.601	0	0	0	0	8	55	-87.776	-55.784	-3.066	0	0	0	0	9	55	-156.018	-2.772	1.846	0	0	0	0	10	55	3.791137E+28	-3.987863E+28	-3.276374E+28	0	0	0	0	1	0	-79.096	-19.595	0.977	5	5	5	4	2	0	-78.277	-10.303	0.035	5	5	5	1	0	0	-87.203	-5.704	-0.466	0	0	0	0	54590600	54590609	54590609
15215	0	0	4	55	-87.141	-22.44	-0.046	0	0	0	0	5	55	-85.642	-36.847	-0.258	0	0	0	0	6	55	-84.477	-31.112	11.115	0	0	0	0	7	55	-83.014	-30.676	-11.636	0	0	0	0	8	55	-87.771	-55.581	-3.116	0	0	0	0	9	55	-155.939	-2.891	1.955	0	0	0	0	10	55	3.784449E+28	-3.986984E+28	-3.285163E+28	0	0	0	0	1	0	-79.096	-19.595	0.977	5	5	5	4	2	0	-78.277	-10.303	0.035	5	5	5	1	0	0	-87.203	-5.704	-0.466	0	0	0	0	54590616	54590625	54590625
15231	0	0	4	55	-87.083	-22.342	0.094	0	0	0	0	5	55	-85.408	-36.684	-0.258	0	0	0	0	6	55	-84.406	-30.987	11.169	0	0	0	0	7	55	-83.241	-30.143	-11.538	0	0	0	0	8	55	-87.567	-55.584	-3.063	0	0	0	0	9	55	-155.957	-2.751	1.85	0	0	0	0	10	55	3.781064E+28	-3.990129E+28	-3.285243E+28	0	0	0	0	1	0	-79.096	-19.595	0.977	5	5	5	4	2	0	-78.277	-10.303	0.035	5	5	5	1	0	0	-87.203	-5.704	-0.466	0	0	0	0	54590634	54590642	0
15232	0	0	4	55	-87.083	-22.342	0.094	0	0	0	0	5	55	-85.408	-36.684	-0.258	0	0	0	0	6	55	-84.406	-30.987	11.169	0	0	0	0	7	55	-83.241	-30.143	-11.538	0	0	0	0	8	55	-87.567	-55.584	-3.063	0	0	0	0	9	55	-155.957	-2.751	1.85	0	0	0	0	10	55	3.781064E+28	-3.990129E+28	-3.285243E+28	0	0	0	0	1	0	-79.096	-19.595	0.977	5	5	5	4	2	0	-78.277	-10.303	0.035	5	5	5	1	0	0	-87.203	-5.704	-0.466	0	0	0	0	54590634	54590642	54590642
15249	0	0	4	55	-86.444	-22.248	-0.047	0	0	0	0	5	55	-85.012	-36.565	-0.357	0	0	0	0	6	55	-84.041	-30.95	11.188	0	0	0	0	7	55	-82.496	-30.63	-11.702	0	0	0	0	8	55	-87.292	-55.399	-3.058	0	0	0	0	9	55	-155.64	-2.483	1.801	0	0	0	0	10	55	3.779893E+28	-3.992585E+28	-3.283606E+28	0	0	0	0	1	0	-79.096	-19.595	0.977	5	5	5	4	2	0	-78.277	-10.303	0.035	5	5	5	1	0	0	-87.203	-5.704	-0.466	0	0	0	0	54590651	54590659	0
15249	0	0	4	55	-86.444	-22.248	-0.047	0	0	0	0	5	55	-85.012	-36.565	-0.357	0	0	0	0	6	55	-84.041	-30.95	11.188	0	0	0	0	7	55	-82.496	-30.63	-11.702	0	0	0	0	8	55	-87.292	-55.399	-3.058	0	0	0	0	9	55	-155.64	-2.483	1.801	0	0	0	0	10	55	3.779892E+28	-3.992584E+28	-3.283608E+28	0	0	0	0	1	0	-79.096	-19.595	0.977	5	5	5	4	2	0	-78.277	-10.303	0.035	5	5	5	1	0	0	-87.203	-5.704	-0.466	0	0	0	0	54590651	54590660	54590660
15265	0	0	4	55	-86.294	-22.368	-0.066	0	0	0	0	5	55	-84.66	-36.635	-0.382	0	0	0	0	6	55	-83.976	-30.981	11.196	0	0	0	0	7	55	-82.64	-29.959	-11.505	0	0	0	0	8	55	-87.012	-55.519	-3.078	0	0	0	0	9	55	-155.62	-2.673	1.559	0	0	0	0	10	55	3.786931E+28	-3.99821E+28	-3.268618E+28	0	0	0	0	1	0	-79.096	-19.595	0.977	5	5	5	4	2	0	-78.277	-10.303	0.035	5	5	5	1	0	0	-87.203	-5.704	-0.466	0	0	0	0	54590667	54590676	54590676
15282	0	0	4	55	-86.154	-22.453	0.016	0	0	0	0	5	55	-84.499	-36.789	-0.275	0	0	0	0	6	55	-83.791	-31.082	11.31	0	0	0	0	7	55	-82.444	-30.522	-11.479	0	0	0	0	8	55	-87.03	-55.517	-2.858	0	0	0	0	9	55	-155.44	-2.877	1.886	0	0	0	0	10	55	3.786309E+28	-3.999119E+28	-3.268227E+28	0	0	0	0	1	0	-79.096	-19.595	0.977	5	5	5	4	2	0	-78.277	-10.303	0.035	5	5	5	1	0	0	-87.203	-5.704	-0.466	0	0	0	0	54590685	54590693	0
15282	0	0	4	55	-86.154	-22.453	0.016	0	0	0	0	5	55	-84.499	-36.789	-0.275	0	0	0	0	6	55	-83.791	-31.082	11.31	0	0	0	0	7	55	-82.444	-30.522	-11.479	0	0	0	0	8	55	-87.03	-55.517	-2.858	0	0	0	0	9	55	-155.44	-2.877	1.886	0	0	0	0	10	55	3.786309E+28	-3.999118E+28	-3.268228E+28	0	0	0	0	1	0	-79.096	-19.595	0.977	5	5	5	4	2	0	-78.277	-10.303	0.035	5	5	5	1	0	0	-87.203	-5.704	-0.466	0	0	0	0	54590685	54590693	54590693
15298	0	0	4	55	-86.077	-22.398	0.055	0	0	0	0	5	55	-84.525	-36.584	0.033	0	0	0	0	6	55	-83.629	-30.914	11.386	0	0	0	0	7	55	-82.317	-30.132	-11.471	0	0	0	0	8	55	-86.972	-55.417	-2.863	0	0	0	0	9	55	-155.438	-2.669	1.576	0	0	0	0	10	55	3.781663E+28	-4.007952E+28	-3.262781E+28	0	0	0	0	1	0	-79.096	-19.595	0.977	5	5	5	4	2	0	-78.277	-10.303	0.035	5	5	5	1	0	0	-87.203	-5.704	-0.466	0	0	0	0	54590702	54590710	0
15299	0	0	4	55	-86.077	-22.398	0.055	0	0	0	0	5	55	-84.525	-36.584	0.033	0	0	0	0	6	55	-83.629	-30.914	11.386	0	0	0	0	7	55	-82.317	-30.132	-11.471	0	0	0	0	8	55	-86.972	-55.417	-2.863	0	0	0	0	9	55	-155.438	-2.669	1.576	0	0	0	0	10	55	3.781664E+28	-4.007951E+28	-3.262781E+28	0	0	0	0	1	0	-79.096	-19.595	0.977	5	5	5	4	2	0	-78.277	-10.303	0.035	5	5	5	1	0	0	-87.203	-5.704	-0.466	0	0	0	0	54590702	54590710	54590710
15315	0	0	4	55	-85.798	-22.297	0.049	0	0	0	0	5	55	-84.121	-36.613	-0.17	0	0	0	0	6	55	-83.489	-30.896	11.451	0	0	0	0	7	55	-82.257	-30.216	-11.518	0	0	0	0	8	55	-86.7	-55.335	-2.771	0	0	0	0	9	55	-155.286	-2.492	1.631	0	0	0	0	10	55	3.776941E+28	-4.0122E+28	-3.263031E+28	0	0	0	0	1	0	-79.096	-19.595	0.977	5	5	5	4	2	0	-78.277	-10.303	0.035	5	5	5	1	0	0	-87.203	-5.704	-0.466	0	0	0	0	54590718	54590726	54590726
15332	0	0	4	55	-85.815	-22.194	-0.006	0	0	0	0	5	55	-84.015	-36.553	-0.176	0	0	0	0	6	55	-83.449	-30.884	11.38	0	0	0	0	7	55	-81.951	-30.024	-11.509	0	0	0	0	8	55	-86.69	-55.255	-2.914	0	0	0	0	9	55	-155.249	-2.389	1.603	0	0	0	0	10	55	3.774652E+28	-4.010133E+28	-3.268216E+28	0	0	0	0	1	0	-79.096	-19.595	0.977	5	5	5	4	2	0	-78.277	-10.303	0.035	5	5	5	1	0	0	-87.203	-5.704	-0.466	0	0	0	0	54590734	54590743	0
15332	0	0	4	55	-85.815	-22.194	-0.006	0	0	0	0	5	55	-84.015	-36.553	-0.176	0	0	0	0	6	55	-83.449	-30.884	11.38	0	0	0	0	7	55	-81.951	-30.024	-11.509	0	0	0	0	8	55	-86.69	-55.255	-2.914	0	0	0	0	9	55	-155.249	-2.389	1.603	0	0	0	0	10	55	3.774652E+28	-4.010133E+28	-3.268216E+28	0	0	0	0	1	0	-79.096	-19.595	0.977	5	5	5	4	2	0	-78.277	-10.303	0.035	5	5	5	1	0	0	-87.203	-5.704	-0.466	0	0	0	0	54590735	54590743	54590743
15348	0	0	4	55	-85.54	-22.105	0.205	0	0	0	0	5	55	-83.772	-36.503	-0.132	0	0	0	0	6	55	-83.386	-30.837	11.471	0	0	0	0	7	55	-81.969	-30.3	-11.733	0	0	0	0	8	55	-86.665	-55.07	-2.93	0	0	0	0	9	55	-155.239	-2.22	1.731	0	0	0	0	10	55	3.767513E+28	-4.008949E+28	-3.277892E+28	0	0	0	0	1	0	-79.096	-19.595	0.977	5	5	5	4	2	0	-78.277	-10.303	0.035	5	5	5	1	0	0	-87.203	-5.704	-0.466	0	0	0	0	54590751	54590760	0
15348	0	0	4	55	-85.54	-22.105	0.205	0	0	0	0	5	55	-83.772	-36.503	-0.132	0	0	0	0	6	55	-83.386	-30.837	11.471	0	0	0	0	7	55	-81.969	-30.3	-11.733	0	0	0	0	8	55	-86.665	-55.07	-2.93	0	0	0	0	9	55	-155.239	-2.22	1.731	0	0	0	0	10	55	3.767514E+28	-4.008948E+28	-3.277892E+28	0	0	0	0	1	0	-79.096	-19.595	0.977	5	5	5	4	2	0	-78.277	-10.303	0.035	5	5	5	1	0	0	-87.203	-5.704	-0.466	0	0	0	0	54590751	54590760	54590760
15365	0	0	4	55	-85.418	-22.243	0.17	0	0	0	0	5	55	-83.739	-36.49	0.068	0	0	0	0	6	55	-83.25	-30.969	11.498	0	0	0	0	7	55	-81.888	-30.354	-11.586	0	0	0	0	8	55	-86.652	-55.168	-2.929	0	0	0	0	9	55	-155.248	-2.433	1.688	0	0	0	0	10	55	3.776838E+28	-4.003967E+28	-3.273246E+28	0	0	0	0	1	0	-79.096	-19.595	0.977	5	5	5	4	2	0	-78.277	-10.303	0.035	5	5	5	1	0	0	-87.203	-5.704	-0.466	0	0	0	0	54590765	54590776	54590776
15382	0	0	4	55	-85.324	-22.224	0.075	0	0	0	0	5	55	-83.602	-36.563	-0.095	0	0	0	0	6	55	-83.274	-30.979	11.434	0	0	0	0	7	55	-82.076	-30.217	-11.744	0	0	0	0	8	55	-86.669	-55.117	-2.867	0	0	0	0	9	55	-155.255	-2.42	1.672	0	0	0	0	10	55	3.777195E+28	-4.00589E+28	-3.270479E+28	0	0	0	0	1	0	-79.096	-19.595	0.977	5	5	5	4	2	0	-78.277	-10.303	0.035	5	5	5	1	0	0	-87.203	-5.704	-0.466	0	0	0	0	54590785	54590793	0
15382	0	0	4	55	-85.324	-22.224	0.075	0	0	0	0	5	55	-83.602	-36.563	-0.095	0	0	0	0	6	55	-83.274	-30.979	11.434	0	0	0	0	7	55	-82.076	-30.217	-11.744	0	0	0	0	8	55	-86.669	-55.117	-2.867	0	0	0	0	9	55	-155.255	-2.42	1.672	0	0	0	0	10	55	3.777195E+28	-4.00589E+28	-3.270479E+28	0	0	0	0	1	0	-79.096	-19.595	0.977	5	5	5	4	2	0	-78.277	-10.303	0.035	5	5	5	1	0	0	-87.203	-5.704	-0.466	0	0	0	0	54590785	54590793	54590793
15398	0	0	4	55	-85.187	-22.384	-0.024	0	0	0	0	5	55	-83.585	-36.516	0.039	0	0	0	0	6	55	-83.224	-30.976	11.586	0	0	0	0	7	55	-81.949	-30.711	-11.93	0	0	0	0	8	55	-86.501	-55.124	-2.877	0	0	0	0	9	55	-155.255	-2.479	1.584	0	0	0	0	10	55	3.781116E+28	-4.001891E+28	-3.270845E+28	0	0	0	0	1	0	-79.096	-19.595	0.977	5	5	5	4	2	0	-78.277	-10.303	0.035	5	5	5	1	0	0	-87.203	-5.704	-0.466	0	0	0	0	54590801	54590810	0
15398	0	0	4	55	-85.187	-22.384	-0.024	0	0	0	0	5	55	-83.585	-36.516	0.039	0	0	0	0	6	55	-83.224	-30.976	11.586	0	0	0	0	7	55	-81.949	-30.711	-11.93	0	0	0	0	8	55	-86.501	-55.124	-2.877	0	0	0	0	9	55	-155.254	-2.479	1.584	0	0	0	0	10	55	3.781116E+28	-4.001892E+28	-3.270844E+28	0	0	0	0	1	0	-79.096	-19.595	0.977	5	5	5	4	2	0	-78.277	-10.303	0.035	5	5	5	1	0	0	-87.203	-5.704	-0.466	0	0	0	0	54590801	54590810	54590810
15415	0	0	4	55	-85.194	-22.341	0.073	0	0	0	0	5	55	-83.488	-36.589	-0.018	0	0	0	0	6	55	-83.142	-31.072	11.516	0	0	0	0	7	55	-82.033	-30.264	-11.674	0	0	0	0	8	55	-86.575	-55.09	-3.049	0	0	0	0	9	55	-155.256	-2.595	1.507	0	0	0	0	10	55	3.785161E+28	-3.999063E+28	-3.269625E+28	0	0	0	0	1	0	-79.096	-19.595	0.977	5	5	5	4	2	0	-78.277	-10.303	0.035	5	5	5	1	0	0	-87.203	-5.704	-0.466	0	0	0	0	54590818	54590827	54590827
15432	0	0	4	55	-84.956	-22.413	0.074	0	0	0	0	5	55	-83.159	-36.701	0.001	0	0	0	0	6	55	-83.002	-31.096	11.641	0	0	0	0	7	55	-81.572	-30.648	-11.682	0	0	0	0	8	55	-86.376	-55.146	-2.888	0	0	0	0	9	55	-155.217	-2.746	1.429	0	0	0	0	10	55	3.79014E+28	-4.00618E+28	-3.255113E+28	0	0	0	0	1	0	-79.096	-19.595	0.977	5	5	5	4	2	0	-78.277	-10.303	0.035	5	5	5	1	0	0	-87.203	-5.704	-0.466	0	0	0	0	54590835	54590843	0
15432	0	0	4	55	-84.956	-22.413	0.074	0	0	0	0	5	55	-83.159	-36.701	0.001	0	0	0	0	6	55	-83.002	-31.096	11.641	0	0	0	0	7	55	-81.572	-30.648	-11.682	0	0	0	0	8	55	-86.376	-55.146	-2.888	0	0	0	0	9	55	-155.217	-2.746	1.429	0	0	0	0	10	55	3.79014E+28	-4.006181E+28	-3.255112E+28	0	0	0	0	1	0	-79.096	-19.595	0.977	5	5	5	4	2	0	-78.277	-10.303	0.035	5	5	5	1	0	0	-87.203	-5.704	-0.466	0	0	0	0	54590835	54590843	54590844
15448	0	0	4	55	-84.896	-22.31	0.011	0	0	0	0	5	55	-82.983	-36.72	-0.305	0	0	0	0	6	55	-82.978	-31.029	11.571	0	0	0	0	7	55	-81.729	-30.228	-11.876	0	0	0	0	8	55	-86.359	-55.075	-2.974	0	0	0	0	9	55	-155.201	-2.66	1.358	0	0	0	0	10	55	3.789093E+28	-4.006188E+28	-3.256322E+28	0	0	0	0	1	0	-79.096	-19.595	0.977	5	5	5	4	2	0	-78.277	-10.303	0.035	5	5	5	1	0	0	-87.203	-5.704	-0.466	0	0	0	0	54590852	54590860	0
15449	0	0	4	55	-84.896	-22.31	0.011	0	0	0	0	5	55	-82.983	-36.72	-0.305	0	0	0	0	6	55	-82.978	-31.029	11.571	0	0	0	0	7	55	-81.729	-30.228	-11.876	0	0	0	0	8	55	-86.359	-55.075	-2.974	0	0	0	0	9	55	-155.201	-2.66	1.358	0	0	0	0	10	55	3.789093E+28	-4.006187E+28	-3.256321E+28	0	0	0	0	1	0	-79.096	-19.595	0.977	5	5	5	4	2	0	-78.277	-10.303	0.035	5	5	5	1	0	0	-87.203	-5.704	-0.466	0	0	0	0	54590852	54590860	54590860
15465	0	0	4	55	-84.818	-22.142	0.148	0	0	0	0	5	55	-82.878	-36.425	-0.005	0	0	0	0	6	55	-82.889	-30.932	11.641	0	0	0	0	7	55	-81.613	-30.319	-11.645	0	0	0	0	8	55	-85.942	-54.946	-2.748	0	0	0	0	9	55	-155.161	-2.405	1.547	0	0	0	0	10	55	3.776051E+28	-4.009831E+28	-3.266969E+28	0	0	0	0	1	0	-79.096	-19.595	0.977	5	5	5	4	2	0	-78.277	-10.303	0.035	5	5	5	1	0	0	-87.203	-5.704	-0.466	0	0	0	0	54590868	54590876	54590876
15481	0	0	4	55	-84.825	-22.151	0.145	0	0	0	0	5	55	-82.802	-36.379	-0.006	0	0	0	0	6	55	-82.967	-30.809	11.554	0	0	0	0	7	55	-81.637	-30.195	-11.877	0	0	0	0	8	55	-85.901	-54.925	-2.9	0	0	0	0	9	55	-155.19	-2.41	1.45	0	0	0	0	10	55	3.77811E+28	-4.008217E+28	-3.266569E+28	0	0	0	0	1	0	-79.096	-19.595	0.977	5	5	5	4	2	0	-78.277	-10.303	0.035	5	5	5	1	0	0	-87.203	-5.704	-0.466	0	0	0	0	54590884	54590893	0
15482	0	0	4	55	-84.825	-22.151	0.145	0	0	0	0	5	55	-82.802	-36.379	-0.006	0	0	0	0	6	55	-82.967	-30.809	11.554	0	0	0	0	7	55	-81.637	-30.195	-11.877	0	0	0	0	8	55	-85.901	-54.925	-2.9	0	0	0	0	9	55	-155.19	-2.41	1.45	0	0	0	0	10	55	3.778109E+28	-4.008217E+28	-3.26657E+28	0	0	0	0	1	0	-79.096	-19.595	0.977	5	5	5	4	2	0	-78.277	-10.303	0.035	5	5	5	1	0	0	-87.203	-5.704	-0.466	0	0	0	0	54590885	54590893	54590893
15498	0	0	4	55	-84.753	-22.244	0.122	0	0	0	0	5	55	-82.67	-36.484	-0.04	0	0	0	0	6	55	-82.938	-30.799	11.618	0	0	0	0	7	55	-81.471	-30.492	-11.638	0	0	0	0	8	55	-86.061	-54.951	-2.877	0	0	0	0	9	55	-155.209	-2.518	1.525	0	0	0	0	10	55	3.778652E+28	-4.009752E+28	-3.264058E+28	0	0	0	0	1	0	-79.096	-19.595	0.977	5	5	5	4	2	0	-78.277	-10.303	0.035	5	5	5	1	0	0	-87.203	-5.704	-0.466	0	0	0	0	54590902	54590910	0
15499	0	0	4	55	-84.753	-22.244	0.122	0	0	0	0	5	55	-82.67	-36.484	-0.04	0	0	0	0	6	55	-82.938	-30.799	11.618	0	0	0	0	7	55	-81.471	-30.492	-11.638	0	0	0	0	8	55	-86.061	-54.951	-2.877	0	0	0	0	9	55	-155.209	-2.519	1.525	0	0	0	0	10	55	3.778653E+28	-4.009751E+28	-3.264058E+28	0	0	0	0	1	0	-79.096	-19.595	0.977	5	5	5	4	2	0	-78.277	-10.303	0.035	5	5	5	1	0	0	-87.203	-5.704	-0.466	0	0	0	0	54590902	54590910	54590910
15515	0	0	4	55	-84.837	-22.214	0.202	0	0	0	0	5	55	-82.737	-36.393	0.124	0	0	0	0	6	55	-82.937	-30.843	11.704	0	0	0	0	7	55	-81.407	-30.009	-11.7	0	0	0	0	8	55	-86.016	-54.861	-2.795	0	0	0	0	9	55	-155.244	-2.403	1.683	0	0	0	0	10	55	3.771183E+28	-4.012171E+28	-3.269719E+28	0	0	0	0	1	0	-79.096	-19.595	0.977	5	5	5	4	2	0	-78.277	-10.303	0.035	5	5	5	1	0	0	-87.203	-5.704	-0.466	0	0	0	0	54590918	54590926	54590926
15532	0	0	4	55	-84.824	-22.257	0.154	0	0	0	0	5	55	-82.689	-36.47	0.096	0	0	0	0	6	55	-82.972	-30.937	11.599	0	0	0	0	7	55	-81.591	-30.389	-11.636	0	0	0	0	8	55	-85.976	-54.784	-2.791	0	0	0	0	9	55	-155.27	-2.424	1.681	0	0	0	0	10	55	3.771142E+28	-4.008475E+28	-3.274296E+28	0	0	0	0	1	0	-79.096	-19.595	0.977	5	5	5	4	2	0	-78.277	-10.303	0.035	5	5	5	1	0	0	-87.203	-5.704	-0.466	0	0	0	0	54590934	54590943	0
15532	0	0	4	55	-84.824	-22.257	0.153	0	0	0	0	5	55	-82.689	-36.47	0.096	0	0	0	0	6	55	-82.972	-30.937	11.599	0	0	0	0	7	55	-81.591	-30.389	-11.636	0	0	0	0	8	55	-85.976	-54.784	-2.791	0	0	0	0	9	55	-155.27	-2.424	1.681	0	0	0	0	10	55	3.771142E+28	-4.008475E+28	-3.274295E+28	0	0	0	0	1	0	-79.096	-19.595	0.977	5	5	5	4	2	0	-78.277	-10.303	0.035	5	5	5	1	0	0	-87.203	-5.704	-0.466	0	0	0	0	54590934	54590943	54590943
15548	0	0	4	55	-84.872	-22.329	0.097	0	0	0	0	5	55	-82.663	-36.581	0.042	0	0	0	0	6	55	-82.915	-30.89	11.719	0	0	0	0	7	55	-81.488	-30.363	-11.708	0	0	0	0	8	55	-85.975	-54.8	-2.669	0	0	0	0	9	55	-155.286	-2.528	1.726	0	0	0	0	10	55	3.77174E+28	-4.011042E+28	-3.270461E+28	0	0	0	0	1	0	-79.096	-19.595	0.977	5	5	5	4	2	0	-78.277	-10.303	0.035	5	5	5	1	0	0	-87.203	-5.704	-0.466	0	0	0	0	54590950	54590960	0
15548	0	0	4	55	-84.872	-22.329	0.097	0	0	0	0	5	55	-82.663	-36.581	0.042	0	0	0	0	6	55	-82.915	-30.89	11.719	0	0	0	0	7	55	-81.488	-30.363	-11.708	0	0	0	0	8	55	-85.975	-54.8	-2.669	0	0	0	0	9	55	-155.286	-2.528	1.726	0	0	0	0	10	55	3.77174E+28	-4.011042E+28	-3.270461E+28	0	0	0	0	1	0	-79.096	-19.595	0.977	5	5	5	4	2	0	-78.277	-10.303	0.035	5	5	5	1	0	0	-87.203	-5.704	-0.466	0	0	0	0	54590950	54590960	54590960
15565	0	0	4	55	-84.817	-22.343	-0.032	0	0	0	0	5	55	-82.654	-36.607	0.11	0	0	0	0	6	55	-82.989	-30.876	11.71	0	0	0	0	7	55	-81.78	-30.459	-11.786	0	0	0	0	8	55	-85.84	-54.948	-2.661	0	0	0	0	9	55	-155.275	-2.592	1.619	0	0	0	0	10	55	3.772633E+28	-4.012893E+28	-3.267158E+28	0	0	0	0	1	0	-79.096	-19.595	0.977	5	5	5	4	2	0	-78.277	-10.303	0.035	5	5	5	1	0	0	-87.203	-5.704	-0.466	0	0	0	0	54590968	54590976	54590976
15582	0	0	4	55	-84.9	-22.202	0.067	0	0	0	0	5	55	-82.717	-36.491	0.239	0	0	0	0	6	55	-83.054	-30.788	11.694	0	0	0	0	7	55	-81.846	-30.458	-11.818	0	0	0	0	8	55	-85.918	-54.73	-2.614	0	0	0	0	9	55	-155.225	-2.423	1.697	0	0	0	0	10	55	3.763843E+28	-4.018945E+28	-3.269857E+28	0	0	0	0	1	0	-79.096	-19.595	0.977	5	5	5	4	2	0	-78.277	-10.303	0.035	5	5	5	1	0	0	-87.203	-5.704	-0.466	0	0	0	0	54590985	54590993	0
15582	0	0	4	55	-84.9	-22.202	0.067	0	0	0	0	5	55	-82.717	-36.491	0.239	0	0	0	0	6	55	-83.054	-30.788	11.694	0	0	0	0	7	55	-81.846	-30.458	-11.818	0	0	0	0	8	55	-85.918	-54.73	-2.614	0	0	0	0	9	55	-155.225	-2.423	1.697	0	0	0	0	10	55	3.763843E+28	-4.018945E+28	-3.269857E+28	0	0	0	0	1	0	-79.096	-19.595	0.977	5	5	5	4	2	0	-78.277	-10.303	0.035	5	5	5	1	0	0	-87.203	-5.704	-0.466	0	0	0	0	54590985	54590993	54590993
15598	0	0	4	55	-84.885	-22.241	-0.016	0	0	0	0	5	55	-82.734	-36.387	-0.033	0	0	0	0	6	55	-83.058	-30.777	11.656	0	0	0	0	7	55	-81.535	-30.563	-11.915	0	0	0	0	8	55	-86.055	-54.681	-2.815	0	0	0	0	9	55	-155.32	-2.479	1.674	0	0	0	0	10	55	3.762406E+28	-4.013572E+28	-3.2781E+28	0	0	0	0	1	0	-79.096	-19.595	0.977	5	5	5	4	2	0	-78.277	-10.303	0.035	5	5	5	1	0	0	-87.203	-5.704	-0.466	0	0	0	0	54591000	54591010	0
15598	0	0	4	55	-84.885	-22.241	-0.016	0	0	0	0	5	55	-82.734	-36.387	-0.033	0	0	0	0	6	55	-83.058	-30.777	11.656	0	0	0	0	7	55	-81.535	-30.563	-11.915	0	0	0	0	8	55	-86.055	-54.681	-2.815	0	0	0	0	9	55	-155.32	-2.479	1.674	0	0	0	0	10	55	3.762405E+28	-4.013572E+28	-3.278099E+28	0	0	0	0	1	0	-79.096	-19.595	0.977	5	5	5	4	2	0	-78.277	-10.303	0.035	5	5	5	1	0	0	-87.203	-5.704	-0.466	0	0	0	0	54591001	54591010	54591010
15615	0	0	4	55	-84.893	-22.285	-0.1	0	0	0	0	5	55	-82.737	-36.557	-0.024	0	0	0	0	6	55	-83.104	-30.877	11.525	0	0	0	0	7	55	-81.538	-29.981	-11.771	0	0	0	0	8	55	-86.013	-54.713	-2.944	0	0	0	0	9	55	-155.384	-2.567	1.48	0	0	0	0	10	55	3.764596E+28	-4.011798E+28	-3.277757E+28	0	0	0	0	1	0	-79.096	-19.595	0.977	5	5	5	4	2	0	-78.277	-10.303	0.035	5	5	5	1	0	0	-87.203	-5.704	-0.466	0	0	0	0	54591018	54591027	54591027
15632	0	0	4	55	-84.78	-22.277	0.015	0	0	0	0	5	55	-82.738	-36.538	-0.039	0	0	0	0	6	55	-82.967	-30.935	11.605	0	0	0	0	7	55	-81.372	-30.712	-11.812	0	0	0	0	8	55	-86.001	-54.685	-2.901	0	0	0	0	9	55	-155.363	-2.552	1.481	0	0	0	0	10	55	3.76145E+28	-4.014968E+28	-3.277487E+28	0	0	0	0	1	0	-79.096	-19.595	0.977	5	5	5	4	2	0	-78.277	-10.303	0.035	5	5	5	1	0	0	-87.203	-5.704	-0.466	0	0	0	0	54591034	54591043	0
15632	0	0	4	55	-84.78	-22.277	0.015	0	0	0	0	5	55	-82.738	-36.538	-0.039	0	0	0	0	6	55	-82.967	-30.935	11.605	0	0	0	0	7	55	-81.372	-30.712	-11.812	0	0	0	0	8	55	-86.001	-54.685	-2.901	0	0	0	0	9	55	-155.363	-2.552	1.481	0	0	0	0	10	55	3.761449E+28	-4.014968E+28	-3.277488E+28	0	0	0	0	1	0	-79.096	-19.595	0.977	5	5	5	4	2	0	-78.277	-10.303	0.035	5	5	5	1	0	0	-87.203	-5.704	-0.466	0	0	0	0	54591034	54591043	54591043
15648	0	0	4	55	-84.694	-22.325	-0.035	0	0	0	0	5	55	-82.599	-36.521	-0.109	0	0	0	0	6	55	-82.993	-30.896	11.563	0	0	0	0	7	55	-81.407	-30.173	-11.767	0	0	0	0	8	55	-86.061	-54.57	-2.925	0	0	0	0	9	55	-155.349	-2.394	1.438	0	0	0	0	10	55	3.754703E+28	-4.019045E+28	-3.280225E+28	0	0	0	0	1	0	-79.096	-19.595	0.977	5	5	5	4	2	0	-78.277	-10.303	0.035	5	5	5	1	0	0	-87.203	-5.704	-0.466	0	0	0	0	54591051	54591060	0
15649	0	0	4	55	-84.694	-22.325	-0.035	0	0	0	0	5	55	-82.599	-36.521	-0.109	0	0	0	0	6	55	-82.993	-30.896	11.563	0	0	0	0	7	55	-81.407	-30.173	-11.766	0	0	0	0	8	55	-86.061	-54.57	-2.925	0	0	0	0	9	55	-155.349	-2.394	1.438	0	0	0	0	10	55	3.754702E+28	-4.019045E+28	-3.280226E+28	0	0	0	0	1	0	-79.096	-19.595	0.977	5	5	5	4	2	0	-78.277	-10.303	0.035	5	5	5	1	0	0	-87.203	-5.704	-0.466	0	0	0	0	54591052	54591060	54591060
15665	0	0	4	55	-84.65	-22.534	-0.156	0	0	0	0	5	55	-82.691	-36.625	-0.207	0	0	0	0	6	55	-82.955	-31.077	11.392	0	0	0	0	7	55	-81.424	-30.36	-11.991	0	0	0	0	8	55	-86.059	-54.613	-2.986	0	0	0	0	9	55	-155.356	-2.512	1.325	0	0	0	0	10	55	3.759165E+28	-4.015473E+28	-3.279489E+28	0	0	0	0	1	0	-79.096	-19.595	0.977	5	5	5	4	2	0	-78.277	-10.303	0.035	5	5	5	1	0	0	-87.203	-5.704	-0.466	0	0	0	0	54591068	54591077	54591077
15681	0	0	4	55	-84.701	-22.582	-0.189	0	0	0	0	5	55	-82.69	-36.729	-0.358	0	0	0	0	6	55	-82.92	-31.126	11.407	0	0	0	0	7	55	-81.445	-30.351	-11.987	0	0	0	0	8	55	-86.085	-54.637	-3.031	0	0	0	0	9	55	-155.363	-2.569	1.262	0	0	0	0	10	55	3.761486E+28	-4.013512E+28	-3.279229E+28	0	0	0	0	1	0	-79.096	-19.595	0.977	5	5	5	4	2	0	-78.277	-10.303	0.035	5	5	5	1	0	0	-87.203	-5.704	-0.466	0	0	0	0	54591085	54591093	0
15682	0	0	4	55	-84.701	-22.582	-0.189	0	0	0	0	5	55	-82.69	-36.729	-0.358	0	0	0	0	6	55	-82.92	-31.126	11.407	0	0	0	0	7	55	-81.445	-30.351	-11.987	0	0	0	0	8	55	-86.085	-54.637	-3.031	0	0	0	0	9	55	-155.363	-2.569	1.262	0	0	0	0	10	55	3.761485E+28	-4.013512E+28	-3.279229E+28	0	0	0	0	1	0	-79.096	-19.595	0.977	5	5	5	4	2	0	-78.277	-10.303	0.035	5	5	5	1	0	0	-87.203	-5.704	-0.466	0	0	0	0	54591085	54591093	54591093
15698	0	0	4	55	-84.589	-22.77	-0.205	0	0	0	0	5	55	-82.768	-36.94	-0.255	0	0	0	0	6	55	-82.871	-31.308	11.302	0	0	0	0	7	55	-81.424	-30.371	-11.988	0	0	0	0	8	55	-86.021	-54.767	-3.031	0	0	0	0	9	55	-155.295	-2.72	1.115	0	0	0	0	10	55	3.767924E+28	-4.015004E+28	-3.269998E+28	0	0	0	0	1	0	-79.096	-19.595	0.977	5	5	5	4	2	0	-78.277	-10.303	0.035	5	5	5	1	0	0	-87.203	-5.704	-0.466	0	0	0	0	54591101	54591110	0
15698	0	0	4	55	-84.589	-22.77	-0.205	0	0	0	0	5	55	-82.768	-36.94	-0.255	0	0	0	0	6	55	-82.871	-31.308	11.302	0	0	0	0	7	55	-81.424	-30.371	-11.988	0	0	0	0	8	55	-86.021	-54.767	-3.031	0	0	0	0	9	55	-155.295	-2.72	1.115	0	0	0	0	10	55	3.767923E+28	-4.015004E+28	-3.269999E+28	0	0	0	0	1	0	-79.096	-19.595	0.977	5	5	5	4	2	0	-78.277	-10.303	0.035	5	5	5	1	0	0	-87.203	-5.704	-0.466	0	0	0	0	54591101	54591110	54591110
15715	0	0	4	55	-84.607	-22.833	-0.244	0	0	0	0	5	55	-82.688	-36.851	-0.221	0	0	0	0	6	55	-82.858	-31.313	11.302	0	0	0	0	7	55	-81.449	-30.529	-11.976	0	0	0	0	8	55	-86.054	-54.753	-2.97	0	0	0	0	9	55	-155.057	-2.725	1.083	0	0	0	0	10	55	3.76599E+28	-4.019999E+28	-3.266089E+28	0	0	0	0	1	0	-79.096	-19.595	0.977	5	5	5	4	2	0	-78.277	-10.303	0.035	5	5	5	1	0	0	-87.203	-5.704	-0.466	0	0	0	0	54591118	54591126	54591126
15732	0	0	4	55	-84.616	-22.93	-0.221	0	0	0	0	5	55	-82.715	-36.752	-0.147	0	0	0	0	6	55	-82.849	-31.44	11.276	0	0	0	0	7	55	-81.446	-30.564	-12.013	0	0	0	0	8	55	-86.084	-54.819	-3.027	0	0	0	0	9	55	-154.917	-2.807	1.069	0	0	0	0	10	55	3.771163E+28	-4.016927E+28	-3.263897E+28	0	0	0	0	1	0	-79.096	-19.595	0.977	5	5	5	4	2	0	-78.277	-10.303	0.035	5	5	5	1	0	0	-87.203	-5.704	-0.466	0	0	0	0	54591134	54591143	0
15732	0	0	4	55	-84.616	-22.93	-0.221	0	0	0	0	5	55	-82.715	-36.752	-0.147	0	0	0	0	6	55	-82.849	-31.44	11.276	0	0	0	0	7	55	-81.446	-30.564	-12.013	0	0	0	0	8	55	-86.084	-54.819	-3.027	0	0	0	0	9	55	-154.917	-2.807	1.069	0	0	0	0	10	55	3.771162E+28	-4.016927E+28	-3.263898E+28	0	0	0	0	1	0	-79.096	-19.595	0.977	5	5	5	4	2	0	-78.277	-10.303	0.035	5	5	5	1	0	0	-87.203	-5.704	-0.466	0	0	0	0	54591135	54591143	54591143
15748	0	0	4	55	-84.584	-22.905	-0.331	0	0	0	0	5	55	-82.752	-36.731	-0.243	0	0	0	0	6	55	-82.904	-31.335	11.306	0	0	0	0	7	55	-81.491	-30.513	-12.054	0	0	0	0	8	55	-86.134	-54.801	-3.139	0	0	0	0	9	55	-154.945	-2.746	0.887	0	0	0	0	10	55	3.770539E+28	-4.014601E+28	-3.267477E+28	0	0	0	0	1	0	-79.096	-19.595	0.977	5	5	5	4	2	0	-78.277	-10.303	0.035	5	5	5	1	0	0	-87.203	-5.704	-0.466	0	0	0	0	54591151	54591160	0
15748	0	0	4	55	-84.584	-22.905	-0.331	0	0	0	0	5	55	-82.752	-36.731	-0.243	0	0	0	0	6	55	-82.904	-31.335	11.306	0	0	0	0	7	55	-81.491	-30.513	-12.054	0	0	0	0	8	55	-86.134	-54.801	-3.139	0	0	0	0	9	55	-154.945	-2.746	0.887	0	0	0	0	10	55	3.770539E+28	-4.014601E+28	-3.267477E+28	0	0	0	0	1	0	-79.096	-19.595	0.977	5	5	5	4	2	0	-78.277	-10.303	0.035	5	5	5	1	0	0	-87.203	-5.704	-0.466	0	0	0	0	54591151	54591160	54591160
15765	0	0	4	55	-84.596	-22.853	-0.181	0	0	0	0	5	55	-82.842	-36.689	-0.248	0	0	0	0	6	55	-82.894	-31.35	11.324	0	0	0	0	7	55	-81.642	-30.464	-12.02	0	0	0	0	8	55	-86.256	-54.751	-3.178	0	0	0	0	9	55	-155.035	-2.529	1.072	0	0	0	0	10	55	3.762124E+28	-4.010926E+28	-3.281659E+28	0	0	0	0	1	0	-79.096	-19.595	0.977	5	5	5	4	2	0	-78.277	-10.303	0.035	5	5	5	1	0	0	-87.203	-5.704	-0.466	0	0	0	0	54591168	54591177	54591177
15782	0	0	4	55	-84.503	-22.825	-0.159	0	0	0	0	5	55	-82.87	-36.634	-0.221	0	0	0	0	6	55	-82.86	-31.32	11.424	0	0	0	0	7	55	-81.641	-30.436	-12.021	0	0	0	0	8	55	-86.284	-54.717	-3.164	0	0	0	0	9	55	-155.107	-2.333	1.151	0	0	0	0	10	55	3.757416E+28	-4.013597E+28	-3.283787E+28	0	0	0	0	1	0	-79.096	-19.595	0.977	5	5	5	4	2	0	-78.277	-10.303	0.035	5	5	5	1	0	0	-87.203	-5.704	-0.466	0	0	0	0	54591184	54591193	0
15782	0	0	4	55	-84.503	-22.825	-0.159	0	0	0	0	5	55	-82.87	-36.634	-0.221	0	0	0	0	6	55	-82.86	-31.32	11.424	0	0	0	0	7	55	-81.641	-30.436	-12.021	0	0	0	0	8	55	-86.284	-54.717	-3.164	0	0	0	0	9	55	-155.107	-2.333	1.151	0	0	0	0	10	55	3.757416E+28	-4.013597E+28	-3.283787E+28	0	0	0	0	1	0	-79.096	-19.595	0.977	5	5	5	4	2	0	-78.277	-10.303	0.035	5	5	5	1	0	0	-87.203	-5.704	-0.466	0	0	0	0	54591184	54591193	54591193
15800	0	0	4	55	-84.484	-22.852	0.007	0	0	0	0	5	55	-82.765	-36.909	-0.173	0	0	0	0	6	55	-82.891	-31.397	11.458	0	0	0	0	7	55	-81.609	-30.472	-11.955	0	0	0	0	8	55	-86.333	-54.72	-3.128	0	0	0	0	9	55	-155.09	-2.266	1.277	0	0	0	0	10	55	3.753859E+28	-4.009853E+28	-3.292417E+28	0	0	0	0	1	0	-79.096	-19.595	0.977	5	5	5	4	2	0	-78.277	-10.303	0.035	5	5	5	1	0	0	-87.203	-5.704	-0.466	0	0	0	0	54591202	54591211	0
15800	0	0	4	55	-84.484	-22.852	0.007	0	0	0	0	5	55	-82.765	-36.909	-0.173	0	0	0	0	6	55	-82.891	-31.397	11.458	0	0	0	0	7	55	-81.609	-30.472	-11.955	0	0	0	0	8	55	-86.333	-54.72	-3.128	0	0	0	0	9	55	-155.09	-2.266	1.277	0	0	0	0	10	55	3.753858E+28	-4.009853E+28	-3.292418E+28	0	0	0	0	1	0	-79.096	-19.595	0.977	5	5	5	4	2	0	-78.277	-10.303	0.035	5	5	5	1	0	0	-87.203	-5.704	-0.466	0	0	0	0	54591202	54591212	54591212
15815	0	0	4	55	-84.46	-22.923	-0.205	0	0	0	0	5	55	-82.846	-37.022	-0.366	0	0	0	0	6	55	-83.006	-31.287	11.432	0	0	0	0	7	55	-81.583	-30.395	-11.998	0	0	0	0	8	55	-86.377	-54.758	-3.228	0	0	0	0	9	55	-155.079	-2.245	1.15	0	0	0	0	10	55	3.756659E+28	-4.007951E+28	-3.291539E+28	0	0	0	0	1	0	-79.096	-19.595	0.977	5	5	5	4	2	0	-78.277	-10.303	0.035	5	5	5	1	0	0	-87.203	-5.704	-0.466	0	0	0	0	54591218	54591226	54591226
15832	0	0	4	55	-84.478	-22.997	-0.146	0	0	0	0	5	55	-82.719	-37.086	-0.313	0	0	0	0	6	55	-82.895	-31.488	11.45	0	0	0	0	7	55	-81.494	-30.463	-11.948	0	0	0	0	8	55	-86.316	-54.836	-3.169	0	0	0	0	9	55	-155.035	-2.336	1.179	0	0	0	0	10	55	3.758876E+28	-4.008109E+28	-3.288815E+28	0	0	0	0	1	0	-79.096	-19.595	0.977	5	5	5	4	2	0	-78.277	-10.303	0.035	5	5	5	1	0	0	-87.203	-5.704	-0.466	0	0	0	0	54591235	54591243	0
15832	0	0	4	55	-84.478	-22.997	-0.146	0	0	0	0	5	55	-82.719	-37.086	-0.313	0	0	0	0	6	55	-82.895	-31.488	11.45	0	0	0	0	7	55	-81.494	-30.463	-11.948	0	0	0	0	8	55	-86.316	-54.836	-3.169	0	0	0	0	9	55	-155.035	-2.336	1.179	0	0	0	0	10	55	3.758876E+28	-4.008109E+28	-3.288815E+28	0	0	0	0	1	0	-79.096	-19.595	0.977	5	5	5	4	2	0	-78.277	-10.303	0.035	5	5	5	1	0	0	-87.203	-5.704	-0.466	0	0	0	0	54591235	54591244	54591244
15848	0	0	4	55	-84.478	-23.154	-0.266	0	0	0	0	5	55	-82.822	-36.916	-0.306	0	0	0	0	6	55	-82.937	-31.464	11.393	0	0	0	0	7	55	-81.68	-30.378	-11.853	0	0	0	0	8	55	-86.396	-54.92	-3.231	0	0	0	0	9	55	-155.082	-2.382	0.979	0	0	0	0	10	55	3.76627E+28	-4.008538E+28	-3.279822E+28	0	0	0	0	1	0	-79.096	-19.595	0.977	5	5	5	4	2	0	-78.277	-10.303	0.035	5	5	5	1	0	0	-87.203	-5.704	-0.466	0	0	0	0	54591250	54591260	0
15848	0	0	4	55	-84.478	-23.154	-0.266	0	0	0	0	5	55	-82.822	-36.916	-0.306	0	0	0	0	6	55	-82.937	-31.464	11.393	0	0	0	0	7	55	-81.68	-30.378	-11.853	0	0	0	0	8	55	-86.396	-54.92	-3.231	0	0	0	0	9	55	-155.082	-2.382	0.979	0	0	0	0	10	55	3.766269E+28	-4.008539E+28	-3.279823E+28	0	0	0	0	1	0	-79.096	-19.595	0.977	5	5	5	4	2	0	-78.277	-10.303	0.035	5	5	5	1	0	0	-87.203	-5.704	-0.466	0	0	0	0	54591250	54591260	54591260
15865	0	0	4	55	-84.427	-23.341	-0.151	0	0	0	0	5	55	-82.669	-37.471	-0.317	0	0	0	0	6	55	-82.917	-31.62	11.442	0	0	0	0	7	55	-81.402	-30.896	-11.864	0	0	0	0	8	55	-86.331	-55.176	-3.127	0	0	0	0	9	55	-155.058	-2.672	0.98	0	0	0	0	10	55	3.777145E+28	-4.00426E+28	-3.272533E+28	0	0	0	0	1	0	-79.096	-19.595	0.977	5	5	5	4	2	0	-78.277	-10.303	0.035	5	5	5	1	0	0	-87.203	-5.704	-0.466	0	0	0	0	54591267	54591276	54591276
15882	0	0	4	55	-84.526	-23.359	-0.073	0	0	0	0	5	55	-82.665	-37.548	-0.231	0	0	0	0	6	55	-82.914	-31.783	11.359	0	0	0	0	7	55	-81.538	-30.738	-11.853	0	0	0	0	8	55	-86.351	-55.281	-3.133	0	0	0	0	9	55	-155.079	-2.799	0.944	0	0	0	0	10	55	3.783232E+28	-3.998981E+28	-3.271956E+28	0	0	0	0	1	0	-79.096	-19.595	0.977	5	5	5	4	2	0	-78.277	-10.303	0.035	5	5	5	1	0	0	-87.203	-5.704	-0.466	0	0	0	0	54591284	54591293	0
15882	0	0	4	55	-84.526	-23.359	-0.073	0	0	0	0	5	55	-82.665	-37.548	-0.231	0	0	0	0	6	55	-82.914	-31.783	11.359	0	0	0	0	7	55	-81.538	-30.738	-11.853	0	0	0	0	8	55	-86.351	-55.281	-3.133	0	0	0	0	9	55	-155.079	-2.799	0.944	0	0	0	0	10	55	3.783233E+28	-3.998981E+28	-3.271956E+28	0	0	0	0	1	0	-79.096	-19.595	0.977	5	5	5	4	2	0	-78.277	-10.303	0.035	5	5	5	1	0	0	-87.203	-5.704	-0.466	0	0	0	0	54591284	54591293	54591293
15899	0	0	4	55	-84.27	-23.491	-0.184	0	0	0	0	5	55	-82.699	-37.516	-0.239	0	0	0	0	6	55	-82.742	-31.851	11.495	0	0	0	0	7	55	-81.244	-30.937	-11.973	0	0	0	0	8	55	-86.427	-55.47	-2.969	0	0	0	0	9	55	-154.972	-2.728	0.986	0	0	0	0	10	55	3.780282E+28	-4.00627E+28	-3.266445E+28	0	0	0	0	1	0	-79.096	-19.595	0.977	5	5	5	4	2	0	-78.277	-10.303	0.035	5	5	5	1	0	0	-87.203	-5.704	-0.466	0	0	0	0	54591301	54591310	0
15899	0	0	4	55	-84.27	-23.491	-0.184	0	0	0	0	5	55	-82.699	-37.516	-0.239	0	0	0	0	6	55	-82.742	-31.851	11.495	0	0	0	0	7	55	-81.244	-30.937	-11.973	0	0	0	0	8	55	-86.427	-55.47	-2.969	0	0	0	0	9	55	-154.972	-2.728	0.986	0	0	0	0	10	55	3.780282E+28	-4.006271E+28	-3.266445E+28	0	0	0	0	1	0	-79.096	-19.595	0.977	5	5	5	4	2	0	-78.277	-10.303	0.035	5	5	5	1	0	0	-87.203	-5.704	-0.466	0	0	0	0	54591301	54591310	54591310
15915	0	0	4	55	-84.296	-23.489	-0.107	0	0	0	0	5	55	-82.681	-37.558	-0.31	0	0	0	0	6	55	-82.807	-31.82	11.475	0	0	0	0	7	55	-81.122	-31.215	-11.991	0	0	0	0	8	55	-86.384	-55.555	-3.11	0	0	0	0	9	55	-154.967	-2.704	0.905	0	0	0	0	10	55	3.781974E+28	-4.001974E+28	-3.269751E+28	0	0	0	0	1	0	-79.096	-19.595	0.977	5	5	5	4	2	0	-78.277	-10.303	0.035	5	5	5	1	0	0	-87.203	-5.704	-0.466	0	0	0	0	54591320	54591327	54591327
15932	0	0	4	55	-84.399	-23.351	-0.21	0	0	0	0	5	55	-82.722	-37.443	-0.218	0	0	0	0	6	55	-82.842	-31.784	11.444	0	0	0	0	7	55	-81.297	-30.85	-11.99	0	0	0	0	8	55	-86.485	-55.371	-3.107	0	0	0	0	9	55	-154.968	-2.669	0.862	0	0	0	0	10	55	3.780154E+28	-4.004115E+28	-3.269236E+28	0	0	0	0	1	0	-79.096	-19.595	0.977	5	5	5	4	2	0	-78.277	-10.303	0.035	5	5	5	1	0	0	-87.203	-5.704	-0.466	0	0	0	0	54591335	54591343	0
15932	0	0	4	55	-84.399	-23.351	-0.21	0	0	0	0	5	55	-82.722	-37.443	-0.218	0	0	0	0	6	55	-82.842	-31.784	11.444	0	0	0	0	7	55	-81.297	-30.85	-11.99	0	0	0	0	8	55	-86.485	-55.371	-3.107	0	0	0	0	9	55	-154.968	-2.669	0.862	0	0	0	0	10	55	3.780152E+28	-4.004115E+28	-3.269237E+28	0	0	0	0	1	0	-79.096	-19.595	0.977	5	5	5	4	2	0	-78.277	-10.303	0.035	5	5	5	1	0	0	-87.203	-5.704	-0.466	0	0	0	0	54591335	54591343	54591343
15948	0	0	4	55	-84.388	-23.311	-0.134	0	0	0	0	5	55	-82.728	-37.477	-0.222	0	0	0	0	6	55	-82.805	-31.69	11.495	0	0	0	0	7	55	-81.287	-30.852	-11.954	0	0	0	0	8	55	-86.523	-55.332	-3.05	0	0	0	0	9	55	-154.956	-2.564	0.944	0	0	0	0	10	55	3.774704E+28	-4.007613E+28	-3.271246E+28	0	0	0	0	1	0	-79.096	-19.595	0.977	5	5	5	4	2	0	-78.277	-10.303	0.035	5	5	5	1	0	0	-87.203	-5.704	-0.466	0	0	0	0	54591350	54591360	0
15949	0	0	4	55	-84.388	-23.311	-0.134	0	0	0	0	5	55	-82.728	-37.477	-0.222	0	0	0	0	6	55	-82.805	-31.69	11.495	0	0	0	0	7	55	-81.287	-30.852	-11.954	0	0	0	0	8	55	-86.523	-55.332	-3.05	0	0	0	0	9	55	-154.956	-2.565	0.944	0	0	0	0	10	55	3.774704E+28	-4.007612E+28	-3.271246E+28	0	0	0	0	1	0	-79.096	-19.595	0.977	5	5	5	4	2	0	-78.277	-10.303	0.035	5	5	5	1	0	0	-87.203	-5.704	-0.466	0	0	0	0	54591350	54591360	54591360
15965	0	0	4	55	-84.346	-23.315	-0.115	0	0	0	0	5	55	-82.796	-37.288	-0.208	0	0	0	0	6	55	-82.869	-31.682	11.48	0	0	0	0	7	55	-81.305	-30.896	-11.974	0	0	0	0	8	55	-86.601	-55.244	-3.063	0	0	0	0	9	55	-154.939	-2.38	0.893	0	0	0	0	10	55	3.769835E+28	-4.014454E+28	-3.26847E+28	0	0	0	0	1	0	-79.096	-19.595	0.977	5	5	5	4	2	0	-78.277	-10.303	0.035	5	5	5	1	0	0	-87.203	-5.704	-0.466	0	0	0	0	54591369	54591377	54591377
15982	0	0	4	55	-84.314	-23.506	-0.306	0	0	0	0	5	55	-82.719	-37.546	-0.333	0	0	0	0	6	55	-82.792	-31.925	11.382	0	0	0	0	7	55	-81.172	-31.224	-12.029	0	0	0	0	8	55	-86.502	-55.507	-3.152	0	0	0	0	9	55	-154.923	-2.735	0.747	0	0	0	0	10	55	3.782906E+28	-4.006168E+28	-3.263532E+28	0	0	0	0	1	0	-79.096	-19.595	0.977	5	5	5	4	2	0	-78.277	-10.303	0.035	5	5	5	1	0	0	-87.203	-5.704	-0.466	0	0	0	0	54591385	54591393	0
15982	0	0	4	55	-84.314	-23.506	-0.306	0	0	0	0	5	55	-82.719	-37.546	-0.333	0	0	0	0	6	55	-82.792	-31.925	11.382	0	0	0	0	7	55	-81.172	-31.224	-12.029	0	0	0	0	8	55	-86.502	-55.507	-3.152	0	0	0	0	9	55	-154.923	-2.735	0.747	0	0	0	0	10	55	3.782905E+28	-4.006169E+28	-3.263532E+28	0	0	0	0	1	0	-79.096	-19.595	0.977	5	5	5	4	2	0	-78.277	-10.303	0.035	5	5	5	1	0	0	-87.203	-5.704	-0.466	0	0	0	0	54591385	54591393	54591393
15998	0	0	4	55	-84.534	-23.525	-0.158	0	0	0	0	5	55	-82.764	-37.534	-0.388	0	0	0	0	6	55	-82.87	-31.954	11.257	0	0	0	0	7	55	-81.328	-30.655	-11.991	0	0	0	0	8	55	-86.541	-55.494	-3.238	0	0	0	0	9	55	-154.944	-2.714	0.662	0	0	0	0	10	55	3.784513E+28	-4.006714E+28	-3.260997E+28	0	0	0	0	1	0	-79.096	-19.595	0.977	5	5	5	4	2	0	-78.277	-10.303	0.035	5	5	5	1	0	0	-87.203	-5.704	-0.466	0	0	0	0	54591401	54591410	0
15998	0	0	4	55	-84.534	-23.525	-0.158	0	0	0	0	5	55	-82.764	-37.534	-0.388	0	0	0	0	6	55	-82.87	-31.954	11.257	0	0	0	0	7	55	-81.328	-30.655	-11.991	0	0	0	0	8	55	-86.541	-55.494	-3.238	0	0	0	0	9	55	-154.944	-2.714	0.662	0	0	0	0	10	55	3.784514E+28	-4.006714E+28	-3.260996E+28	0	0	0	0	1	0	-79.096	-19.595	0.977	5	5	5	4	2	0	-78.277	-10.303	0.035	5	5	5	1	0	0	-87.203	-5.704	-0.466	0	0	0	0	54591402	54591410	54591410
16015	0	0	4	55	-84.416	-23.56	-0.131	0	0	0	0	5	55	-82.784	-37.612	-0.189	0	0	0	0	6	55	-82.83	-31.935	11.384	0	0	0	0	7	55	-81.286	-31.332	-11.975	0	0	0	0	8	55	-86.567	-55.579	-3.033	0	0	0	0	9	55	-154.919	-2.779	0.789	0	0	0	0	10	55	3.784552E+28	-4.011266E+28	-3.25535E+28	0	0	0	0	1	0	-79.096	-19.595	0.977	5	5	5	4	2	0	-78.277	-10.303	0.035	5	5	5	1	0	0	-87.203	-5.704	-0.466	0	0	0	0	54591417	54591426	54591426
16032	0	0	4	55	-84.404	-23.465	-0.128	0	0	0	0	5	55	-82.952	-37.509	-0.092	0	0	0	0	6	55	-82.941	-31.871	11.409	0	0	0	0	7	55	-81.095	-30.999	-11.753	0	0	0	0	8	55	-86.667	-55.464	-3.009	0	0	0	0	9	55	-154.928	-2.619	0.862	0	0	0	0	10	55	3.778209E+28	-4.013308E+28	-3.260198E+28	0	0	0	0	1	0	-79.096	-19.595	0.977	5	5	5	4	2	0	-78.277	-10.303	0.035	5	5	5	1	0	0	-87.203	-5.704	-0.466	0	0	0	0	54591434	54591443	0
16032	0	0	4	55	-84.404	-23.465	-0.128	0	0	0	0	5	55	-82.952	-37.509	-0.092	0	0	0	0	6	55	-82.941	-31.871	11.409	0	0	0	0	7	55	-81.095	-30.999	-11.753	0	0	0	0	8	55	-86.667	-55.464	-3.009	0	0	0	0	9	55	-154.928	-2.619	0.862	0	0	0	0	10	55	3.778209E+28	-4.013307E+28	-3.260199E+28	0	0	0	0	1	0	-79.096	-19.595	0.977	5	5	5	4	2	0	-78.277	-10.303	0.035	5	5	5	1	0	0	-87.203	-5.704	-0.466	0	0	0	0	54591434	54591443	54591443
16049	0	0	4	55	-84.527	-23.698	-0.037	0	0	0	0	5	55	-83.117	-37.572	-0.061	0	0	0	0	6	55	-82.971	-31.922	11.423	0	0	0	0	7	55	-81.134	-31.113	-11.813	0	0	0	0	8	55	-86.722	-55.529	-2.975	0	0	0	0	9	55	-154.976	-2.737	0.852	0	0	0	0	10	55	3.782565E+28	-4.012645E+28	-3.255961E+28	0	0	0	0	1	0	-79.096	-19.595	0.977	5	5	5	4	2	0	-78.277	-10.303	0.035	5	5	5	1	0	0	-87.203	-5.704	-0.466	0	0	0	0	54591451	54591460	0
16049	0	0	4	55	-84.527	-23.698	-0.037	0	0	0	0	5	55	-83.117	-37.572	-0.061	0	0	0	0	6	55	-82.971	-31.922	11.423	0	0	0	0	7	55	-81.134	-31.113	-11.813	0	0	0	0	8	55	-86.722	-55.529	-2.975	0	0	0	0	9	55	-154.976	-2.737	0.852	0	0	0	0	10	55	3.782565E+28	-4.012644E+28	-3.255961E+28	0	0	0	0	1	0	-79.096	-19.595	0.977	5	5	5	4	2	0	-78.277	-10.303	0.035	5	5	5	1	0	0	-87.203	-5.704	-0.466	0	0	0	0	54591452	54591460	54591460
16065	0	0	4	55	-84.607	-23.621	-0.037	0	0	0	0	5	55	-83.088	-37.624	-0.218	0	0	0	0	6	55	-82.953	-31.923	11.439	0	0	0	0	7	55	-81.274	-31.596	-12.04	0	0	0	0	8	55	-86.831	-55.484	-3.043	0	0	0	0	9	55	-154.952	-2.671	0.886	0	0	0	0	10	55	3.778427E+28	-4.009765E+28	-3.264303E+28	0	0	0	0	1	0	-79.096	-19.595	0.977	5	5	5	4	2	0	-78.277	-10.303	0.035	5	5	5	1	0	0	-87.203	-5.704	-0.466	0	0	0	0	54591468	54591476	54591476
16082	0	0	4	55	-84.694	-23.442	0.161	0	0	0	0	5	55	-83.222	-37.459	-0.08	0	0	0	0	6	55	-83.029	-31.847	11.543	0	0	0	0	7	55	-81.447	-31.013	-11.688	0	0	0	0	8	55	-87.066	-55.289	-2.902	0	0	0	0	9	55	-154.96	-2.33	1.2	0	0	0	0	10	55	3.759807E+28	-4.017412E+28	-3.276377E+28	0	0	0	0	1	0	-79.096	-19.595	0.977	5	5	5	4	2	0	-78.277	-10.303	0.035	5	5	5	1	0	0	-87.203	-5.704	-0.466	0	0	0	0	54591485	54591493	0
16082	0	0	4	55	-84.694	-23.442	0.161	0	0	0	0	5	55	-83.222	-37.459	-0.08	0	0	0	0	6	55	-83.029	-31.847	11.543	0	0	0	0	7	55	-81.447	-31.013	-11.688	0	0	0	0	8	55	-87.066	-55.289	-2.902	0	0	0	0	9	55	-154.96	-2.33	1.2	0	0	0	0	10	55	3.759807E+28	-4.017412E+28	-3.276378E+28	0	0	0	0	1	0	-79.096	-19.595	0.977	5	5	5	4	2	0	-78.277	-10.303	0.035	5	5	5	1	0	0	-87.203	-5.704	-0.466	0	0	0	0	54591485	54591493	54591493
16098	0	0	4	55	-84.767	-23.478	0.01	0	0	0	0	5	55	-83.29	-37.5	-0.105	0	0	0	0	6	55	-83.135	-31.754	11.517	0	0	0	0	7	55	-81.475	-31.03	-11.722	0	0	0	0	8	55	-87.114	-55.315	-2.938	0	0	0	0	9	55	-154.983	-2.326	1.184	0	0	0	0	10	55	3.75987E+28	-4.014989E+28	-3.279273E+28	0	0	0	0	1	0	-79.096	-19.595	0.977	5	5	5	4	2	0	-78.277	-10.303	0.035	5	5	5	1	0	0	-87.203	-5.704	-0.466	0	0	0	0	54591500	54591510	0
16099	0	0	4	55	-84.767	-23.478	0.01	0	0	0	0	5	55	-83.29	-37.5	-0.105	0	0	0	0	6	55	-83.135	-31.754	11.517	0	0	0	0	7	55	-81.475	-31.03	-11.722	0	0	0	0	8	55	-87.114	-55.315	-2.938	0	0	0	0	9	55	-154.983	-2.326	1.184	0	0	0	0	10	55	3.759871E+28	-4.014989E+28	-3.279273E+28	0	0	0	0	1	0	-79.096	-19.595	0.977	5	5	5	4	2	0	-78.277	-10.303	0.035	5	5	5	1	0	0	-87.203	-5.704	-0.466	0	0	0	0	54591500	54591510	54591510
16115	0	0	4	55	-84.862	-23.462	0.083	0	0	0	0	5	55	-83.386	-37.476	-0.095	0	0	0	0	6	55	-83.18	-31.777	11.523	0	0	0	0	7	55	-81.492	-30.913	-11.717	0	0	0	0	8	55	-87.131	-55.335	-2.971	0	0	0	0	9	55	-154.982	-2.327	1.185	0	0	0	0	10	55	3.759358E+28	-4.016003E+28	-3.278618E+28	0	0	0	0	1	0	-79.096	-19.595	0.977	5	5	5	4	2	0	-78.277	-10.303	0.035	5	5	5	1	0	0	-87.203	-5.704	-0.466	0	0	0	0	54591518	54591526	54591526
16131	0	0	4	55	-84.822	-23.514	0.041	0	0	0	0	5	55	-83.444	-37.495	-0.108	0	0	0	0	6	55	-83.203	-31.847	11.491	0	0	0	0	7	55	-81.517	-30.982	-11.752	0	0	0	0	8	55	-87.116	-55.38	-3.049	0	0	0	0	9	55	-154.955	-2.373	1.137	0	0	0	0	10	55	3.761448E+28	-4.01447E+28	-3.2781E+28	0	0	0	0	1	0	-79.096	-19.595	0.977	5	5	5	4	2	0	-78.277	-10.303	0.035	5	5	5	1	0	0	-87.203	-5.704	-0.466	0	0	0	0	54591534	54591543	0
16132	0	0	4	55	-84.822	-23.514	0.041	0	0	0	0	5	55	-83.444	-37.495	-0.108	0	0	0	0	6	55	-83.203	-31.847	11.491	0	0	0	0	7	55	-81.517	-30.982	-11.752	0	0	0	0	8	55	-87.116	-55.379	-3.049	0	0	0	0	9	55	-154.955	-2.373	1.137	0	0	0	0	10	55	3.761446E+28	-4.01447E+28	-3.278102E+28	0	0	0	0	1	0	-79.096	-19.595	0.977	5	5	5	4	2	0	-78.277	-10.303	0.035	5	5	5	1	0	0	-87.203	-5.704	-0.466	0	0	0	0	54591534	54591543	54591543
16148	0	0	4	55	-84.883	-23.351	0.035	0	0	0	0	5	55	-83.494	-37.377	-0.114	0	0	0	0	6	55	-83.264	-31.709	11.502	0	0	0	0	7	55	-81.569	-30.896	-11.756	0	0	0	0	8	55	-87.224	-55.21	-3.098	0	0	0	0	9	55	-154.876	-2.054	1.277	0	0	0	0	10	55	3.74682E+28	-4.01705E+28	-3.291662E+28	0	0	0	0	1	0	-79.096	-19.595	0.977	5	5	5	4	2	0	-78.277	-10.303	0.035	5	5	5	1	0	0	-87.203	-5.704	-0.466	0	0	0	0	54591551	54591560	0
16149	0	0	4	55	-84.883	-23.351	0.035	0	0	0	0	5	55	-83.494	-37.377	-0.114	0	0	0	0	6	55	-83.264	-31.709	11.502	0	0	0	0	7	55	-81.569	-30.896	-11.756	0	0	0	0	8	55	-87.224	-55.21	-3.098	0	0	0	0	9	55	-154.876	-2.054	1.277	0	0	0	0	10	55	3.74682E+28	-4.01705E+28	-3.291663E+28	0	0	0	0	1	0	-79.096	-19.595	0.977	5	5	5	4	2	0	-78.277	-10.303	0.035	5	5	5	1	0	0	-87.203	-5.704	-0.466	0	0	0	0	54591552	54591560	54591560
16165	0	0	4	55	-84.982	-23.607	0.123	0	0	0	0	5	55	-83.563	-37.589	-0.226	0	0	0	0	6	55	-83.202	-31.943	11.462	0	0	0	0	7	55	-81.421	-31.338	-11.931	0	0	0	0	8	55	-87.114	-55.431	-3.14	0	0	0	0	9	55	-154.835	-2.286	1.147	0	0	0	0	10	55	3.75841E+28	-4.014585E+28	-3.281441E+28	0	0	0	0	1	0	-79.096	-19.595	0.977	5	5	5	4	2	0	-78.277	-10.303	0.035	5	5	5	1	0	0	-87.203	-5.704	-0.466	0	0	0	0	54591567	54591576	54591576
16182	0	0	4	55	-84.914	-23.738	-0.014	0	0	0	0	5	55	-83.568	-37.709	-0.218	0	0	0	0	6	55	-83.232	-32.034	11.403	0	0	0	0	7	55	-81.613	-31.005	-11.824	0	0	0	0	8	55	-87.077	-55.548	-3.255	0	0	0	0	9	55	-154.865	-2.411	1.054	0	0	0	0	10	55	3.765449E+28	-4.00926E+28	-3.279881E+28	0	0	0	0	1	0	-79.096	-19.595	0.977	5	5	5	4	2	0	-78.277	-10.303	0.035	5	5	5	1	0	0	-87.203	-5.704	-0.466	0	0	0	0	54591584	54591593	0
16182	0	0	4	55	-84.914	-23.738	-0.014	0	0	0	0	5	55	-83.568	-37.709	-0.218	0	0	0	0	6	55	-83.232	-32.034	11.402	0	0	0	0	7	55	-81.613	-31.005	-11.824	0	0	0	0	8	55	-87.077	-55.548	-3.255	0	0	0	0	9	55	-154.865	-2.411	1.054	0	0	0	0	10	55	3.765448E+28	-4.00926E+28	-3.279882E+28	0	0	0	0	1	0	-79.096	-19.595	0.977	5	5	5	4	2	0	-78.277	-10.303	0.035	5	5	5	1	0	0	-87.203	-5.704	-0.466	0	0	0	0	54591584	54591593	54591593
16199	0	0	4	55	-85.08	-23.846	-0.037	0	0	0	0	5	55	-83.428	-37.745	-0.257	0	0	0	0	6	55	-83.304	-32.156	11.376	0	0	0	0	7	55	-81.617	-31.299	-11.812	0	0	0	0	8	55	-87.424	-55.842	-3.263	0	0	0	0	9	55	-154.863	-2.495	1.012	0	0	0	0	10	55	3.766942E+28	-4.010734E+28	-3.276363E+28	0	0	0	0	1	0	-79.096	-19.595	0.977	5	5	5	4	2	0	-78.277	-10.303	0.035	5	5	5	1	0	0	-87.203	-5.704	-0.466	0	0	0	0	54591601	54591610	0
16199	0	0	4	55	-85.08	-23.846	-0.037	0	0	0	0	5	55	-83.428	-37.745	-0.257	0	0	0	0	6	55	-83.304	-32.156	11.376	0	0	0	0	7	55	-81.617	-31.299	-11.812	0	0	0	0	8	55	-87.424	-55.842	-3.263	0	0	0	0	9	55	-154.863	-2.495	1.012	0	0	0	0	10	55	3.766941E+28	-4.010733E+28	-3.276365E+28	0	0	0	0	1	0	-79.096	-19.595	0.977	5	5	5	4	2	0	-78.277	-10.303	0.035	5	5	5	1	0	0	-87.203	-5.704	-0.466	0	0	0	0	54591601	54591610	54591610
16215	0	0	4	55	-84.899	-23.81	-0.368	0	0	0	0	5	55	-83.924	-37.929	-0.36	0	0	0	0	6	55	-83.548	-32.167	11.18	0	0	0	0	7	55	-81.819	-30.727	-11.596	0	0	0	0	8	55	-87.505	-55.858	-3.231	0	0	0	0	9	55	-154.808	-2.238	1.086	0	0	0	0	10	55	3.755109E+28	-4.012498E+28	-3.287767E+28	0	0	0	0	1	0	-79.096	-19.595	0.977	5	5	5	4	2	0	-78.277	-10.303	0.035	5	5	5	1	0	0	-87.203	-5.704	-0.466	0	0	0	0	54591619	54591627	54591627
16232	0	0	4	55	-85.045	-23.928	-0.354	0	0	0	0	5	55	-84.324	-37.971	-0.474	0	0	0	0	6	55	-83.712	-32.111	11.014	0	0	0	0	7	55	-82.036	-30.483	-11.405	0	0	0	0	8	55	-87.443	-55.987	-3.239	0	0	0	0	9	55	-154.787	-2.37	1.048	0	0	0	0	10	55	3.760225E+28	-4.015249E+28	-3.278549E+28	0	0	0	0	1	0	-79.096	-19.595	0.977	5	5	5	4	2	0	-78.277	-10.303	0.035	5	5	5	1	0	0	-87.203	-5.704	-0.466	0	0	0	0	54591634	54591643	0
16232	0	0	4	55	-85.045	-23.928	-0.354	0	0	0	0	5	55	-84.324	-37.971	-0.474	0	0	0	0	6	55	-83.712	-32.111	11.014	0	0	0	0	7	55	-82.036	-30.483	-11.405	0	0	0	0	8	55	-87.443	-55.987	-3.239	0	0	0	0	9	55	-154.787	-2.37	1.048	0	0	0	0	10	55	3.760225E+28	-4.015249E+28	-3.278548E+28	0	0	0	0	1	0	-79.096	-19.595	0.977	5	5	5	4	2	0	-78.277	-10.303	0.035	5	5	5	1	0	0	-87.203	-5.704	-0.466	0	0	0	0	54591634	54591643	54591643
16248	0	0	4	55	-85	-24.041	-0.442	0	0	0	0	5	55	-84.418	-37.99	-0.476	0	0	0	0	6	55	-83.762	-32.223	10.828	0	0	0	0	7	55	-82.329	-30.896	-11.279	0	0	0	0	8	55	-87.195	-56.214	-3.245	0	0	0	0	9	55	-154.779	-2.468	1.007	0	0	0	0	10	55	3.765497E+28	-4.015338E+28	-3.272382E+28	0	0	0	0	1	0	-79.096	-19.595	0.977	5	5	5	4	2	0	-78.277	-10.303	0.035	5	5	5	1	0	0	-87.203	-5.704	-0.466	0	0	0	0	54591650	54591660	0
16249	0	0	4	55	-85	-24.041	-0.442	0	0	0	0	5	55	-84.418	-37.99	-0.476	0	0	0	0	6	55	-83.762	-32.223	10.828	0	0	0	0	7	55	-82.329	-30.896	-11.279	0	0	0	0	8	55	-87.195	-56.214	-3.245	0	0	0	0	9	55	-154.779	-2.468	1.007	0	0	0	0	10	55	3.765497E+28	-4.015338E+28	-3.272383E+28	0	0	0	0	1	0	-79.096	-19.595	0.977	5	5	5	4	2	0	-78.277	-10.303	0.035	5	5	5	1	0	0	-87.203	-5.704	-0.466	0	0	0	0	54591650	54591660	54591660
16265	0	0	4	55	-84.969	-23.929	-0.402	0	0	0	0	5	55	-84.611	-37.915	-0.444	0	0	0	0	6	55	-83.692	-32.006	10.943	0	0	0	0	7	55	-82.291	-31.104	-11.362	0	0	0	0	8	55	-86.96	-56.039	-3.167	0	0	0	0	9	55	-154.787	-2.415	1.164	0	0	0	0	10	55	3.759241E+28	-4.017369E+28	-3.27708E+28	0	0	0	0	1	0	-79.096	-19.595	0.977	5	5	5	4	2	0	-78.277	-10.303	0.035	5	5	5	1	0	0	-87.203	-5.704	-0.466	0	0	0	0	54591667	54591676	54591676
16282	0	0	4	55	-85.085	-23.908	-0.318	0	0	0	0	5	55	-84.704	-37.78	-0.388	0	0	0	0	6	55	-83.626	-31.965	10.907	0	0	0	0	7	55	-82.247	-30.886	-11.204	0	0	0	0	8	55	-86.768	-56.072	-3.116	0	0	0	0	9	55	-154.735	-2.438	1.127	0	0	0	0	10	55	3.76169E+28	-4.020943E+28	-3.269879E+28	0	0	0	0	1	0	-79.096	-19.595	0.977	5	5	5	4	2	0	-78.277	-10.303	0.035	5	5	5	1	0	0	-87.203	-5.704	-0.466	0	0	0	0	54591685	54591693	0
16282	0	0	4	55	-85.403	-23.93	-0.351	0	0	0	0	5	55	-84.605	-37.743	-0.459	0	0	0	0	6	55	-83.569	-32.186	10.663	0	0	0	0	7	55	-81.967	-30.61	-11.386	0	0	0	0	8	55	-86.813	-55.903	-3.129	0	0	0	0	9	55	-154.747	-2.406	1.135	0	0	0	0	10	55	3.761165E+28	-4.018597E+28	-3.273365E+28	0	0	0	0	1	0	-79.096	-19.595	0.977	5	5	5	4	2	0	-78.277	-10.303	0.035	5	5	5	1	0	0	-87.203	-5.704	-0.466	0	0	0	0	54591685	54591693	54591693
16298	0	0	4	55	-85.385	-24.028	-0.548	0	0	0	0	5	55	-84.545	-37.802	-0.506	0	0	0	0	6	55	-83.557	-31.998	10.861	0	0	0	0	7	55	-82.123	-30.64	-11.322	0	0	0	0	8	55	-86.777	-55.914	-3.19	0	0	0	0	9	55	-154.768	-2.541	1.133	0	0	0	0	10	55	3.766649E+28	-4.011467E+28	-3.275803E+28	0	0	0	0	1	0	-79.096	-19.595	0.977	5	5	5	4	2	0	-78.277	-10.303	0.035	5	5	5	1	0	0	-87.203	-5.704	-0.466	0	0	0	0	54591701	54591710	0
16298	0	0	4	55	-85.385	-24.028	-0.548	0	0	0	0	5	55	-84.545	-37.802	-0.506	0	0	0	0	6	55	-83.557	-31.998	10.861	0	0	0	0	7	55	-82.123	-30.64	-11.322	0	0	0	0	8	55	-86.777	-55.914	-3.19	0	0	0	0	9	55	-154.768	-2.541	1.133	0	0	0	0	10	55	3.766649E+28	-4.011467E+28	-3.275803E+28	0	0	0	0	1	0	-79.096	-19.595	0.977	5	5	5	4	2	0	-78.277	-10.303	0.035	5	5	5	1	0	0	-87.203	-5.704	-0.466	0	0	0	0	54591701	54591710	54591710
16315	0	0	4	55	-85.225	-24.221	-0.452	0	0	0	0	5	55	-84.462	-37.913	-0.771	0	0	0	0	6	55	-83.431	-32.168	10.835	0	0	0	0	7	55	-81.998	-31.333	-11.683	0	0	0	0	8	55	-86.409	-56.21	-3.247	0	0	0	0	9	55	-154.862	-2.78	1.005	0	0	0	0	10	55	3.779303E+28	-4.004824E+28	-3.269351E+28	0	0	0	0	1	0	-79.096	-19.595	0.977	5	5	5	4	2	0	-78.277	-10.303	0.035	5	5	5	1	0	0	-87.203	-5.704	-0.466	0	0	0	0	54591718	54591726	54591726
16332	0	0	4	55	-85.181	-24.287	-0.659	0	0	0	0	5	55	-84.413	-37.889	-0.805	0	0	0	0	6	55	-83.394	-32.48	10.581	0	0	0	0	7	55	-81.653	-31.706	-11.784	0	0	0	0	8	55	-86.461	-56.082	-3.404	0	0	0	0	9	55	-154.852	-2.795	0.974	0	0	0	0	10	55	3.780195E+28	-4.001959E+28	-3.271827E+28	0	0	0	0	1	0	-79.096	-19.595	0.977	5	5	5	4	2	0	-78.277	-10.303	0.035	5	5	5	1	0	0	-87.203	-5.704	-0.466	0	0	0	0	54591734	54591743	0
16332	0	0	4	55	-85.181	-24.287	-0.659	0	0	0	0	5	55	-84.413	-37.889	-0.805	0	0	0	0	6	55	-83.394	-32.48	10.581	0	0	0	0	7	55	-81.653	-31.706	-11.784	0	0	0	0	8	55	-86.461	-56.082	-3.404	0	0	0	0	9	55	-154.852	-2.795	0.974	0	0	0	0	10	55	3.780193E+28	-4.001959E+28	-3.271827E+28	0	0	0	0	1	0	-79.096	-19.595	0.977	5	5	5	4	2	0	-78.277	-10.303	0.035	5	5	5	1	0	0	-87.203	-5.704	-0.466	0	0	0	0	54591734	54591743	54591743
16348	0	0	4	55	-84.993	-24.374	-0.791	0	0	0	0	5	55	-84.308	-37.879	-0.912	0	0	0	0	6	55	-83.277	-32.473	10.828	0	0	0	0	7	55	-81.942	-31.026	-11.715	0	0	0	0	8	55	-86.283	-56.098	-3.536	0	0	0	0	9	55	-154.915	-2.72	1.047	0	0	0	0	10	55	3.775413E+28	-3.997884E+28	-3.282313E+28	0	0	0	0	1	0	-79.096	-19.595	0.977	5	5	5	4	2	0	-78.277	-10.303	0.035	5	5	5	1	0	0	-87.203	-5.704	-0.466	0	0	0	0	54591751	54591760	0
16348	0	0	4	55	-84.993	-24.374	-0.791	0	0	0	0	5	55	-84.308	-37.879	-0.912	0	0	0	0	6	55	-83.277	-32.473	10.828	0	0	0	0	7	55	-81.942	-31.026	-11.715	0	0	0	0	8	55	-86.283	-56.098	-3.536	0	0	0	0	9	55	-154.915	-2.72	1.047	0	0	0	0	10	55	3.775413E+28	-3.997883E+28	-3.282314E+28	0	0	0	0	1	0	-79.096	-19.595	0.977	5	5	5	4	2	0	-78.277	-10.303	0.035	5	5	5	1	0	0	-87.203	-5.704	-0.466	0	0	0	0	54591751	54591760	54591760
16365	0	0	4	55	-84.802	-24.669	-0.896	0	0	0	0	5	55	-84.345	-37.912	-1.058	0	0	0	0	6	55	-83.148	-32.678	10.782	0	0	0	0	7	55	-81.896	-31.402	-11.988	0	0	0	0	8	55	-86.352	-55.933	-3.569	0	0	0	0	9	55	-154.976	-2.691	1.02	0	0	0	0	10	55	3.774826E+28	-3.993752E+28	-3.288013E+28	0	0	0	0	1	0	-79.096	-19.595	0.977	5	5	5	4	2	0	-78.277	-10.303	0.035	5	5	5	1	0	0	-87.203	-5.704	-0.466	0	0	0	0	54591768	54591776	54591776
16381	0	0	4	55	-84.257	-25.045	-1.075	0	0	0	0	5	55	-84.102	-38.048	-1.141	0	0	0	0	6	55	-82.76	-33.034	10.837	0	0	0	0	7	55	-81.218	-32.114	-12.439	0	0	0	0	8	55	-86.311	-55.858	-3.541	0	0	0	0	9	55	-154.696	-2.883	0.675	0	0	0	0	10	55	3.775432E+28	-3.99673E+28	-3.283696E+28	0	0	0	0	1	0	-79.096	-19.595	0.977	5	5	5	4	2	0	-78.277	-10.303	0.035	5	5	5	1	0	0	-87.203	-5.704	-0.466	0	0	0	0	54591785	54591793	0
16382	0	0	4	55	-84.257	-25.045	-1.075	0	0	0	0	5	55	-84.102	-38.048	-1.141	0	0	0	0	6	55	-82.76	-33.034	10.837	0	0	0	0	7	55	-81.218	-32.114	-12.439	0	0	0	0	8	55	-86.311	-55.858	-3.541	0	0	0	0	9	55	-154.696	-2.883	0.675	0	0	0	0	10	55	3.775431E+28	-3.99673E+28	-3.283697E+28	0	0	0	0	1	0	-79.096	-19.595	0.977	5	5	5	4	2	0	-78.277	-10.303	0.035	5	5	5	1	0	0	-87.203	-5.704	-0.466	0	0	0	0	54591785	54591793	54591793
16398	0	0	4	55	-83.896	-25.152	-1.081	0	0	0	0	5	55	-83.899	-37.997	-1.025	0	0	0	0	6	55	-82.594	-32.977	10.894	0	0	0	0	7	55	-81.246	-31.804	-12.218	0	0	0	0	8	55	-86.242	-55.738	-3.595	0	0	0	0	9	55	-154.3	-2.592	0.884	0	0	0	0	10	55	3.773976E+28	-4.002844E+28	-3.277917E+28	0	0	0	0	1	0	-79.096	-19.595	0.977	5	5	5	4	2	0	-78.277	-10.303	0.035	5	5	5	1	0	0	-87.203	-5.704	-0.466	0	0	0	0	54591802	54591810	0
16399	0	0	4	55	-83.896	-25.152	-1.081	0	0	0	0	5	55	-83.899	-37.997	-1.025	0	0	0	0	6	55	-82.594	-32.977	10.894	0	0	0	0	7	55	-81.246	-31.804	-12.218	0	0	0	0	8	55	-86.242	-55.738	-3.595	0	0	0	0	9	55	-154.3	-2.592	0.884	0	0	0	0	10	55	3.773976E+28	-4.002844E+28	-3.277916E+28	0	0	0	0	1	0	-79.096	-19.595	0.977	5	5	5	4	2	0	-78.277	-10.303	0.035	5	5	5	1	0	0	-87.203	-5.704	-0.466	0	0	0	0	54591802	54591810	54591810
16415	0	0	4	55	-82.409	-25.608	-1.079	0	0	0	0	5	55	-83.32	-37.869	-0.974	0	0	0	0	6	55	-82.032	-33.227	11.181	0	0	0	0	7	55	-80.952	-32.001	-12.224	0	0	0	0	8	55	-86.025	-55.547	-3.447	0	0	0	0	9	55	-153.806	-2.265	0.832	0	0	0	0	10	55	3.772393E+28	-3.999628E+28	-3.28366E+28	0	0	0	0	1	0	-79.096	-19.595	0.977	5	5	5	4	2	0	-78.277	-10.303	0.035	5	5	5	1	0	0	-87.203	-5.704	-0.466	0	0	0	0	54591818	54591826	54591826
16431	0	0	4	55	-80.566	-25.098	-0.255	0	0	0	0	5	55	-82.107	-37.173	-0.169	0	0	0	0	6	55	-81.415	-32.663	11.836	0	0	0	0	7	55	-80.648	-31.5	-11.735	0	0	0	0	8	55	-85.801	-54.518	-2.96	0	0	0	0	9	55	-153.007	-1.333	1.402	0	0	0	0	10	55	3.769134E+28	-4.001005E+28	-3.285724E+28	0	0	0	0	1	0	-79.096	-19.595	0.977	5	5	5	4	2	0	-78.277	-10.303	0.035	5	5	5	1	0	0	-87.203	-5.704	-0.466	0	0	0	0	54591834	54591843	0
16432	0	0	4	55	-80.566	-25.098	-0.255	0	0	0	0	5	55	-82.107	-37.173	-0.169	0	0	0	0	6	55	-81.415	-32.663	11.836	0	0	0	0	7	55	-80.648	-31.5	-11.735	0	0	0	0	8	55	-85.801	-54.518	-2.96	0	0	0	0	9	55	-153.007	-1.333	1.402	0	0	0	0	10	55	3.769134E+28	-4.001005E+28	-3.285724E+28	0	0	0	0	1	0	-79.096	-19.595	0.977	5	5	5	4	2	0	-78.277	-10.303	0.035	5	5	5	1	0	0	-87.203	-5.704	-0.466	0	0	0	0	54591834	54591843	54591843
16449	0	0	4	55	-79.94	-25.212	-0.044	0	0	0	0	5	55	-81.227	-37.297	-0.551	0	0	0	0	6	55	-81.04	-32.927	11.978	0	0	0	0	7	55	-80.322	-32.433	-12.002	0	0	0	0	8	55	-85.64	-54.431	-3.153	0	0	0	0	9	55	-153.081	-1.511	1.364	0	0	0	0	10	55	3.791368E+28	-3.983525E+28	-3.28138E+28	0	0	0	0	1	0	-79.096	-19.595	0.977	5	5	5	4	2	0	-78.277	-10.303	0.035	5	5	5	1	0	0	-87.203	-5.704	-0.466	0	0	0	0	54591852	54591861	0
16449	0	0	4	55	-79.94	-25.211	-0.044	0	0	0	0	5	55	-81.227	-37.297	-0.551	0	0	0	0	6	55	-81.04	-32.927	11.978	0	0	0	0	7	55	-80.322	-32.433	-12.002	0	0	0	0	8	55	-85.64	-54.431	-3.153	0	0	0	0	9	55	-153.081	-1.511	1.364	0	0	0	0	10	55	3.791367E+28	-3.983526E+28	-3.28138E+28	0	0	0	0	1	0	-79.096	-19.595	0.977	5	5	5	4	2	0	-78.277	-10.303	0.035	5	5	5	1	0	0	-87.203	-5.704	-0.466	0	0	0	0	54591852	54591861	54591861
16465	0	0	4	55	-79.353	-24.997	-0.181	0	0	0	0	5	55	-80.955	-36.841	-0.667	0	0	0	0	6	55	-80.938	-32.913	11.95	0	0	0	0	7	55	-80.635	-32.074	-11.815	0	0	0	0	8	55	-85.731	-53.788	-3.037	0	0	0	0	9	55	-152.794	-1.289	1.587	0	0	0	0	10	55	3.797137E+28	-3.978095E+28	-3.281297E+28	0	0	0	0	1	0	-79.096	-19.595	0.977	5	5	5	4	2	0	-78.277	-10.303	0.035	5	5	5	1	0	0	-87.203	-5.704	-0.466	0	0	0	0	54591868	54591876	54591876
16482	0	0	4	55	-79.099	-24.746	-0.239	0	0	0	0	5	55	-80.828	-36.326	-0.691	0	0	0	0	6	55	-80.982	-32.631	11.929	0	0	0	0	7	55	-80.388	-32.236	-12.197	0	0	0	0	8	55	-86.07	-53.025	-3.221	0	0	0	0	9	55	-152.487	-0.819	1.899	0	0	0	0	10	55	3.795158E+28	-3.971883E+28	-3.291096E+28	0	0	0	0	1	0	-79.096	-19.595	0.977	5	5	5	4	2	0	-78.277	-10.303	0.035	5	5	5	1	0	0	-87.203	-5.704	-0.466	0	0	0	0	54591885	54591893	0
16482	0	0	4	55	-79.099	-24.746	-0.239	0	0	0	0	5	55	-80.828	-36.326	-0.69	0	0	0	0	6	55	-80.982	-32.631	11.929	0	0	0	0	7	55	-80.388	-32.236	-12.197	0	0	0	0	8	55	-86.07	-53.025	-3.221	0	0	0	0	9	55	-152.487	-0.819	1.899	0	0	0	0	10	55	3.795157E+28	-3.971883E+28	-3.291097E+28	0	0	0	0	1	0	-79.096	-19.595	0.977	5	5	5	4	2	0	-78.277	-10.303	0.035	5	5	5	1	0	0	-87.203	-5.704	-0.466	0	0	0	0	54591885	54591893	54591893
16498	0	0	4	55	-78.959	-24.604	-0.184	0	0	0	0	5	55	-80.585	-36.207	-0.733	0	0	0	0	6	55	-80.892	-32.572	11.895	0	0	0	0	7	55	-80.269	-32.204	-11.941	0	0	0	0	8	55	-85.988	-52.816	-3.255	0	0	0	0	9	55	-152.583	-0.893	1.779	0	0	0	0	10	55	3.800938E+28	-3.971381E+28	-3.285027E+28	0	0	0	0	1	0	-79.096	-19.595	0.977	5	5	5	4	2	0	-78.277	-10.303	0.035	5	5	5	1	0	0	-87.203	-5.704	-0.466	0	0	0	0	54591901	54591910	0
16498	0	0	4	55	-78.959	-24.604	-0.184	0	0	0	0	5	55	-80.585	-36.207	-0.733	0	0	0	0	6	55	-80.892	-32.572	11.895	0	0	0	0	7	55	-80.269	-32.204	-11.941	0	0	0	0	8	55	-85.988	-52.816	-3.255	0	0	0	0	9	55	-152.583	-0.893	1.779	0	0	0	0	10	55	3.800938E+28	-3.971381E+28	-3.285027E+28	0	0	0	0	1	0	-79.096	-19.595	0.977	5	5	5	4	2	0	-78.277	-10.303	0.035	5	5	5	1	0	0	-87.203	-5.704	-0.466	0	0	0	0	54591901	54591910	54591910
16515	0	0	4	55	-78.576	-24.282	-0.247	0	0	0	0	5	55	-80.044	-35.767	-0.645	0	0	0	0	6	55	-80.593	-32.404	11.837	0	0	0	0	7	55	-80.238	-32.019	-12.182	0	0	0	0	8	55	-85.902	-52.08	-3.269	0	0	0	0	9	55	-152.445	-0.512	1.898	0	0	0	0	10	55	3.788974E+28	-3.983654E+28	-3.283988E+28	0	0	0	0	1	1	-79.096	-19.595	0.977	5	5	5	4	2	0	-78.277	-10.303	0.035	5	5	5	1	0	0	-87.203	-5.704	-0.466	0	0	0	0	54591918	54591926	54591926
16532	0	0	4	55	-78.597	-24.158	-0.259	0	0	0	0	5	55	-80.009	-35.625	-0.658	0	0	0	0	6	55	-80.547	-32.227	11.998	0	0	0	0	7	55	-80.29	-32.238	-12.085	0	0	0	0	8	55	-86.053	-51.827	-3.287	0	0	0	0	9	55	-152.807	-0.665	1.858	0	0	0	0	10	55	3.792125E+28	-3.980701E+28	-3.283932E+28	0	0	0	0	1	2	-79.096	-19.595	0.977	5	5	5	4	2	0	-78.277	-10.303	0.035	5	5	5	1	0	0	-87.203	-5.704	-0.466	0	0	0	0	54591935	54591943	0
16532	0	0	4	55	-78.642	-24.083	-0.277	0	0	0	0	5	55	-79.978	-35.517	-0.706	0	0	0	0	6	55	-80.645	-32.249	11.9	0	0	0	0	7	55	-80.104	-32.506	-12.196	0	0	0	0	8	55	-86.142	-51.665	-3.328	0	0	0	0	9	55	-153.11	-0.863	1.782	0	0	0	0	10	55	3.799272E+28	-3.979748E+28	-3.276818E+28	0	0	0	0	1	2	-79.096	-19.595	0.977	5	5	5	4	2	0	-78.277	-10.303	0.035	5	5	5	1	0	0	-87.203	-5.704	-0.466	0	0	0	0	54591935	54591943	54591943
16548	0	0	4	55	-78.855	-23.845	-0.079	0	0	0	0	5	55	-80.145	-35.249	-0.731	0	0	0	0	6	55	-80.692	-32.254	11.884	0	0	0	0	7	55	-80.144	-31.83	-12.157	0	0	0	0	8	55	-86.24	-51.438	-3.275	0	0	0	0	9	55	-153.415	-0.825	2.065	0	0	0	0	10	55	3.792507E+28	-3.979806E+28	-3.284574E+28	0	0	0	0	1	2	-79.096	-19.595	0.977	5	5	5	4	2	0	-78.277	-10.303	0.035	5	5	5	1	0	0	-87.203	-5.704	-0.466	0	0	0	0	54591951	54591960	0
16549	0	0	4	55	-78.855	-23.845	-0.079	0	0	0	0	5	55	-80.145	-35.249	-0.731	0	0	0	0	6	55	-80.692	-32.254	11.884	0	0	0	0	7	55	-80.144	-31.83	-12.157	0	0	0	0	8	55	-86.24	-51.438	-3.275	0	0	0	0	9	55	-153.415	-0.825	2.065	0	0	0	0	10	55	3.792507E+28	-3.979806E+28	-3.284574E+28	0	0	0	0	1	2	-79.096	-19.595	0.977	5	5	5	4	2	0	-78.277	-10.303	0.035	5	5	5	1	0	0	-87.203	-5.704	-0.466	0	0	0	0	54591951	54591960	54591960
16565	0	0	4	55	-79.629	-23.599	-0.252	0	0	0	0	5	55	-80.605	-34.985	-0.768	0	0	0	0	6	55	-80.613	-32.174	11.888	0	0	0	0	7	55	-80.376	-31.408	-11.859	0	0	0	0	8	55	-86.162	-51.493	-3.222	0	0	0	0	9	55	-154.384	-1.252	1.999	0	0	0	0	10	55	3.802597E+28	-3.978003E+28	-3.27508E+28	0	0	0	0	1	2	-79.096	-19.595	0.977	5	5	5	4	2	0	-78.277	-10.303	0.035	5	5	5	1	0	0	-87.203	-5.704	-0.466	0	0	0	0	54591968	54591976	54591976
16582	0	0	4	55	-81.614	-22.854	-0.845	0	0	0	0	5	55	-81.839	-34.775	-0.761	0	0	0	0	6	55	-80.505	-32.261	11.831	0	0	0	0	7	55	-80.054	-31.628	-12.068	0	0	0	0	8	55	-86.329	-51.545	-3.287	0	0	0	0	9	55	-155.528	-2.12	1.88	0	0	0	0	10	55	3.809562E+28	-3.974815E+28	-3.270853E+28	0	0	0	0	1	2	-79.096	-19.595	0.977	5	5	5	4	2	0	-78.277	-10.303	0.035	5	5	5	1	0	0	-87.203	-5.704	-0.466	0	0	0	0	54591985	54591993	0
16582	0	0	4	55	-81.614	-22.854	-0.845	0	0	0	0	5	55	-81.839	-34.775	-0.761	0	0	0	0	6	55	-80.505	-32.261	11.831	0	0	0	0	7	55	-80.054	-31.628	-12.068	0	0	0	0	8	55	-86.329	-51.545	-3.287	0	0	0	0	9	55	-155.528	-2.12	1.88	0	0	0	0	10	55	3.809561E+28	-3.974815E+28	-3.270853E+28	0	0	0	0	1	2	-79.096	-19.595	0.977	5	5	5	4	2	0	-78.277	-10.303	0.035	5	5	5	1	0	0	-87.203	-5.704	-0.466	0	0	0	0	54591985	54591993	54591993
16598	0	0	4	55	-83.265	-22.432	-0.464	0	0	0	0	5	55	-82.627	-34.457	-0.766	0	0	0	0	6	55	-81.096	-31.334	11.38	0	0	0	0	7	55	-79.853	-31.365	-11.927	0	0	0	0	8	55	-86.659	-51.446	-3.23	0	0	0	0	9	55	-156.059	-2.237	1.927	0	0	0	0	10	55	3.799804E+28	-3.975449E+28	-3.281415E+28	0	0	0	0	1	0	-79.096	-19.595	0.977	5	5	5	4	2	0	-78.277	-10.303	0.035	5	5	5	1	0	0	-87.203	-5.704	-0.466	0	0	0	0	54592002	54592010	0
16598	0	0	4	55	-83.265	-22.432	-0.464	0	0	0	0	5	55	-82.627	-34.457	-0.766	0	0	0	0	6	55	-81.096	-31.334	11.38	0	0	0	0	7	55	-79.853	-31.365	-11.927	0	0	0	0	8	55	-86.659	-51.446	-3.23	0	0	0	0	9	55	-156.059	-2.236	1.927	0	0	0	0	10	55	3.799804E+28	-3.97545E+28	-3.281415E+28	0	0	0	0	1	0	-79.096	-19.595	0.977	5	5	5	4	2	0	-78.277	-10.303	0.035	5	5	5	1	0	0	-87.203	-5.704	-0.466	0	0	0	0	54592002	54592010	54592010
16615	0	0	4	55	-85.686	-23.367	-0.47	0	0	0	0	5	55	-84.041	-35.361	-0.792	0	0	0	0	6	55	-81.743	-31.27	11.266	0	0	0	0	7	55	-80.566	-31.584	-11.925	0	0	0	0	8	55	-86.863	-53.026	-3.037	0	0	0	0	9	55	-156.917	-3.243	1.833	0	0	0	0	10	55	3.819727E+28	-3.958565E+28	-3.278696E+28	0	0	0	0	1	0	-79.096	-19.595	0.977	5	5	5	4	2	0	-78.277	-10.303	0.035	5	5	5	1	0	0	-87.203	-5.704	-0.466	0	0	0	0	54592018	54592026	54592026
16632	0	0	4	55	-86.648	-23.764	-0.641	0	0	0	0	5	55	-84.587	-35.789	-0.759	0	0	0	0	6	55	-82.131	-31.486	11.079	0	0	0	0	7	55	-81.452	-30.777	-11.542	0	0	0	0	8	55	-87.058	-53.467	-3.097	0	0	0	0	9	55	-156.954	-3.178	1.831	0	0	0	0	10	55	3.80539E+28	-3.962633E+28	-3.290432E+28	0	0	0	0	1	0	-79.096	-19.595	0.977	5	5	5	4	2	0	-78.277	-10.303	0.035	5	5	5	1	0	0	-87.203	-5.704	-0.466	0	0	0	0	54592034	54592043	0
16632	0	0	4	55	-87.345	-24.191	-0.666	0	0	0	0	5	55	-84.993	-36.186	-0.758	0	0	0	0	6	55	-82.683	-31.727	10.855	0	0	0	0	7	55	-81.929	-29.899	-11.279	0	0	0	0	8	55	-87.214	-53.755	-3.114	0	0	0	0	9	55	-157.201	-3.271	1.842	0	0	0	0	10	55	3.805535E+28	-3.95849E+28	-3.295248E+28	0	0	0	0	1	0	-79.096	-19.595	0.977	5	5	5	4	2	0	-78.277	-10.303	0.035	5	5	5	1	0	0	-87.203	-5.704	-0.466	0	0	0	0	54592035	54592043	54592043
16648	0	0	4	55	-87.948	-24.569	-0.759	0	0	0	0	5	55	-85.462	-36.554	-0.809	0	0	0	0	6	55	-83.068	-31.811	10.907	0	0	0	0	7	55	-82.024	-30.947	-11.568	0	0	0	0	8	55	-87.275	-54.229	-3.215	0	0	0	0	9	55	-157.186	-3.346	1.824	0	0	0	0	10	55	3.807612E+28	-3.956919E+28	-3.294735E+28	0	0	0	0	1	0	-79.096	-19.595	0.977	5	5	5	4	2	0	-78.277	-10.303	0.035	5	5	5	1	0	0	-87.203	-5.704	-0.466	0	0	0	0	54592051	54592060	0
16648	0	0	4	55	-87.948	-24.569	-0.759	0	0	0	0	5	55	-85.462	-36.554	-0.809	0	0	0	0	6	55	-83.068	-31.811	10.907	0	0	0	0	7	55	-82.024	-30.947	-11.568	0	0	0	0	8	55	-87.275	-54.229	-3.215	0	0	0	0	9	55	-157.186	-3.346	1.824	0	0	0	0	10	55	3.807612E+28	-3.956919E+28	-3.294735E+28	0	0	0	0	1	0	-79.096	-19.595	0.977	5	5	5	4	2	0	-78.277	-10.303	0.035	5	5	5	1	0	0	-87.203	-5.704	-0.466	0	0	0	0	54592051	54592060	54592060
16665	0	0	4	55	-88.409	-24.458	-0.783	0	0	0	0	5	55	-86.155	-36.399	-0.534	0	0	0	0	6	55	-83.535	-31.63	10.941	0	0	0	0	7	55	-82.634	-30.814	-11.525	0	0	0	0	8	55	-87.49	-54.206	-3.141	0	0	0	0	9	55	-156.966	-2.726	1.914	0	0	0	0	10	55	3.775082E+28	-3.975831E+28	-3.309368E+28	0	0	0	0	1	0	-79.096	-19.595	0.977	5	5	5	4	2	0	-78.277	-10.303	0.035	5	5	5	1	0	0	-87.203	-5.704	-0.466	0	0	0	0	54592068	54592076	54592076
16683	0	0	4	55	-88.788	-24.344	-0.758	0	0	0	0	5	55	-86.489	-36.55	-0.505	0	0	0	0	6	55	-83.837	-31.643	10.705	0	0	0	0	7	55	-82.796	-30.633	-11.368	0	0	0	0	8	55	-87.629	-54.421	-3.136	0	0	0	0	9	55	-156.943	-2.629	2.062	0	0	0	0	10	55	3.769121E+28	-3.975778E+28	-3.31622E+28	0	0	0	0	1	0	-79.096	-19.595	0.977	5	5	5	4	2	0	-78.277	-10.303	0.035	5	5	5	1	0	0	-87.203	-5.704	-0.466	0	0	0	0	54592085	54592095	0
16683	0	0	4	55	-88.788	-24.344	-0.758	0	0	0	0	5	55	-86.489	-36.55	-0.505	0	0	0	0	6	55	-83.837	-31.643	10.705	0	0	0	0	7	55	-82.796	-30.633	-11.368	0	0	0	0	8	55	-87.629	-54.421	-3.136	0	0	0	0	9	55	-156.943	-2.629	2.062	0	0	0	0	10	55	3.769121E+28	-3.975778E+28	-3.31622E+28	0	0	0	0	1	0	-79.096	-19.595	0.977	5	5	5	4	2	0	-78.277	-10.303	0.035	5	5	5	1	0	0	-87.203	-5.704	-0.466	0	0	0	0	54592085	54592095	54592095
16698	0	0	4	55	-89.584	-24.549	-0.917	0	0	0	0	5	55	-87.223	-36.931	-0.516	0	0	0	0	6	55	-84.428	-31.875	10.394	0	0	0	0	7	55	-83.534	-30.819	-11.386	0	0	0	0	8	55	-87.753	-54.971	-3.184	0	0	0	0	9	55	-156.938	-3.086	1.92	0	0	0	0	10	55	3.77919E+28	-3.978303E+28	-3.301699E+28	0	0	0	0	1	0	-79.096	-19.595	0.977	5	5	5	4	2	0	-78.277	-10.303	0.035	5	5	5	1	0	0	-87.203	-5.704	-0.466	0	0	0	0	54592101	54592110	0
16699	0	0	4	55	-89.584	-24.549	-0.917	0	0	0	0	5	55	-87.223	-36.931	-0.516	0	0	0	0	6	55	-84.428	-31.875	10.394	0	0	0	0	7	55	-83.534	-30.819	-11.386	0	0	0	0	8	55	-87.753	-54.971	-3.184	0	0	0	0	9	55	-156.938	-3.086	1.92	0	0	0	0	10	55	3.77919E+28	-3.978303E+28	-3.3017E+28	0	0	0	0	1	0	-79.096	-19.595	0.977	5	5	5	4	2	0	-78.277	-10.303	0.035	5	5	5	1	0	0	-87.203	-5.704	-0.466	0	0	0	0	54592101	54592110	54592110
16715	0	0	4	55	-89.796	-24.528	-1.104	0	0	0	0	5	55	-87.7	-37.178	-0.533	0	0	0	0	6	55	-84.841	-31.918	10.136	0	0	0	0	7	55	-83.955	-30.881	-11.299	0	0	0	0	8	55	-87.908	-55.254	-3.229	0	0	0	0	9	55	-156.963	-3.291	1.789	0	0	0	0	10	55	3.779893E+28	-3.977953E+28	-3.301317E+28	0	0	0	0	1	0	-79.096	-19.595	0.977	5	5	5	4	2	0	-78.277	-10.303	0.035	5	5	5	1	0	0	-87.203	-5.704	-0.466	0	0	0	0	54592118	54592126	54592126
16732	0	0	4	55	-89.738	-24.763	-1.304	0	0	0	0	5	55	-87.835	-37.615	-0.597	0	0	0	0	6	55	-85.067	-32.078	10.16	0	0	0	0	7	55	-84.123	-31.648	-11.564	0	0	0	0	8	55	-88.029	-55.688	-3.213	0	0	0	0	9	55	-156.996	-3.487	1.654	0	0	0	0	10	55	3.782451E+28	-3.986091E+28	-3.288547E+28	0	0	0	0	1	0	-79.096	-19.595	0.977	5	5	5	4	2	0	-78.277	-10.303	0.035	5	5	5	1	0	0	-87.203	-5.704	-0.466	0	0	0	0	54592135	54592143	0
16732	0	0	4	55	-89.738	-24.763	-1.304	0	0	0	0	5	55	-87.835	-37.615	-0.597	0	0	0	0	6	55	-85.067	-32.078	10.16	0	0	0	0	7	55	-84.123	-31.648	-11.564	0	0	0	0	8	55	-88.029	-55.688	-3.213	0	0	0	0	9	55	-156.996	-3.487	1.654	0	0	0	0	10	55	3.782451E+28	-3.98609E+28	-3.288548E+28	0	0	0	0	1	0	-79.096	-19.595	0.977	5	5	5	4	2	0	-78.277	-10.303	0.035	5	5	5	1	0	0	-87.203	-5.704	-0.466	0	0	0	0	54592135	54592143	54592143
16748	0	0	4	55	-89.741	-24.858	-1.173	0	0	0	0	5	55	-87.957	-37.703	-0.735	0	0	0	0	6	55	-84.99	-32.205	10.039	0	0	0	0	7	55	-84.077	-32.001	-11.539	0	0	0	0	8	55	-88.127	-55.754	-3.153	0	0	0	0	9	55	-156.799	-3.54	1.656	0	0	0	0	10	55	3.777687E+28	-3.992897E+28	-3.285764E+28	0	0	0	0	1	0	-79.096	-19.595	0.977	5	5	5	4	2	0	-78.277	-10.303	0.035	5	5	5	1	0	0	-87.203	-5.704	-0.466	0	0	0	0	54592151	54592160	0
16748	0	0	4	55	-89.741	-24.858	-1.173	0	0	0	0	5	55	-87.957	-37.703	-0.735	0	0	0	0	6	55	-84.99	-32.205	10.039	0	0	0	0	7	55	-84.077	-32.001	-11.539	0	0	0	0	8	55	-88.127	-55.754	-3.153	0	0	0	0	9	55	-156.799	-3.54	1.656	0	0	0	0	10	55	3.777687E+28	-3.992898E+28	-3.285764E+28	0	0	0	0	1	0	-79.096	-19.595	0.977	5	5	5	4	2	0	-78.277	-10.303	0.035	5	5	5	1	0	0	-87.203	-5.704	-0.466	0	0	0	0	54592152	54592160	54592160
16765	0	0	4	55	-89.783	-25.142	-1.448	0	0	0	0	5	55	-88.273	-38.105	-0.728	0	0	0	0	6	55	-85.327	-32.438	9.969	0	0	0	0	7	55	-84.329	-32.137	-11.791	0	0	0	0	8	55	-88.352	-56.081	-3.311	0	0	0	0	9	55	-157.128	-4.066	1.217	0	0	0	0	10	55	3.792246E+28	-3.986604E+28	-3.276622E+28	0	0	0	0	1	0	-79.096	-19.595	0.977	5	5	5	4	2	0	-78.277	-10.303	0.035	5	5	5	1	0	0	-87.203	-5.704	-0.466	0	0	0	0	54592168	54592176	54592176
16781	0	0	4	55	-89.425	-24.773	-1.296	0	0	0	0	5	55	-88.36	-37.899	-0.509	0	0	0	0	6	55	-85.197	-32.349	10.038	0	0	0	0	7	55	-84.084	-31.515	-11.455	0	0	0	0	8	55	-88.336	-55.957	-3.136	0	0	0	0	9	55	-156.854	-3.662	1.34	0	0	0	0	10	55	3.775568E+28	-3.999264E+28	-3.280453E+28	0	0	0	0	1	0	-79.096	-19.595	0.977	5	5	5	4	2	0	-78.277	-10.303	0.035	5	5	5	1	0	0	-87.203	-5.704	-0.466	0	0	0	0	54592184	54592193	0
16782	0	0	4	55	-89.425	-24.773	-1.296	0	0	0	0	5	55	-88.36	-37.899	-0.509	0	0	0	0	6	55	-85.197	-32.349	10.038	0	0	0	0	7	55	-84.084	-31.515	-11.455	0	0	0	0	8	55	-88.336	-55.957	-3.136	0	0	0	0	9	55	-156.854	-3.662	1.34	0	0	0	0	10	55	3.775567E+28	-3.999263E+28	-3.280455E+28	0	0	0	0	1	0	-79.096	-19.595	0.977	5	5	5	4	2	0	-78.277	-10.303	0.035	5	5	5	1	0	0	-87.203	-5.704	-0.466	0	0	0	0	54592184	54592193	54592193
16798	0	0	4	55	-89.551	-24.688	-1.293	0	0	0	0	5	55	-88.303	-37.895	-0.573	0	0	0	0	6	55	-85.181	-32.235	10.075	0	0	0	0	7	55	-84.028	-31.839	-11.476	0	0	0	0	8	55	-88.501	-55.827	-3.145	0	0	0	0	9	55	-156.647	-3.584	1.327	0	0	0	0	10	55	3.762273E+28	-4.005278E+28	-3.28838E+28	0	0	0	0	1	0	-79.096	-19.595	0.977	5	5	5	4	2	0	-78.277	-10.303	0.035	5	5	5	1	0	0	-87.203	-5.704	-0.466	0	0	0	0	54592201	54592210	0
16799	0	0	4	55	-89.551	-24.688	-1.293	0	0	0	0	5	55	-88.303	-37.895	-0.573	0	0	0	0	6	55	-85.181	-32.235	10.075	0	0	0	0	7	55	-84.028	-31.839	-11.476	0	0	0	0	8	55	-88.501	-55.827	-3.145	0	0	0	0	9	55	-156.647	-3.584	1.328	0	0	0	0	10	55	3.762273E+28	-4.005278E+28	-3.288381E+28	0	0	0	0	1	0	-79.096	-19.595	0.977	5	5	5	4	2	0	-78.277	-10.303	0.035	5	5	5	1	0	0	-87.203	-5.704	-0.466	0	0	0	0	54592201	54592210	54592210
16815	0	0	4	55	-89.504	-24.653	-1.359	0	0	0	0	5	55	-88.471	-37.738	-0.489	0	0	0	0	6	55	-85.298	-32.148	10.118	0	0	0	0	7	55	-84.108	-31.431	-11.503	0	0	0	0	8	55	-88.708	-55.834	-3.195	0	0	0	0	9	55	-156.403	-3.375	1.555	0	0	0	0	10	55	3.754893E+28	-4.005639E+28	-3.296366E+28	0	0	0	0	1	0	-79.096	-19.595	0.977	5	5	5	4	2	0	-78.277	-10.303	0.035	5	5	5	1	0	0	-87.203	-5.704	-0.466	0	0	0	0	54592220	54592226	54592226
16832	0	0	4	55	-89.259	-24.427	-1.345	0	0	0	0	5	55	-88.417	-37.488	-0.537	0	0	0	0	6	55	-85.281	-31.853	10.197	0	0	0	0	7	55	-84.07	-31.262	-11.498	0	0	0	0	8	55	-88.601	-55.734	-3.195	0	0	0	0	9	55	-156.3	-3.075	1.509	0	0	0	0	10	55	3.749873E+28	-4.011652E+28	-3.294769E+28	0	0	0	0	1	0	-79.096	-19.595	0.977	5	5	5	4	2	0	-78.277	-10.303	0.035	5	5	5	1	0	0	-87.203	-5.704	-0.466	0	0	0	0	54592233	54592243	0
16832	0	0	4	55	-89.259	-24.427	-1.345	0	0	0	0	5	55	-88.417	-37.488	-0.537	0	0	0	0	6	55	-85.281	-31.853	10.197	0	0	0	0	7	55	-84.07	-31.262	-11.498	0	0	0	0	8	55	-88.601	-55.734	-3.195	0	0	0	0	9	55	-156.3	-3.075	1.509	0	0	0	0	10	55	3.749873E+28	-4.011651E+28	-3.294769E+28	0	0	0	0	1	0	-79.096	-19.595	0.977	5	5	5	4	2	0	-78.277	-10.303	0.035	5	5	5	1	0	0	-87.203	-5.704	-0.466	0	0	0	0	54592234	54592243	54592243
16848	0	0	4	55	-89.361	-24.465	-1.425	0	0	0	0	5	55	-88.407	-37.718	-0.81	0	0	0	0	6	55	-85.314	-31.969	10.131	0	0	0	0	7	55	-84.253	-31.734	-11.737	0	0	0	0	8	55	-88.939	-55.691	-3.333	0	0	0	0	9	55	-156.219	-3.061	1.435	0	0	0	0	10	55	3.751469E+28	-4.004532E+28	-3.301605E+28	0	0	0	0	1	0	-79.096	-19.595	0.977	5	5	5	4	2	0	-78.277	-10.303	0.035	5	5	5	1	0	0	-87.203	-5.704	-0.466	0	0	0	0	54592251	54592260	0
16848	0	0	4	55	-89.361	-24.465	-1.425	0	0	0	0	5	55	-88.407	-37.718	-0.81	0	0	0	0	6	55	-85.314	-31.969	10.131	0	0	0	0	7	55	-84.253	-31.734	-11.737	0	0	0	0	8	55	-88.939	-55.691	-3.333	0	0	0	0	9	55	-156.219	-3.061	1.435	0	0	0	0	10	55	3.751469E+28	-4.004533E+28	-3.301605E+28	0	0	0	0	1	0	-79.096	-19.595	0.977	5	5	5	4	2	0	-78.277	-10.303	0.035	5	5	5	1	0	0	-87.203	-5.704	-0.466	0	0	0	0	54592251	54592260	54592260
16865	0	0	4	55	-88.691	-24.183	-1.244	0	0	0	0	5	55	-87.857	-37.471	-0.533	0	0	0	0	6	55	-84.929	-31.778	10.33	0	0	0	0	7	55	-83.862	-31.356	-11.479	0	0	0	0	8	55	-88.569	-55.711	-3.075	0	0	0	0	9	55	-155.738	-2.637	1.554	0	0	0	0	10	55	3.742559E+28	-4.015986E+28	-3.297803E+28	0	0	0	0	1	0	-79.096	-19.595	0.977	5	5	5	4	2	0	-78.277	-10.303	0.035	5	5	5	1	0	0	-87.203	-5.704	-0.466	0	0	0	0	54592268	54592277	54592277
16882	0	0	4	55	-88.268	-24.206	-1.117	0	0	0	0	5	55	-87.612	-37.59	-0.363	0	0	0	0	6	55	-84.598	-31.804	10.368	0	0	0	0	7	55	-83.554	-31.421	-11.668	0	0	0	0	8	55	-88.605	-55.8	-3	0	0	0	0	9	55	-155.418	-2.521	1.505	0	0	0	0	10	55	3.750435E+28	-4.013779E+28	-3.291536E+28	0	0	0	0	1	0	-79.096	-19.595	0.977	5	5	5	4	2	0	-78.277	-10.303	0.035	5	5	5	1	0	0	-87.203	-5.704	-0.466	0	0	0	0	54592285	54592293	0
16882	0	0	4	55	-88.268	-24.206	-1.117	0	0	0	0	5	55	-87.612	-37.59	-0.363	0	0	0	0	6	55	-84.598	-31.804	10.368	0	0	0	0	7	55	-83.554	-31.421	-11.668	0	0	0	0	8	55	-88.605	-55.8	-3	0	0	0	0	9	55	-155.418	-2.521	1.505	0	0	0	0	10	55	3.750435E+28	-4.013779E+28	-3.291536E+28	0	0	0	0	1	0	-79.096	-19.595	0.977	5	5	5	4	2	0	-78.277	-10.303	0.035	5	5	5	1	0	0	-87.203	-5.704	-0.466	0	0	0	0	54592285	54592293	54592293
16898	0	0	4	55	-88.029	-24.338	-1.105	0	0	0	0	5	55	-87.397	-37.635	-0.278	0	0	0	0	6	55	-84.473	-31.876	10.542	0	0	0	0	7	55	-83.437	-31.543	-11.536	0	0	0	0	8	55	-88.519	-55.962	-2.958	0	0	0	0	9	55	-155.239	-2.494	1.591	0	0	0	0	10	55	3.753831E+28	-4.01202E+28	-3.289809E+28	0	0	0	0	1	0	-79.096	-19.595	0.977	5	5	5	4	2	0	-78.277	-10.303	0.035	5	5	5	1	0	0	-87.203	-5.704	-0.466	0	0	0	0	54592301	54592310	0
16899	0	0	4	55	-88.029	-24.338	-1.105	0	0	0	0	5	55	-87.397	-37.635	-0.278	0	0	0	0	6	55	-84.473	-31.876	10.542	0	0	0	0	7	55	-83.437	-31.543	-11.536	0	0	0	0	8	55	-88.519	-55.962	-2.958	0	0	0	0	9	55	-155.239	-2.494	1.591	0	0	0	0	10	55	3.753831E+28	-4.01202E+28	-3.289809E+28	0	0	0	0	1	0	-79.096	-19.595	0.977	5	5	5	4	2	0	-78.277	-10.303	0.035	5	5	5	1	0	0	-87.203	-5.704	-0.466	0	0	0	0	54592302	54592310	54592310
16915	0	0	4	55	-87.687	-24.382	-1.273	0	0	0	0	5	55	-87.202	-37.726	-0.343	0	0	0	0	6	55	-84.215	-32.11	10.32	0	0	0	0	7	55	-83.19	-31.545	-11.572	0	0	0	0	8	55	-88.756	-56.077	-3.014	0	0	0	0	9	55	-155.078	-2.301	1.459	0	0	0	0	10	55	3.755323E+28	-4.01278E+28	-3.287177E+28	0	0	0	0	1	0	-79.096	-19.595	0.977	5	5	5	4	2	0	-78.277	-10.303	0.035	5	5	5	1	0	0	-87.203	-5.704	-0.466	0	0	0	0	54592318	54592326	54592326
16932	0	0	4	55	-87.346	-24.539	-1.228	0	0	0	0	5	55	-86.882	-38	-0.379	0	0	0	0	6	55	-83.993	-32.265	10.496	0	0	0	0	7	55	-83.023	-32.091	-11.72	0	0	0	0	8	55	-88.918	-56.278	-3.02	0	0	0	0	9	55	-154.895	-2.423	1.534	0	0	0	0	10	55	3.759344E+28	-4.016569E+28	-3.277942E+28	0	0	0	0	1	0	-79.096	-19.595	0.977	5	5	5	4	2	0	-78.277	-10.303	0.035	5	5	5	1	0	0	-87.203	-5.704	-0.466	0	0	0	0	54592334	54592343	0
16932	0	0	4	55	-87.346	-24.539	-1.228	0	0	0	0	5	55	-86.882	-38	-0.379	0	0	0	0	6	55	-83.993	-32.265	10.496	0	0	0	0	7	55	-83.023	-32.091	-11.72	0	0	0	0	8	55	-88.918	-56.278	-3.02	0	0	0	0	9	55	-154.895	-2.423	1.534	0	0	0	0	10	55	3.759344E+28	-4.016569E+28	-3.277942E+28	0	0	0	0	1	0	-79.096	-19.595	0.977	5	5	5	4	2	0	-78.277	-10.303	0.035	5	5	5	1	0	0	-87.203	-5.704	-0.466	0	0	0	0	54592334	54592343	54592343
16948	0	0	4	55	-87.172	-24.532	-1.172	0	0	0	0	5	55	-86.827	-38.03	-0.372	0	0	0	0	6	55	-83.95	-32.33	10.486	0	0	0	0	7	55	-83.017	-32.122	-11.64	0	0	0	0	8	55	-88.888	-56.351	-2.958	0	0	0	0	9	55	-154.836	-2.367	1.436	0	0	0	0	10	55	3.757546E+28	-4.015333E+28	-3.281515E+28	0	0	0	0	1	0	-79.096	-19.595	0.977	5	5	5	4	2	0	-78.277	-10.303	0.035	5	5	5	1	0	0	-87.203	-5.704	-0.466	0	0	0	0	54592351	54592360	0
16948	0	0	4	55	-87.172	-24.532	-1.172	0	0	0	0	5	55	-86.827	-38.03	-0.372	0	0	0	0	6	55	-83.95	-32.33	10.486	0	0	0	0	7	55	-83.017	-32.122	-11.64	0	0	0	0	8	55	-88.888	-56.351	-2.958	0	0	0	0	9	55	-154.836	-2.367	1.436	0	0	0	0	10	55	3.757546E+28	-4.015333E+28	-3.281515E+28	0	0	0	0	1	0	-79.096	-19.595	0.977	5	5	5	4	2	0	-78.277	-10.303	0.035	5	5	5	1	0	0	-87.203	-5.704	-0.466	0	0	0	0	54592351	54592360	54592360
16965	0	0	4	55	-86.971	-24.667	-1.165	0	0	0	0	5	55	-86.651	-38.048	-0.318	0	0	0	0	6	55	-83.831	-32.563	10.382	0	0	0	0	7	55	-82.674	-31.711	-11.609	0	0	0	0	8	55	-89.017	-56.35	-3.072	0	0	0	0	9	55	-154.825	-2.518	1.305	0	0	0	0	10	55	3.761419E+28	-4.012457E+28	-3.280596E+28	0	0	0	0	1	0	-79.096	-19.595	0.977	5	5	5	4	2	0	-78.277	-10.303	0.035	5	5	5	1	0	0	-87.203	-5.704	-0.466	0	0	0	0	54592367	54592376	54592376
16982	0	0	4	55	-86.878	-24.546	-1.065	0	0	0	0	5	55	-86.559	-38.006	-0.244	0	0	0	0	6	55	-83.791	-32.425	10.511	0	0	0	0	7	55	-82.714	-31.528	-11.58	0	0	0	0	8	55	-89.01	-56.221	-3.008	0	0	0	0	9	55	-154.776	-2.331	1.504	0	0	0	0	10	55	3.755403E+28	-4.015075E+28	-3.284283E+28	0	0	0	0	1	0	-79.096	-19.595	0.977	5	5	5	4	2	0	-78.277	-10.303	0.035	5	5	5	1	0	0	-87.203	-5.704	-0.466	0	0	0	0	54592383	54592393	0
16982	0	0	4	55	-86.878	-24.546	-1.065	0	0	0	0	5	55	-86.559	-38.006	-0.244	0	0	0	0	6	55	-83.791	-32.425	10.511	0	0	0	0	7	55	-82.714	-31.528	-11.58	0	0	0	0	8	55	-89.01	-56.221	-3.008	0	0	0	0	9	55	-154.776	-2.331	1.504	0	0	0	0	10	55	3.755403E+28	-4.015075E+28	-3.284283E+28	0	0	0	0	1	0	-79.096	-19.595	0.977	5	5	5	4	2	0	-78.277	-10.303	0.035	5	5	5	1	0	0	-87.203	-5.704	-0.466	0	0	0	0	54592383	54592393	54592393
16998	0	0	4	55	-86.703	-24.491	-1.061	0	0	0	0	5	55	-86.396	-37.952	-0.277	0	0	0	0	6	55	-83.694	-32.34	10.548	0	0	0	0	7	55	-82.717	-31.726	-11.66	0	0	0	0	8	55	-89.02	-56.077	-3.007	0	0	0	0	9	55	-154.772	-2.293	1.516	0	0	0	0	10	55	3.753629E+28	-4.013911E+28	-3.287732E+28	0	0	0	0	1	0	-79.096	-19.595	0.977	5	5	5	4	2	0	-78.277	-10.303	0.035	5	5	5	1	0	0	-87.203	-5.704	-0.466	0	0	0	0	54592401	54592410	0
16998	0	0	4	55	-86.703	-24.491	-1.061	0	0	0	0	5	55	-86.396	-37.952	-0.277	0	0	0	0	6	55	-83.694	-32.34	10.548	0	0	0	0	7	55	-82.717	-31.726	-11.66	0	0	0	0	8	55	-89.02	-56.077	-3.007	0	0	0	0	9	55	-154.772	-2.293	1.516	0	0	0	0	10	55	3.753628E+28	-4.013911E+28	-3.287733E+28	0	0	0	0	1	0	-79.096	-19.595	0.977	5	5	5	4	2	0	-78.277	-10.303	0.035	5	5	5	1	0	0	-87.203	-5.704	-0.466	0	0	0	0	54592401	54592410	54592410
17015	0	0	4	55	-86.505	-24.686	-1.055	0	0	0	0	5	55	-86.277	-38.05	-0.17	0	0	0	0	6	55	-83.625	-32.518	10.615	0	0	0	0	7	55	-82.376	-32.047	-11.593	0	0	0	0	8	55	-89.062	-56.152	-3.083	0	0	0	0	9	55	-154.743	-2.446	1.393	0	0	0	0	10	55	3.757243E+28	-4.017882E+28	-3.278741E+28	0	0	0	0	1	0	-79.096	-19.595	0.977	5	5	5	4	2	0	-78.277	-10.303	0.035	5	5	5	1	0	0	-87.203	-5.704	-0.466	0	0	0	0	54592418	54592426	54592426
17032	0	0	4	55	-86.441	-24.668	-0.981	0	0	0	0	5	55	-86.118	-38.076	-0.233	0	0	0	0	6	55	-83.618	-32.529	10.651	0	0	0	0	7	55	-82.398	-31.633	-11.687	0	0	0	0	8	55	-89.063	-56.112	-3.106	0	0	0	0	9	55	-154.614	-2.298	1.493	0	0	0	0	10	55	3.754019E+28	-4.012342E+28	-3.289203E+28	0	0	0	0	1	0	-79.096	-19.595	0.977	5	5	5	4	2	0	-78.277	-10.303	0.035	5	5	5	1	0	0	-87.203	-5.704	-0.466	0	0	0	0	54592435	54592443	0
17032	0	0	4	55	-86.441	-24.668	-0.981	0	0	0	0	5	55	-86.118	-38.076	-0.233	0	0	0	0	6	55	-83.618	-32.529	10.651	0	0	0	0	7	55	-82.398	-31.633	-11.687	0	0	0	0	8	55	-89.063	-56.112	-3.106	0	0	0	0	9	55	-154.614	-2.298	1.493	0	0	0	0	10	55	3.754019E+28	-4.012341E+28	-3.289203E+28	0	0	0	0	1	0	-79.096	-19.595	0.977	5	5	5	4	2	0	-78.277	-10.303	0.035	5	5	5	1	0	0	-87.203	-5.704	-0.466	0	0	0	0	54592435	54592443	54592443
17049	0	0	4	55	-86.402	-24.519	-1.025	0	0	0	0	5	55	-86.21	-37.904	-0.377	0	0	0	0	6	55	-83.619	-32.476	10.553	0	0	0	0	7	55	-82.264	-31.832	-11.657	0	0	0	0	8	55	-89.2	-55.985	-3.227	0	0	0	0	9	55	-154.56	-2.11	1.42	0	0	0	0	10	55	3.750771E+28	-4.014128E+28	-3.290727E+28	0	0	0	0	1	0	-79.096	-19.595	0.977	5	5	5	4	2	0	-78.277	-10.303	0.035	5	5	5	1	0	0	-87.203	-5.704	-0.466	0	0	0	0	54592452	54592460	0
17049	0	0	4	55	-86.402	-24.519	-1.025	0	0	0	0	5	55	-86.21	-37.904	-0.377	0	0	0	0	6	55	-83.619	-32.476	10.553	0	0	0	0	7	55	-82.264	-31.832	-11.657	0	0	0	0	8	55	-89.2	-55.985	-3.227	0	0	0	0	9	55	-154.56	-2.11	1.42	0	0	0	0	10	55	3.750771E+28	-4.014129E+28	-3.290726E+28	0	0	0	0	1	0	-79.096	-19.595	0.977	5	5	5	4	2	0	-78.277	-10.303	0.035	5	5	5	1	0	0	-87.203	-5.704	-0.466	0	0	0	0	54592452	54592460	54592460
17065	0	0	4	55	-86.271	-24.575	-1.003	0	0	0	0	5	55	-86.168	-37.924	-0.299	0	0	0	0	6	55	-83.505	-32.51	10.584	0	0	0	0	7	55	-82.134	-31.659	-11.823	0	0	0	0	8	55	-89.147	-56.033	-3.207	0	0	0	0	9	55	-154.529	-1.971	1.507	0	0	0	0	10	55	3.744362E+28	-4.015841E+28	-3.295932E+28	0	0	0	0	1	0	-79.096	-19.595	0.977	5	5	5	4	2	0	-78.277	-10.303	0.035	5	5	5	1	0	0	-87.203	-5.704	-0.466	0	0	0	0	54592468	54592476	54592476
17082	0	0	4	55	-86.262	-24.559	-1.071	0	0	0	0	5	55	-86.152	-38.017	-0.312	0	0	0	0	6	55	-83.515	-32.49	10.539	0	0	0	0	7	55	-82.291	-31.852	-12.017	0	0	0	0	8	55	-89.315	-55.943	-3.324	0	0	0	0	9	55	-154.535	-1.871	1.533	0	0	0	0	10	55	3.739921E+28	-4.016547E+28	-3.300112E+28	0	0	0	0	1	0	-79.096	-19.595	0.977	5	5	5	4	2	0	-78.277	-10.303	0.035	5	5	5	1	0	0	-87.203	-5.704	-0.466	0	0	0	0	54592485	54592493	0
17082	0	0	4	55	-86.262	-24.559	-1.071	0	0	0	0	5	55	-86.152	-38.017	-0.312	0	0	0	0	6	55	-83.515	-32.49	10.539	0	0	0	0	7	55	-82.291	-31.852	-12.017	0	0	0	0	8	55	-89.315	-55.943	-3.324	0	0	0	0	9	55	-154.535	-1.871	1.533	0	0	0	0	10	55	3.739921E+28	-4.016546E+28	-3.300113E+28	0	0	0	0	1	0	-79.096	-19.595	0.977	5	5	5	4	2	0	-78.277	-10.303	0.035	5	5	5	1	0	0	-87.203	-5.704	-0.466	0	0	0	0	54592485	54592493	54592493
17098	0	0	4	55	-86.204	-24.611	-1.074	0	0	0	0	5	55	-86.132	-37.969	-0.263	0	0	0	0	6	55	-83.55	-32.533	10.603	0	0	0	0	7	55	-82.188	-31.488	-11.805	0	0	0	0	8	55	-89.394	-55.889	-3.208	0	0	0	0	9	55	-154.538	-1.864	1.578	0	0	0	0	10	55	3.7365E+28	-4.015326E+28	-3.305468E+28	0	0	0	0	1	0	-79.096	-19.595	0.977	5	5	5	4	2	0	-78.277	-10.303	0.035	5	5	5	1	0	0	-87.203	-5.704	-0.466	0	0	0	0	54592500	54592510	0
17098	0	0	4	55	-86.204	-24.611	-1.074	0	0	0	0	5	55	-86.132	-37.969	-0.263	0	0	0	0	6	55	-83.55	-32.533	10.603	0	0	0	0	7	55	-82.188	-31.488	-11.805	0	0	0	0	8	55	-89.394	-55.889	-3.208	0	0	0	0	9	55	-154.538	-1.864	1.578	0	0	0	0	10	55	3.7365E+28	-4.015326E+28	-3.305468E+28	0	0	0	0	1	0	-79.096	-19.595	0.977	5	5	5	4	2	0	-78.277	-10.303	0.035	5	5	5	1	0	0	-87.203	-5.704	-0.466	0	0	0	0	54592500	54592510	54592510
17115	0	0	4	55	-86.266	-24.679	-1.082	0	0	0	0	5	55	-86.135	-37.983	-0.3	0	0	0	0	6	55	-83.564	-32.477	10.578	0	0	0	0	7	55	-82.492	-32.001	-11.854	0	0	0	0	8	55	-89.407	-55.954	-3.171	0	0	0	0	9	55	-154.522	-1.859	1.506	0	0	0	0	10	55	3.736512E+28	-4.015853E+28	-3.304815E+28	0	0	0	0	1	0	-79.096	-19.595	0.977	5	5	5	4	2	0	-78.277	-10.303	0.035	5	5	5	1	0	0	-87.203	-5.704	-0.466	0	0	0	0	54592518	54592526	54592526
17132	0	0	4	55	-86.269	-24.682	-1.093	0	0	0	0	5	55	-86.08	-38.063	-0.439	0	0	0	0	6	55	-83.602	-32.497	10.586	0	0	0	0	7	55	-82.433	-32.174	-11.914	0	0	0	0	8	55	-89.431	-55.947	-3.215	0	0	0	0	9	55	-154.562	-1.853	1.464	0	0	0	0	10	55	3.736572E+28	-4.013692E+28	-3.30737E+28	0	0	0	0	1	0	-79.096	-19.595	0.977	5	5	5	4	2	0	-78.277	-10.303	0.035	5	5	5	1	0	0	-87.203	-5.704	-0.466	0	0	0	0	54592534	54592543	0
17132	0	0	4	55	-86.269	-24.682	-1.093	0	0	0	0	5	55	-86.08	-38.063	-0.439	0	0	0	0	6	55	-83.602	-32.497	10.586	0	0	0	0	7	55	-82.433	-32.174	-11.914	0	0	0	0	8	55	-89.431	-55.947	-3.215	0	0	0	0	9	55	-154.562	-1.853	1.464	0	0	0	0	10	55	3.736573E+28	-4.013692E+28	-3.30737E+28	0	0	0	0	1	0	-79.096	-19.595	0.977	5	5	5	4	2	0	-78.277	-10.303	0.035	5	5	5	1	0	0	-87.203	-5.704	-0.466	0	0	0	0	54592534	54592543	54592543
17148	0	0	4	55	-86.155	-24.608	-1.079	0	0	0	0	5	55	-86.014	-38.008	-0.361	0	0	0	0	6	55	-83.517	-32.543	10.634	0	0	0	0	7	55	-82.359	-31.849	-11.879	0	0	0	0	8	55	-89.428	-55.901	-3.292	0	0	0	0	9	55	-154.566	-1.794	1.446	0	0	0	0	10	55	3.733776E+28	-4.017656E+28	-3.305715E+28	0	0	0	0	1	0	-79.096	-19.595	0.977	5	5	5	4	2	0	-78.277	-10.303	0.035	5	5	5	1	0	0	-87.203	-5.704	-0.466	0	0	0	0	54592552	54592560	0
17148	0	0	4	55	-86.155	-24.608	-1.079	0	0	0	0	5	55	-86.014	-38.008	-0.361	0	0	0	0	6	55	-83.517	-32.543	10.634	0	0	0	0	7	55	-82.359	-31.849	-11.879	0	0	0	0	8	55	-89.428	-55.901	-3.292	0	0	0	0	9	55	-154.566	-1.794	1.446	0	0	0	0	10	55	3.733776E+28	-4.017657E+28	-3.305715E+28	0	0	0	0	1	0	-79.096	-19.595	0.977	5	5	5	4	2	0	-78.277	-10.303	0.035	5	5	5	1	0	0	-87.203	-5.704	-0.466	0	0	0	0	54592552	54592560	54592560
17165	0	0	4	55	-86.034	-24.663	-1.158	0	0	0	0	5	55	-85.958	-38.071	-0.522	0	0	0	0	6	55	-83.553	-32.578	10.535	0	0	0	0	7	55	-82.442	-31.427	-11.835	0	0	0	0	8	55	-89.347	-56.009	-3.409	0	0	0	0	9	55	-154.435	-1.954	1.402	0	0	0	0	10	55	3.735984E+28	-4.012273E+28	-3.309756E+28	0	0	0	0	1	0	-79.096	-19.595	0.977	5	5	5	4	2	0	-78.277	-10.303	0.035	5	5	5	1	0	0	-87.203	-5.704	-0.466	0	0	0	0	54592568	54592577	54592577
17182	0	0	4	55	-85.86	-24.786	-1.176	0	0	0	0	5	55	-86.097	-37.94	-0.404	0	0	0	0	6	55	-83.46	-32.643	10.585	0	0	0	0	7	55	-82.305	-31.859	-12.099	0	0	0	0	8	55	-89.303	-55.961	-3.32	0	0	0	0	9	55	-154.608	-2.18	1.104	0	0	0	0	10	55	3.744713E+28	-4.012274E+28	-3.299875E+28	0	0	0	0	1	0	-79.096	-19.595	0.977	5	5	5	4	2	0	-78.277	-10.303	0.035	5	5	5	1	0	0	-87.203	-5.704	-0.466	0	0	0	0	54592585	54592593	0
17182	0	0	4	55	-85.86	-24.786	-1.176	0	0	0	0	5	55	-86.097	-37.94	-0.404	0	0	0	0	6	55	-83.46	-32.643	10.585	0	0	0	0	7	55	-82.305	-31.859	-12.099	0	0	0	0	8	55	-89.303	-55.961	-3.32	0	0	0	0	9	55	-154.608	-2.18	1.104	0	0	0	0	10	55	3.744713E+28	-4.012274E+28	-3.299874E+28	0	0	0	0	1	0	-79.096	-19.595	0.977	5	5	5	4	2	0	-78.277	-10.303	0.035	5	5	5	1	0	0	-87.203	-5.704	-0.466	0	0	0	0	54592585	54592593	54592593
17199	0	0	4	55	-85.776	-24.896	-1.191	0	0	0	0	5	55	-85.944	-38.118	-0.331	0	0	0	0	6	55	-83.427	-32.794	10.568	0	0	0	0	7	55	-82.027	-31.869	-11.799	0	0	0	0	8	55	-89.139	-56.151	-3.182	0	0	0	0	9	55	-154.623	-2.205	1.239	0	0	0	0	10	55	3.75412E+28	-4.009519E+28	-3.292528E+28	0	0	0	0	1	0	-79.096	-19.595	0.977	5	5	5	4	2	0	-78.277	-10.303	0.035	5	5	5	1	0	0	-87.203	-5.704	-0.466	0	0	0	0	54592600	54592611	0
17199	0	0	4	55	-85.776	-24.896	-1.191	0	0	0	0	5	55	-85.944	-38.118	-0.331	0	0	0	0	6	55	-83.427	-32.794	10.568	0	0	0	0	7	55	-82.027	-31.869	-11.799	0	0	0	0	8	55	-89.139	-56.151	-3.182	0	0	0	0	9	55	-154.623	-2.205	1.239	0	0	0	0	10	55	3.754119E+28	-4.009519E+28	-3.292529E+28	0	0	0	0	1	0	-79.096	-19.595	0.977	5	5	5	4	2	0	-78.277	-10.303	0.035	5	5	5	1	0	0	-87.203	-5.704	-0.466	0	0	0	0	54592602	54592611	54592611
17228	0	0	4	55	-85.887	-25.098	-1.142	0	0	0	0	5	55	-85.464	-38.501	-0.523	0	0	0	0	6	55	-83.389	-32.914	10.666	0	0	0	0	7	55	-81.974	-32.086	-11.81	0	0	0	0	8	55	-89.038	-56.351	-3.318	0	0	0	0	9	55	-154.664	-2.409	1.134	0	0	0	0	10	55	3.765936E+28	-4.003178E+28	-3.286743E+28	0	0	0	0	1	0	-79.096	-19.595	0.977	5	5	5	4	2	0	-78.277	-10.303	0.035	5	5	5	1	0	0	-87.203	-5.704	-0.466	0	0	0	0	54592630	54592639	0
17228	0	0	4	55	-85.887	-25.098	-1.142	0	0	0	0	5	55	-85.464	-38.501	-0.523	0	0	0	0	6	55	-83.389	-32.914	10.666	0	0	0	0	7	55	-81.974	-32.086	-11.81	0	0	0	0	8	55	-89.038	-56.351	-3.318	0	0	0	0	9	55	-154.664	-2.409	1.134	0	0	0	0	10	55	3.765936E+28	-4.003178E+28	-3.286743E+28	0	0	0	0	1	0	-79.096	-19.595	0.977	5	5	5	4	2	0	-78.277	-10.303	0.035	5	5	5	1	0	0	-87.203	-5.704	-0.466	0	0	0	0	54592630	54592640	54592640
17244	0	0	4	55	-85.786	-25.067	-1.171	0	0	0	0	5	55	-85.396	-38.451	-0.394	0	0	0	0	6	55	-83.331	-32.937	10.622	0	0	0	0	7	55	-82.077	-32.227	-12.137	0	0	0	0	8	55	-88.986	-56.259	-3.263	0	0	0	0	9	55	-154.633	-2.514	1.131	0	0	0	0	10	55	3.771892E+28	-3.999271E+28	-3.28467E+28	0	0	0	0	1	0	-79.096	-19.595	0.977	5	5	5	4	2	0	-78.277	-10.303	0.035	5	5	5	1	0	0	-87.203	-5.704	-0.466	0	0	0	0	54592647	54592655	0
17244	0	0	4	55	-85.786	-25.067	-1.171	0	0	0	0	5	55	-85.396	-38.451	-0.394	0	0	0	0	6	55	-83.331	-32.937	10.622	0	0	0	0	7	55	-82.077	-32.227	-12.137	0	0	0	0	8	55	-88.986	-56.259	-3.263	0	0	0	0	9	55	-154.633	-2.514	1.131	0	0	0	0	10	55	3.771893E+28	-3.999271E+28	-3.28467E+28	0	0	0	0	1	0	-79.096	-19.595	0.977	5	5	5	4	2	0	-78.277	-10.303	0.035	5	5	5	1	0	0	-87.203	-5.704	-0.466	0	0	0	0	54592647	54592655	54592655
17261	0	0	4	55	-85.675	-24.992	-1.153	0	0	0	0	5	55	-85.32	-38.392	-0.366	0	0	0	0	6	55	-83.271	-32.859	10.729	0	0	0	0	7	55	-81.969	-32.022	-11.843	0	0	0	0	8	55	-88.878	-56.291	-3.144	0	0	0	0	9	55	-154.584	-2.424	1.166	0	0	0	0	10	55	3.769543E+28	-4.002734E+28	-3.283149E+28	0	0	0	0	1	0	-79.096	-19.595	0.977	5	5	5	4	2	0	-78.277	-10.303	0.035	5	5	5	1	0	0	-87.203	-5.704	-0.466	0	0	0	0	54592663	54592672	0
17261	0	0	4	55	-85.675	-24.992	-1.153	0	0	0	0	5	55	-85.32	-38.392	-0.366	0	0	0	0	6	55	-83.271	-32.859	10.729	0	0	0	0	7	55	-81.969	-32.022	-11.843	0	0	0	0	8	55	-88.878	-56.291	-3.144	0	0	0	0	9	55	-154.584	-2.424	1.166	0	0	0	0	10	55	3.769542E+28	-4.002734E+28	-3.283149E+28	0	0	0	0	1	0	-79.096	-19.595	0.977	5	5	5	4	2	0	-78.277	-10.303	0.035	5	5	5	1	0	0	-87.203	-5.704	-0.466	0	0	0	0	54592664	54592672	54592672
17278	0	0	4	55	-85.5	-25.142	-1.108	0	0	0	0	5	55	-85.198	-38.479	-0.265	0	0	0	0	6	55	-83.165	-33.087	10.612	0	0	0	0	7	55	-81.939	-32.485	-12.182	0	0	0	0	8	55	-88.744	-56.407	-3.356	0	0	0	0	9	55	-154.578	-2.696	0.992	0	0	0	0	10	55	3.784481E+28	-3.99377E+28	-3.276873E+28	0	0	0	0	1	0	-79.096	-19.595	0.977	5	5	5	4	2	0	-78.277	-10.303	0.035	5	5	5	1	0	0	-87.203	-5.704	-0.466	0	0	0	0	54592679	54592689	54592689
17294	0	0	4	55	-85.464	-24.998	-1.136	0	0	0	0	5	55	-85.108	-38.342	-0.354	0	0	0	0	6	55	-83.205	-32.927	10.759	0	0	0	0	7	55	-81.858	-32.082	-11.816	0	0	0	0	8	55	-88.732	-56.292	-3.291	0	0	0	0	9	55	-154.563	-2.562	1.089	0	0	0	0	10	55	3.779282E+28	-3.990315E+28	-3.287066E+28	0	0	0	0	1	0	-79.096	-19.595	0.977	5	5	5	4	2	0	-78.277	-10.303	0.035	5	5	5	1	0	0	-87.203	-5.704	-0.466	0	0	0	0	54592696	54592705	0
17294	0	0	4	55	-85.464	-24.998	-1.136	0	0	0	0	5	55	-85.108	-38.342	-0.354	0	0	0	0	6	55	-83.205	-32.927	10.759	0	0	0	0	7	55	-81.858	-32.082	-11.816	0	0	0	0	8	55	-88.732	-56.292	-3.291	0	0	0	0	9	55	-154.563	-2.562	1.089	0	0	0	0	10	55	3.779283E+28	-3.990316E+28	-3.287065E+28	0	0	0	0	1	0	-79.096	-19.595	0.977	5	5	5	4	2	0	-78.277	-10.303	0.035	5	5	5	1	0	0	-87.203	-5.704	-0.466	0	0	0	0	54592697	54592705	54592705
17311	0	0	4	55	-85.471	-24.86	-0.998	0	0	0	0	5	55	-85.024	-38.24	-0.207	0	0	0	0	6	55	-83.24	-32.797	10.817	0	0	0	0	7	55	-81.919	-32.146	-12.082	0	0	0	0	8	55	-88.586	-56.238	-3.156	0	0	0	0	9	55	-154.573	-2.417	1.171	0	0	0	0	10	55	3.774115E+28	-3.994644E+28	-3.287746E+28	0	0	0	0	1	0	-79.096	-19.595	0.977	5	5	5	4	2	0	-78.277	-10.303	0.035	5	5	5	1	0	0	-87.203	-5.704	-0.466	0	0	0	0	54592713	54592722	0
17311	0	0	4	55	-85.471	-24.86	-0.998	0	0	0	0	5	55	-85.024	-38.24	-0.207	0	0	0	0	6	55	-83.24	-32.797	10.817	0	0	0	0	7	55	-81.919	-32.146	-12.082	0	0	0	0	8	55	-88.586	-56.238	-3.156	0	0	0	0	9	55	-154.573	-2.417	1.171	0	0	0	0	10	55	3.774115E+28	-3.994644E+28	-3.287746E+28	0	0	0	0	1	0	-79.096	-19.595	0.977	5	5	5	4	2	0	-78.277	-10.303	0.035	5	5	5	1	0	0	-87.203	-5.704	-0.466	0	0	0	0	54592713	54592722	54592722
17328	0	0	4	55	-85.342	-24.911	-1.05	0	0	0	0	5	55	-84.906	-38.328	-0.23	0	0	0	0	6	55	-83.108	-32.82	10.881	0	0	0	0	7	55	-81.778	-32.423	-11.966	0	0	0	0	8	55	-88.433	-56.334	-3.065	0	0	0	0	9	55	-154.512	-2.476	1.2	0	0	0	0	10	55	3.777027E+28	-3.993861E+28	-3.285352E+28	0	0	0	0	1	0	-79.096	-19.595	0.977	5	5	5	4	2	0	-78.277	-10.303	0.035	5	5	5	1	0	0	-87.203	-5.704	-0.466	0	0	0	0	54592730	54592739	54592739
17344	0	0	4	55	-85.107	-25.004	-0.923	0	0	0	0	5	55	-84.789	-38.305	0.021	0	0	0	0	6	55	-83.061	-32.877	11.069	0	0	0	0	7	55	-81.785	-32.018	-11.548	0	0	0	0	8	55	-88.507	-56.339	-2.925	0	0	0	0	9	55	-154.609	-2.623	1.338	0	0	0	0	10	55	3.779598E+28	-3.992E+28	-3.284659E+28	0	0	0	0	1	0	-79.096	-19.595	0.977	5	5	5	4	2	0	-78.277	-10.303	0.035	5	5	5	1	0	0	-87.203	-5.704	-0.466	0	0	0	0	54592747	54592755	0
17344	0	0	4	55	-85.107	-25.004	-0.923	0	0	0	0	5	55	-84.789	-38.305	0.021	0	0	0	0	6	55	-83.061	-32.877	11.069	0	0	0	0	7	55	-81.785	-32.018	-11.548	0	0	0	0	8	55	-88.507	-56.339	-2.925	0	0	0	0	9	55	-154.609	-2.623	1.338	0	0	0	0	10	55	3.779597E+28	-3.992E+28	-3.284659E+28	0	0	0	0	1	0	-79.096	-19.595	0.977	5	5	5	4	2	0	-78.277	-10.303	0.035	5	5	5	1	0	0	-87.203	-5.704	-0.466	0	0	0	0	54592747	54592756	54592756
17361	0	0	4	55	-85.197	-24.839	-0.895	0	0	0	0	5	55	-84.785	-38.211	-0.197	0	0	0	0	6	55	-83.063	-32.777	11.015	0	0	0	0	7	55	-81.872	-31.801	-11.621	0	0	0	0	8	55	-88.526	-56.294	-3.031	0	0	0	0	9	55	-154.661	-2.565	1.223	0	0	0	0	10	55	3.780641E+28	-3.99363E+28	-3.281473E+28	0	0	0	0	1	0	-79.096	-19.595	0.977	5	5	5	4	2	0	-78.277	-10.303	0.035	5	5	5	1	0	0	-87.203	-5.704	-0.466	0	0	0	0	54592764	54592772	0
17361	0	0	4	55	-85.197	-24.839	-0.895	0	0	0	0	5	55	-84.785	-38.211	-0.197	0	0	0	0	6	55	-83.063	-32.777	11.015	0	0	0	0	7	55	-81.872	-31.801	-11.621	0	0	0	0	8	55	-88.526	-56.294	-3.031	0	0	0	0	9	55	-154.661	-2.565	1.223	0	0	0	0	10	55	3.780641E+28	-3.99363E+28	-3.281473E+28	0	0	0	0	1	0	-79.096	-19.595	0.977	5	5	5	4	2	0	-78.277	-10.303	0.035	5	5	5	1	0	0	-87.203	-5.704	-0.466	0	0	0	0	54592764	54592772	54592772
17378	0	0	4	55	-85.095	-24.528	-0.896	0	0	0	0	5	55	-84.664	-37.981	-0.003	0	0	0	0	6	55	-82.973	-32.601	11.198	0	0	0	0	7	55	-81.739	-31.671	-11.71	0	0	0	0	8	55	-88.402	-56.078	-3.065	0	0	0	0	9	55	-154.699	-2.42	1.294	0	0	0	0	10	55	3.774046E+28	-3.999329E+28	-3.282125E+28	0	0	0	0	1	0	-79.096	-19.595	0.977	5	5	5	4	2	0	-78.277	-10.303	0.035	5	5	5	1	0	0	-87.203	-5.704	-0.466	0	0	0	0	54592781	54592789	54592789
17394	0	0	4	55	-84.853	-24.442	-0.813	0	0	0	0	5	55	-84.431	-37.952	0	0	0	0	0	6	55	-82.894	-32.505	11.293	0	0	0	0	7	55	-81.775	-31.69	-11.494	0	0	0	0	8	55	-88.456	-55.89	-3.001	0	0	0	0	9	55	-155.079	-2.706	1.312	0	0	0	0	10	55	3.770662E+28	-4.005668E+28	-3.278281E+28	0	0	0	0	1	0	-79.096	-19.595	0.977	5	5	5	4	2	0	-78.277	-10.303	0.035	5	5	5	1	0	0	-87.203	-5.704	-0.466	0	0	0	0	54592796	54592805	0
17394	0	0	4	55	-84.853	-24.442	-0.813	0	0	0	0	5	55	-84.431	-37.952	0	0	0	0	0	6	55	-82.894	-32.505	11.293	0	0	0	0	7	55	-81.775	-31.69	-11.494	0	0	0	0	8	55	-88.456	-55.89	-3.001	0	0	0	0	9	55	-155.079	-2.706	1.312	0	0	0	0	10	55	3.770662E+28	-4.005667E+28	-3.278283E+28	0	0	0	0	1	0	-79.096	-19.595	0.977	5	5	5	4	2	0	-78.277	-10.303	0.035	5	5	5	1	0	0	-87.203	-5.704	-0.466	0	0	0	0	54592796	54592805	54592805
17411	0	0	4	55	-84.588	-24.232	-0.668	0	0	0	0	5	55	-84.109	-37.711	0.098	0	0	0	0	6	55	-82.795	-32.422	11.338	0	0	0	0	7	55	-81.554	-31.06	-11.364	0	0	0	0	8	55	-88.258	-55.741	-2.888	0	0	0	0	9	55	-154.817	-2.374	1.467	0	0	0	0	10	55	3.763175E+28	-4.010206E+28	-3.281336E+28	0	0	0	0	1	0	-79.096	-19.595	0.977	5	5	5	4	2	0	-78.277	-10.303	0.035	5	5	5	1	0	0	-87.203	-5.704	-0.466	0	0	0	0	54592814	54592822	0
17411	0	0	4	55	-84.588	-24.232	-0.668	0	0	0	0	5	55	-84.109	-37.711	0.098	0	0	0	0	6	55	-82.795	-32.422	11.338	0	0	0	0	7	55	-81.554	-31.06	-11.364	0	0	0	0	8	55	-88.258	-55.741	-2.888	0	0	0	0	9	55	-154.817	-2.374	1.467	0	0	0	0	10	55	3.763175E+28	-4.010206E+28	-3.281336E+28	0	0	0	0	1	0	-79.096	-19.595	0.977	5	5	5	4	2	0	-78.277	-10.303	0.035	5	5	5	1	0	0	-87.203	-5.704	-0.466	0	0	0	0	54592814	54592822	54592822
17428	0	0	4	55	-84.383	-24.225	-0.792	0	0	0	0	5	55	-84.036	-37.75	0.066	0	0	0	0	6	55	-82.748	-32.346	11.343	0	0	0	0	7	55	-81.59	-31.537	-11.531	0	0	0	0	8	55	-88.167	-55.802	-2.903	0	0	0	0	9	55	-154.885	-2.482	1.384	0	0	0	0	10	55	3.767345E+28	-4.005733E+28	-3.282013E+28	0	0	0	0	1	0	-79.096	-19.595	0.977	5	5	5	4	2	0	-78.277	-10.303	0.035	5	5	5	1	0	0	-87.203	-5.704	-0.466	0	0	0	0	54592829	54592839	54592839
17444	0	0	4	55	-84.319	-23.977	-0.658	0	0	0	0	5	55	-83.792	-37.563	0.113	0	0	0	0	6	55	-82.694	-32.211	11.356	0	0	0	0	7	55	-81.35	-31.14	-11.504	0	0	0	0	8	55	-87.903	-55.786	-3.011	0	0	0	0	9	55	-155.108	-2.594	1.438	0	0	0	0	10	55	3.759991E+28	-4.006595E+28	-3.289385E+28	0	0	0	0	1	0	-79.096	-19.595	0.977	5	5	5	4	2	0	-78.277	-10.303	0.035	5	5	5	1	0	0	-87.203	-5.704	-0.466	0	0	0	0	54592846	54592855	0
17444	0	0	4	55	-84.319	-23.977	-0.658	0	0	0	0	5	55	-83.792	-37.563	0.113	0	0	0	0	6	55	-82.694	-32.211	11.356	0	0	0	0	7	55	-81.35	-31.14	-11.504	0	0	0	0	8	55	-87.903	-55.786	-3.011	0	0	0	0	9	55	-155.108	-2.594	1.438	0	0	0	0	10	55	3.759991E+28	-4.006595E+28	-3.289385E+28	0	0	0	0	1	0	-79.096	-19.595	0.977	5	5	5	4	2	0	-78.277	-10.303	0.035	5	5	5	1	0	0	-87.203	-5.704	-0.466	0	0	0	0	54592846	54592855	54592855
17461	0	0	4	55	-83.951	-23.849	-0.641	0	0	0	0	5	55	-83.594	-37.469	0.181	0	0	0	0	6	55	-82.53	-32.101	11.411	0	0	0	0	7	55	-81.192	-31.18	-11.829	0	0	0	0	8	55	-88.03	-55.536	-3.014	0	0	0	0	9	55	-155.204	-2.442	1.531	0	0	0	0	10	55	3.754974E+28	-4.01027E+28	-3.290638E+28	0	0	0	0	1	0	-79.096	-19.595	0.977	5	5	5	4	2	0	-78.277	-10.303	0.035	5	5	5	1	0	0	-87.203	-5.704	-0.466	0	0	0	0	54592864	54592872	0
17461	0	0	4	55	-83.951	-23.849	-0.641	0	0	0	0	5	55	-83.594	-37.469	0.181	0	0	0	0	6	55	-82.53	-32.101	11.411	0	0	0	0	7	55	-81.192	-31.18	-11.829	0	0	0	0	8	55	-88.03	-55.536	-3.014	0	0	0	0	9	55	-155.204	-2.442	1.531	0	0	0	0	10	55	3.754974E+28	-4.01027E+28	-3.290638E+28	0	0	0	0	1	0	-79.096	-19.595	0.977	5	5	5	4	2	0	-78.277	-10.303	0.035	5	5	5	1	0	0	-87.203	-5.704	-0.466	0	0	0	0	54592864	54592872	54592872
17478	0	0	4	55	-83.882	-23.859	-0.71	0	0	0	0	5	55	-83.391	-37.567	-0.076	0	0	0	0	6	55	-82.572	-32.158	11.353	0	0	0	0	7	55	-81.089	-31.049	-11.614	0	0	0	0	8	55	-87.833	-55.662	-3.13	0	0	0	0	9	55	-155.264	-2.574	1.43	0	0	0	0	10	55	3.757426E+28	-4.008059E+28	-3.290534E+28	0	0	0	0	1	0	-79.096	-19.595	0.977	5	5	5	4	2	0	-78.277	-10.303	0.035	5	5	5	1	0	0	-87.203	-5.704	-0.466	0	0	0	0	54592880	54592889	54592889
17494	0	0	4	55	-83.773	-24.037	-0.744	0	0	0	0	5	55	-83.182	-37.785	-0.097	0	0	0	0	6	55	-82.468	-32.349	11.208	0	0	0	0	7	55	-81.343	-31.431	-11.961	0	0	0	0	8	55	-87.823	-55.727	-3.195	0	0	0	0	9	55	-155.155	-2.631	1.478	0	0	0	0	10	55	3.765875E+28	-4.004214E+28	-3.285551E+28	0	0	0	0	1	0	-79.096	-19.595	0.977	5	5	5	4	2	0	-78.277	-10.303	0.035	5	5	5	1	0	0	-87.203	-5.704	-0.466	0	0	0	0	54592897	54592905	0
17494	0	0	4	55	-83.773	-24.037	-0.744	0	0	0	0	5	55	-83.182	-37.785	-0.097	0	0	0	0	6	55	-82.468	-32.349	11.208	0	0	0	0	7	55	-81.343	-31.431	-11.961	0	0	0	0	8	55	-87.823	-55.727	-3.195	0	0	0	0	9	55	-155.155	-2.631	1.478	0	0	0	0	10	55	3.765875E+28	-4.004214E+28	-3.285552E+28	0	0	0	0	1	0	-79.096	-19.595	0.977	5	5	5	4	2	0	-78.277	-10.303	0.035	5	5	5	1	0	0	-87.203	-5.704	-0.466	0	0	0	0	54592897	54592905	54592905
17511	0	0	4	55	-83.953	-24.157	-0.731	0	0	0	0	5	55	-83.145	-37.918	-0.111	0	0	0	0	6	55	-82.401	-32.467	11.227	0	0	0	0	7	55	-81.275	-31.782	-11.861	0	0	0	0	8	55	-87.658	-55.915	-3.261	0	0	0	0	9	55	-155.145	-2.915	1.324	0	0	0	0	10	55	3.772726E+28	-3.999344E+28	-3.283622E+28	0	0	0	0	1	0	-79.096	-19.595	0.977	5	5	5	4	2	0	-78.277	-10.303	0.035	5	5	5	1	0	0	-87.203	-5.704	-0.466	0	0	0	0	54592913	54592922	0
17511	0	0	4	55	-83.953	-24.157	-0.731	0	0	0	0	5	55	-83.145	-37.918	-0.111	0	0	0	0	6	55	-82.401	-32.467	11.227	0	0	0	0	7	55	-81.275	-31.782	-11.861	0	0	0	0	8	55	-87.658	-55.915	-3.261	0	0	0	0	9	55	-155.145	-2.915	1.324	0	0	0	0	10	55	3.772726E+28	-3.999345E+28	-3.283622E+28	0	0	0	0	1	0	-79.096	-19.595	0.977	5	5	5	4	2	0	-78.277	-10.303	0.035	5	5	5	1	0	0	-87.203	-5.704	-0.466	0	0	0	0	54592913	54592922	54592922
17528	0	0	4	55	-83.647	-24.023	-0.629	0	0	0	0	5	55	-83.111	-37.794	-0.139	0	0	0	0	6	55	-82.372	-32.377	11.323	0	0	0	0	7	55	-81.235	-31.491	-11.764	0	0	0	0	8	55	-87.703	-55.785	-3.215	0	0	0	0	9	55	-155.134	-2.669	1.595	0	0	0	0	10	55	3.764794E+28	-4.002496E+28	-3.288882E+28	0	0	0	0	1	0	-79.096	-19.595	0.977	5	5	5	4	2	0	-78.277	-10.303	0.035	5	5	5	1	0	0	-87.203	-5.704	-0.466	0	0	0	0	54592930	54592939	54592939
17544	0	0	4	55	-83.509	-24.092	-0.655	0	0	0	0	5	55	-82.997	-37.879	-0.001	0	0	0	0	6	55	-82.289	-32.417	11.402	0	0	0	0	7	55	-81.113	-31.18	-11.539	0	0	0	0	8	55	-87.592	-55.887	-3.208	0	0	0	0	9	55	-155.072	-2.685	1.425	0	0	0	0	10	55	3.765357E+28	-4.005711E+28	-3.284319E+28	0	0	0	0	1	0	-79.096	-19.595	0.977	5	5	5	4	2	0	-78.277	-10.303	0.035	5	5	5	1	0	0	-87.203	-5.704	-0.466	0	0	0	0	54592946	54592955	0
17544	0	0	4	55	-83.509	-24.092	-0.655	0	0	0	0	5	55	-82.997	-37.879	-0.001	0	0	0	0	6	55	-82.289	-32.417	11.402	0	0	0	0	7	55	-81.113	-31.18	-11.539	0	0	0	0	8	55	-87.592	-55.887	-3.208	0	0	0	0	9	55	-155.072	-2.685	1.425	0	0	0	0	10	55	3.765357E+28	-4.005711E+28	-3.284319E+28	0	0	0	0	1	0	-79.096	-19.595	0.977	5	5	5	4	2	0	-78.277	-10.303	0.035	5	5	5	1	0	0	-87.203	-5.704	-0.466	0	0	0	0	54592946	54592955	54592955
17561	0	0	4	55	-83.6	-24.072	-0.526	0	0	0	0	5	55	-82.946	-37.848	-0.001	0	0	0	0	6	55	-82.293	-32.469	11.321	0	0	0	0	7	55	-81.159	-31.432	-11.647	0	0	0	0	8	55	-87.673	-55.841	-3.223	0	0	0	0	9	55	-155.074	-2.619	1.421	0	0	0	0	10	55	3.760952E+28	-4.005931E+28	-3.289095E+28	0	0	0	0	1	0	-79.096	-19.595	0.977	5	5	5	4	2	0	-78.277	-10.303	0.035	5	5	5	1	0	0	-87.203	-5.704	-0.466	0	0	0	0	54592964	54592972	0
17561	0	0	4	55	-83.633	-24.152	-0.55	0	0	0	0	5	55	-82.921	-37.821	-0.091	0	0	0	0	6	55	-82.287	-32.429	11.333	0	0	0	0	7	55	-81.096	-31.328	-11.846	0	0	0	0	8	55	-87.664	-55.855	-3.171	0	0	0	0	9	55	-155.029	-2.679	1.336	0	0	0	0	10	55	3.762648E+28	-4.006106E+28	-3.286942E+28	0	0	0	0	1	0	-79.096	-19.595	0.977	5	5	5	4	2	0	-78.277	-10.303	0.035	5	5	5	1	0	0	-87.203	-5.704	-0.466	0	0	0	0	54592964	54592972	54592973
17578	0	0	4	55	-83.546	-24.141	-0.539	0	0	0	0	5	55	-82.915	-37.951	0.117	0	0	0	0	6	55	-82.257	-32.468	11.394	0	0	0	0	7	55	-81.172	-31.014	-11.49	0	0	0	0	8	55	-87.779	-55.712	-3.193	0	0	0	0	9	55	-155.021	-2.616	1.321	0	0	0	0	10	55	3.758938E+28	-4.009695E+28	-3.286811E+28	0	0	0	0	1	0	-79.096	-19.595	0.977	5	5	5	4	2	0	-78.277	-10.303	0.035	5	5	5	1	0	0	-87.203	-5.704	-0.466	0	0	0	0	54592979	54592989	54592989
17594	0	0	4	55	-83.449	-24.392	-0.459	0	0	0	0	5	55	-82.84	-38.012	0.061	0	0	0	0	6	55	-82.228	-32.59	11.442	0	0	0	0	7	55	-80.932	-31.412	-11.547	0	0	0	0	8	55	-87.636	-55.907	-3.034	0	0	0	0	9	55	-155.034	-2.73	1.312	0	0	0	0	10	55	3.760663E+28	-4.015558E+28	-3.277668E+28	0	0	0	0	1	0	-79.096	-19.595	0.977	5	5	5	4	2	0	-78.277	-10.303	0.035	5	5	5	1	0	0	-87.203	-5.704	-0.466	0	0	0	0	54592997	54593005	0
17594	0	0	4	55	-83.449	-24.392	-0.459	0	0	0	0	5	55	-82.84	-38.012	0.061	0	0	0	0	6	55	-82.228	-32.59	11.442	0	0	0	0	7	55	-80.932	-31.412	-11.547	0	0	0	0	8	55	-87.636	-55.907	-3.034	0	0	0	0	9	55	-155.034	-2.73	1.312	0	0	0	0	10	55	3.760662E+28	-4.015559E+28	-3.277668E+28	0	0	0	0	1	0	-79.096	-19.595	0.977	5	5	5	4	2	0	-78.277	-10.303	0.035	5	5	5	1	0	0	-87.203	-5.704	-0.466	0	0	0	0	54592997	54593005	54593005
17611	0	0	4	55	-83.543	-24.353	-0.589	0	0	0	0	5	55	-82.913	-38.027	-0.038	0	0	0	0	6	55	-82.184	-32.629	11.447	0	0	0	0	7	55	-81.253	-31.377	-11.528	0	0	0	0	8	55	-87.63	-55.906	-3.144	0	0	0	0	9	55	-155.007	-2.689	1.3	0	0	0	0	10	55	3.759258E+28	-4.017107E+28	-3.27738E+28	0	0	0	0	1	0	-79.096	-19.595	0.977	5	5	5	4	2	0	-78.277	-10.303	0.035	5	5	5	1	0	0	-87.203	-5.704	-0.466	0	0	0	0	54593013	54593022	0
17611	0	0	4	55	-83.543	-24.353	-0.589	0	0	0	0	5	55	-82.913	-38.027	-0.038	0	0	0	0	6	55	-82.184	-32.629	11.447	0	0	0	0	7	55	-81.253	-31.377	-11.528	0	0	0	0	8	55	-87.63	-55.906	-3.144	0	0	0	0	9	55	-155.007	-2.689	1.3	0	0	0	0	10	55	3.759258E+28	-4.017107E+28	-3.277381E+28	0	0	0	0	1	0	-79.096	-19.595	0.977	5	5	5	4	2	0	-78.277	-10.303	0.035	5	5	5	1	0	0	-87.203	-5.704	-0.466	0	0	0	0	54593013	54593022	54593022
17628	0	0	4	55	-83.342	-24.411	-0.595	0	0	0	0	5	55	-82.847	-38.069	0.137	0	0	0	0	6	55	-82.16	-32.704	11.388	0	0	0	0	7	55	-81.393	-31.205	-11.818	0	0	0	0	8	55	-87.78	-55.821	-3.017	0	0	0	0	9	55	-154.991	-2.579	1.32	0	0	0	0	10	55	3.753841E+28	-4.019447E+28	-3.28072E+28	0	0	0	0	1	0	-79.096	-19.595	0.977	5	5	5	4	2	0	-78.277	-10.303	0.035	5	5	5	1	0	0	-87.203	-5.704	-0.466	0	0	0	0	54593031	54593039	54593039
17644	0	0	4	55	-83.498	-24.509	-0.533	0	0	0	0	5	55	-82.736	-38.242	-0.109	0	0	0	0	6	55	-82.226	-32.657	11.309	0	0	0	0	7	55	-81.153	-31.573	-11.734	0	0	0	0	8	55	-87.582	-56.107	-3.147	0	0	0	0	9	55	-155.034	-2.671	1.26	0	0	0	0	10	55	3.75803E+28	-4.015548E+28	-3.280698E+28	0	0	0	0	1	0	-79.096	-19.595	0.977	5	5	5	4	2	0	-78.277	-10.303	0.035	5	5	5	1	0	0	-87.203	-5.704	-0.466	0	0	0	0	54593046	54593055	0
17644	0	0	4	55	-83.498	-24.509	-0.533	0	0	0	0	5	55	-82.736	-38.242	-0.109	0	0	0	0	6	55	-82.226	-32.657	11.309	0	0	0	0	7	55	-81.153	-31.573	-11.734	0	0	0	0	8	55	-87.582	-56.107	-3.147	0	0	0	0	9	55	-155.034	-2.671	1.26	0	0	0	0	10	55	3.75803E+28	-4.015548E+28	-3.280697E+28	0	0	0	0	1	0	-79.096	-19.595	0.977	5	5	5	4	2	0	-78.277	-10.303	0.035	5	5	5	1	0	0	-87.203	-5.704	-0.466	0	0	0	0	54593046	54593055	54593055
17661	0	0	4	55	-83.561	-24.594	-0.634	0	0	0	0	5	55	-82.849	-38.221	-0.084	0	0	0	0	6	55	-82.256	-32.73	11.291	0	0	0	0	7	55	-81.065	-31.642	-11.636	0	0	0	0	8	55	-87.62	-55.986	-3.086	0	0	0	0	9	55	-155.075	-2.694	1.243	0	0	0	0	10	55	3.761103E+28	-4.012516E+28	-3.280887E+28	0	0	0	0	1	0	-79.096	-19.595	0.977	5	5	5	4	2	0	-78.277	-10.303	0.035	5	5	5	1	0	0	-87.203	-5.704	-0.466	0	0	0	0	54593064	54593072	0
17661	0	0	4	55	-83.561	-24.594	-0.634	0	0	0	0	5	55	-82.849	-38.221	-0.084	0	0	0	0	6	55	-82.256	-32.73	11.291	0	0	0	0	7	55	-81.065	-31.642	-11.636	0	0	0	0	8	55	-87.62	-55.986	-3.086	0	0	0	0	9	55	-155.075	-2.694	1.243	0	0	0	0	10	55	3.761103E+28	-4.012515E+28	-3.280887E+28	0	0	0	0	1	0	-79.096	-19.595	0.977	5	5	5	4	2	0	-78.277	-10.303	0.035	5	5	5	1	0	0	-87.203	-5.704	-0.466	0	0	0	0	54593064	54593072	54593072
17678	0	0	4	55	-83.49	-24.604	-0.604	0	0	0	0	5	55	-82.856	-38.19	0.246	0	0	0	0	6	55	-82.251	-32.748	11.309	0	0	0	0	7	55	-81.108	-31.677	-11.636	0	0	0	0	8	55	-87.734	-55.907	-3.116	0	0	0	0	9	55	-155.073	-2.698	1.236	0	0	0	0	10	55	3.761484E+28	-4.013966E+28	-3.278675E+28	0	0	0	0	1	0	-79.096	-19.595	0.977	5	5	5	4	2	0	-78.277	-10.303	0.035	5	5	5	1	0	0	-87.203	-5.704	-0.466	0	0	0	0	54593080	54593089	54593089
17694	0	0	4	55	-83.464	-24.504	-0.592	0	0	0	0	5	55	-82.761	-38.142	-0.054	0	0	0	0	6	55	-82.246	-32.701	11.245	0	0	0	0	7	55	-81.212	-31.626	-11.838	0	0	0	0	8	55	-87.753	-55.802	-3.232	0	0	0	0	9	55	-155.023	-2.518	1.224	0	0	0	0	10	55	3.75783E+28	-4.010389E+28	-3.28723E+28	0	0	0	0	1	0	-79.096	-19.595	0.977	5	5	5	4	2	0	-78.277	-10.303	0.035	5	5	5	1	0	0	-87.203	-5.704	-0.466	0	0	0	0	54593097	54593105	0
17694	0	0	4	55	-83.464	-24.504	-0.592	0	0	0	0	5	55	-82.761	-38.142	-0.054	0	0	0	0	6	55	-82.246	-32.701	11.245	0	0	0	0	7	55	-81.212	-31.626	-11.838	0	0	0	0	8	55	-87.753	-55.802	-3.232	0	0	0	0	9	55	-155.023	-2.518	1.224	0	0	0	0	10	55	3.75783E+28	-4.010389E+28	-3.287231E+28	0	0	0	0	1	0	-79.096	-19.595	0.977	5	5	5	4	2	0	-78.277	-10.303	0.035	5	5	5	1	0	0	-87.203	-5.704	-0.466	0	0	0	0	54593097	54593105	54593105
17711	0	0	4	55	-83.445	-24.461	-0.523	0	0	0	0	5	55	-82.825	-37.985	0.053	0	0	0	0	6	55	-82.284	-32.633	11.289	0	0	0	0	7	55	-81.261	-31.358	-11.767	0	0	0	0	8	55	-87.806	-55.691	-3.226	0	0	0	0	9	55	-155.02	-2.325	1.339	0	0	0	0	10	55	3.750971E+28	-4.009421E+28	-3.296234E+28	0	0	0	0	1	0	-79.096	-19.595	0.977	5	5	5	4	2	0	-78.277	-10.303	0.035	5	5	5	1	0	0	-87.203	-5.704	-0.466	0	0	0	0	54593113	54593122	0
17711	0	0	4	55	-83.445	-24.461	-0.523	0	0	0	0	5	55	-82.825	-37.985	0.053	0	0	0	0	6	55	-82.284	-32.633	11.289	0	0	0	0	7	55	-81.261	-31.358	-11.767	0	0	0	0	8	55	-87.806	-55.691	-3.226	0	0	0	0	9	55	-155.02	-2.325	1.339	0	0	0	0	10	55	3.750971E+28	-4.009421E+28	-3.296234E+28	0	0	0	0	1	0	-79.096	-19.595	0.977	5	5	5	4	2	0	-78.277	-10.303	0.035	5	5	5	1	0	0	-87.203	-5.704	-0.466	0	0	0	0	54593113	54593122	54593122
17728	0	0	4	55	-83.539	-24.515	-0.477	0	0	0	0	5	55	-82.785	-38.125	0.034	0	0	0	0	6	55	-82.27	-32.753	11.277	0	0	0	0	7	55	-81.236	-31.503	-11.77	0	0	0	0	8	55	-87.729	-55.831	-3.205	0	0	0	0	9	55	-155.043	-2.521	1.252	0	0	0	0	10	55	3.760105E+28	-4.008012E+28	-3.287528E+28	0	0	0	0	1	0	-79.096	-19.595	0.977	5	5	5	4	2	0	-78.277	-10.303	0.035	5	5	5	1	0	0	-87.203	-5.704	-0.466	0	0	0	0	54593131	54593139	54593139
17743	0	0	4	55	-83.347	-24.422	-0.427	0	0	0	0	5	55	-82.766	-38.081	0.034	0	0	0	0	6	55	-82.198	-32.708	11.346	0	0	0	0	7	55	-80.966	-31.377	-11.673	0	0	0	0	8	55	-87.681	-55.766	-3.214	0	0	0	0	9	55	-154.958	-2.434	1.281	0	0	0	0	10	55	3.757893E+28	-4.010408E+28	-3.287134E+28	0	0	0	0	1	0	-79.096	-19.595	0.977	5	5	5	4	2	0	-78.277	-10.303	0.035	5	5	5	1	0	0	-87.203	-5.704	-0.466	0	0	0	0	54593146	54593155	0
17744	0	0	4	55	-83.347	-24.422	-0.427	0	0	0	0	5	55	-82.766	-38.081	0.034	0	0	0	0	6	55	-82.198	-32.708	11.346	0	0	0	0	7	55	-80.966	-31.377	-11.673	0	0	0	0	8	55	-87.681	-55.766	-3.214	0	0	0	0	9	55	-154.958	-2.434	1.281	0	0	0	0	10	55	3.757894E+28	-4.010408E+28	-3.287134E+28	0	0	0	0	1	0	-79.096	-19.595	0.977	5	5	5	4	2	0	-78.277	-10.303	0.035	5	5	5	1	0	0	-87.203	-5.704	-0.466	0	0	0	0	54593146	54593155	54593155
17761	0	0	4	55	-83.564	-24.374	-0.309	0	0	0	0	5	55	-82.781	-38.086	0.018	0	0	0	0	6	55	-82.196	-32.676	11.422	0	0	0	0	7	55	-80.905	-31.501	-11.813	0	0	0	0	8	55	-87.661	-55.777	-3.217	0	0	0	0	9	55	-154.938	-2.408	1.281	0	0	0	0	10	55	3.757423E+28	-4.01256E+28	-3.285046E+28	0	0	0	0	1	0	-79.096	-19.595	0.977	5	5	5	4	2	0	-78.277	-10.303	0.035	5	5	5	1	0	0	-87.203	-5.704	-0.466	0	0	0	0	54593164	54593172	0
17761	0	0	4	55	-83.431	-24.394	-0.297	0	0	0	0	5	55	-82.729	-37.975	-0.128	0	0	0	0	6	55	-82.2	-32.674	11.424	0	0	0	0	7	55	-80.982	-31.202	-11.632	0	0	0	0	8	55	-87.663	-55.804	-3.274	0	0	0	0	9	55	-154.919	-2.408	1.282	0	0	0	0	10	55	3.75832E+28	-4.01125E+28	-3.28562E+28	0	0	0	0	1	0	-79.096	-19.595	0.977	5	5	5	4	2	0	-78.277	-10.303	0.035	5	5	5	1	0	0	-87.203	-5.704	-0.466	0	0	0	0	54593164	54593172	54593172
17778	0	0	4	55	-83.486	-24.365	-0.167	0	0	0	0	5	55	-82.788	-37.908	0.023	0	0	0	0	6	55	-82.207	-32.744	11.31	0	0	0	0	7	55	-80.879	-31.261	-11.742	0	0	0	0	8	55	-87.72	-55.747	-3.371	0	0	0	0	9	55	-154.932	-2.311	1.337	0	0	0	0	10	55	3.754616E+28	-4.007785E+28	-3.294073E+28	0	0	0	0	1	0	-79.096	-19.595	0.977	5	5	5	4	2	0	-78.277	-10.303	0.035	5	5	5	1	0	0	-87.203	-5.704	-0.466	0	0	0	0	54593180	54593189	54593189
17794	0	0	4	55	-83.292	-24.363	-0.278	0	0	0	0	5	55	-82.653	-37.988	0.025	0	0	0	0	6	55	-82.176	-32.757	11.373	0	0	0	0	7	55	-81.134	-31.208	-11.553	0	0	0	0	8	55	-87.794	-55.67	-3.259	0	0	0	0	9	55	-154.994	-2.386	1.396	0	0	0	0	10	55	3.756843E+28	-4.007001E+28	-3.292488E+28	0	0	0	0	1	0	-79.096	-19.595	0.977	5	5	5	4	2	0	-78.277	-10.303	0.035	5	5	5	1	0	0	-87.203	-5.704	-0.466	0	0	0	0	54593196	54593205	0
17794	0	0	4	55	-83.292	-24.363	-0.278	0	0	0	0	5	55	-82.653	-37.988	0.025	0	0	0	0	6	55	-82.176	-32.757	11.373	0	0	0	0	7	55	-81.134	-31.208	-11.553	0	0	0	0	8	55	-87.794	-55.67	-3.259	0	0	0	0	9	55	-154.994	-2.386	1.396	0	0	0	0	10	55	3.756842E+28	-4.007001E+28	-3.292488E+28	0	0	0	0	1	0	-79.096	-19.595	0.977	5	5	5	4	2	0	-78.277	-10.303	0.035	5	5	5	1	0	0	-87.203	-5.704	-0.466	0	0	0	0	54593197	54593205	54593205
17811	0	0	4	55	-83.127	-24.595	-0.168	0	0	0	0	5	55	-82.479	-38.219	-0.048	0	0	0	0	6	55	-81.932	-33.043	11.453	0	0	0	0	7	55	-81.12	-31.317	-11.566	0	0	0	0	8	55	-87.61	-55.76	-3.411	0	0	0	0	9	55	-154.989	-2.605	1.305	0	0	0	0	10	55	3.765823E+28	-4.008476E+28	-3.28041E+28	0	0	0	0	1	0	-79.096	-19.595	0.977	5	5	5	4	2	0	-78.277	-10.303	0.035	5	5	5	1	0	0	-87.203	-5.704	-0.466	0	0	0	0	54593213	54593222	0
17811	0	0	4	55	-83.127	-24.595	-0.168	0	0	0	0	5	55	-82.479	-38.219	-0.048	0	0	0	0	6	55	-81.932	-33.043	11.453	0	0	0	0	7	55	-81.12	-31.317	-11.566	0	0	0	0	8	55	-87.61	-55.76	-3.411	0	0	0	0	9	55	-154.989	-2.605	1.305	0	0	0	0	10	55	3.765823E+28	-4.008475E+28	-3.28041E+28	0	0	0	0	1	0	-79.096	-19.595	0.977	5	5	5	4	2	0	-78.277	-10.303	0.035	5	5	5	1	0	0	-87.203	-5.704	-0.466	0	0	0	0	54593213	54593222	54593222
17828	0	0	4	55	-83.047	-24.611	-0.064	0	0	0	0	5	55	-82.407	-38.226	-0.028	0	0	0	0	6	55	-81.912	-33.097	11.417	0	0	0	0	7	55	-81.034	-31.586	-11.752	0	0	0	0	8	55	-87.583	-55.818	-3.547	0	0	0	0	9	55	-155.027	-2.585	1.309	0	0	0	0	10	55	3.76373E+28	-4.006615E+28	-3.285083E+28	0	0	0	0	1	0	-79.096	-19.595	0.977	5	5	5	4	2	0	-78.277	-10.303	0.035	5	5	5	1	0	0	-87.203	-5.704	-0.466	0	0	0	0	54593231	54593239	54593239
17844	0	0	4	55	-83.092	-24.735	-0.106	0	0	0	0	5	55	-82.341	-38.412	-0.258	0	0	0	0	6	55	-81.749	-33.265	11.475	0	0	0	0	7	55	-80.876	-31.82	-11.796	0	0	0	0	8	55	-87.482	-56.058	-3.578	0	0	0	0	9	55	-155.106	-2.8	1.243	0	0	0	0	10	55	3.770151E+28	-4.007965E+28	-3.276061E+28	0	0	0	0	1	0	-79.096	-19.595	0.977	5	5	5	4	2	0	-78.277	-10.303	0.035	5	5	5	1	0	0	-87.203	-5.704	-0.466	0	0	0	0	54593246	54593255	0
17844	0	0	4	55	-83.092	-24.735	-0.106	0	0	0	0	5	55	-82.341	-38.412	-0.258	0	0	0	0	6	55	-81.749	-33.265	11.475	0	0	0	0	7	55	-80.876	-31.82	-11.796	0	0	0	0	8	55	-87.482	-56.058	-3.578	0	0	0	0	9	55	-155.106	-2.8	1.243	0	0	0	0	10	55	3.770151E+28	-4.007964E+28	-3.276062E+28	0	0	0	0	1	0	-79.096	-19.595	0.977	5	5	5	4	2	0	-78.277	-10.303	0.035	5	5	5	1	0	0	-87.203	-5.704	-0.466	0	0	0	0	54593246	54593255	54593255
17861	0	0	4	55	-83.061	-24.748	0.054	0	0	0	0	5	55	-82.327	-38.364	0.059	0	0	0	0	6	55	-81.768	-33.318	11.595	0	0	0	0	7	55	-80.995	-31.673	-11.517	0	0	0	0	8	55	-87.518	-55.972	-3.345	0	0	0	0	9	55	-155.116	-2.807	1.342	0	0	0	0	10	55	3.764737E+28	-4.017128E+28	-3.27106E+28	0	0	0	0	1	0	-79.096	-19.595	0.977	5	5	5	4	2	0	-78.277	-10.303	0.035	5	5	5	1	0	0	-87.203	-5.704	-0.466	0	0	0	0	54593264	54593272	0
17861	0	0	4	55	-83.061	-24.748	0.054	0	0	0	0	5	55	-82.327	-38.364	0.059	0	0	0	0	6	55	-81.768	-33.318	11.595	0	0	0	0	7	55	-80.995	-31.673	-11.517	0	0	0	0	8	55	-87.518	-55.972	-3.345	0	0	0	0	9	55	-155.116	-2.807	1.342	0	0	0	0	10	55	3.764736E+28	-4.017128E+28	-3.271061E+28	0	0	0	0	1	0	-79.096	-19.595	0.977	5	5	5	4	2	0	-78.277	-10.303	0.035	5	5	5	1	0	0	-87.203	-5.704	-0.466	0	0	0	0	54593264	54593273	54593273
17878	0	0	4	55	-82.994	-24.929	-0.034	0	0	0	0	5	55	-82.154	-38.531	-0.038	0	0	0	0	6	55	-81.744	-33.526	11.516	0	0	0	0	7	55	-81.012	-32.041	-11.721	0	0	0	0	8	55	-87.416	-56.098	-3.368	0	0	0	0	9	55	-155.1	-2.963	1.234	0	0	0	0	10	55	3.772129E+28	-4.017728E+28	-3.261793E+28	0	0	0	0	1	0	-79.096	-19.595	0.977	5	5	5	4	2	0	-78.277	-10.303	0.035	5	5	5	1	0	0	-87.203	-5.704	-0.466	0	0	0	0	54593281	54593289	54593289
17894	0	0	4	55	-83	-24.85	0.112	0	0	0	0	5	55	-82.26	-38.421	0.043	0	0	0	0	6	55	-81.792	-33.392	11.614	0	0	0	0	7	55	-81.062	-32.038	-11.612	0	0	0	0	8	55	-87.608	-55.881	-3.273	0	0	0	0	9	55	-155.022	-2.69	1.378	0	0	0	0	10	55	3.758323E+28	-4.026849E+28	-3.266478E+28	0	0	0	0	1	0	-79.096	-19.595	0.977	5	5	5	4	2	0	-78.277	-10.303	0.035	5	5	5	1	0	0	-87.203	-5.704	-0.466	0	0	0	0	54593297	54593305	0
17894	0	0	4	55	-83	-24.85	0.112	0	0	0	0	5	55	-82.26	-38.421	0.043	0	0	0	0	6	55	-81.792	-33.392	11.614	0	0	0	0	7	55	-81.062	-32.038	-11.612	0	0	0	0	8	55	-87.608	-55.881	-3.273	0	0	0	0	9	55	-155.022	-2.69	1.378	0	0	0	0	10	55	3.758323E+28	-4.02685E+28	-3.266479E+28	0	0	0	0	1	0	-79.096	-19.595	0.977	5	5	5	4	2	0	-78.277	-10.303	0.035	5	5	5	1	0	0	-87.203	-5.704	-0.466	0	0	0	0	54593297	54593306	54593306
17911	0	0	4	55	-83.249	-24.783	0.091	0	0	0	0	5	55	-82.271	-38.41	0.016	0	0	0	0	6	55	-81.851	-33.309	11.585	0	0	0	0	7	55	-80.858	-31.595	-11.423	0	0	0	0	8	55	-87.524	-55.851	-3.475	0	0	0	0	9	55	-155.021	-2.729	1.298	0	0	0	0	10	55	3.760695E+28	-4.026306E+28	-3.26442E+28	0	0	0	0	1	0	-79.096	-19.595	0.977	5	5	5	4	2	0	-78.277	-10.303	0.035	5	5	5	1	0	0	-87.203	-5.704	-0.466	0	0	0	0	54593314	54593322	0
17911	0	0	4	55	-83.249	-24.783	0.091	0	0	0	0	5	55	-82.271	-38.41	0.016	0	0	0	0	6	55	-81.851	-33.309	11.585	0	0	0	0	7	55	-80.858	-31.595	-11.423	0	0	0	0	8	55	-87.524	-55.851	-3.475	0	0	0	0	9	55	-155.021	-2.729	1.298	0	0	0	0	10	55	3.760695E+28	-4.026306E+28	-3.26442E+28	0	0	0	0	1	0	-79.096	-19.595	0.977	5	5	5	4	2	0	-78.277	-10.303	0.035	5	5	5	1	0	0	-87.203	-5.704	-0.466	0	0	0	0	54593314	54593322	54593322
17928	0	0	4	55	-83.263	-24.827	0.139	0	0	0	0	5	55	-82.406	-38.348	0.109	0	0	0	0	6	55	-81.861	-33.228	11.623	0	0	0	0	7	55	-80.86	-31.381	-11.54	0	0	0	0	8	55	-87.516	-55.942	-3.324	0	0	0	0	9	55	-155.016	-2.673	1.34	0	0	0	0	10	55	3.757733E+28	-4.029744E+28	-3.263588E+28	0	0	0	0	1	0	-79.096	-19.595	0.977	5	5	5	4	2	0	-78.277	-10.303	0.035	5	5	5	1	0	0	-87.203	-5.704	-0.466	0	0	0	0	54593331	54593339	54593339
17944	0	0	4	55	-83.451	-24.825	0.045	0	0	0	0	5	55	-82.482	-38.348	0.058	0	0	0	0	6	55	-81.985	-33.351	11.54	0	0	0	0	7	55	-80.995	-31.727	-11.645	0	0	0	0	8	55	-87.571	-55.905	-3.312	0	0	0	0	9	55	-155.004	-2.603	1.387	0	0	0	0	10	55	3.753862E+28	-4.030408E+28	-3.267221E+28	0	0	0	0	1	0	-79.096	-19.595	0.977	5	5	5	4	2	0	-78.277	-10.303	0.035	5	5	5	1	0	0	-87.203	-5.704	-0.466	0	0	0	0	54593347	54593355	0
17944	0	0	4	55	-83.451	-24.825	0.045	0	0	0	0	5	55	-82.482	-38.348	0.058	0	0	0	0	6	55	-81.985	-33.351	11.54	0	0	0	0	7	55	-80.995	-31.727	-11.645	0	0	0	0	8	55	-87.571	-55.905	-3.312	0	0	0	0	9	55	-155.004	-2.603	1.387	0	0	0	0	10	55	3.753863E+28	-4.030406E+28	-3.267221E+28	0	0	0	0	1	0	-79.096	-19.595	0.977	5	5	5	4	2	0	-78.277	-10.303	0.035	5	5	5	1	0	0	-87.203	-5.704	-0.466	0	0	0	0	54593348	54593356	54593356
17961	0	0	4	55	-83.662	-24.918	-0.025	0	0	0	0	5	55	-82.623	-38.376	0.051	0	0	0	0	6	55	-82.025	-33.275	11.522	0	0	0	0	7	55	-80.817	-31.642	-11.662	0	0	0	0	8	55	-87.597	-55.872	-3.429	0	0	0	0	9	55	-154.973	-2.575	1.356	0	0	0	0	10	55	3.754281E+28	-4.026935E+28	-3.271018E+28	0	0	0	0	1	0	-79.096	-19.595	0.977	5	5	5	4	2	0	-78.277	-10.303	0.035	5	5	5	1	0	0	-87.203	-5.704	-0.466	0	0	0	0	54593368	54593372	0
17961	0	0	4	55	-83.662	-24.918	-0.025	0	0	0	0	5	55	-82.623	-38.376	0.051	0	0	0	0	6	55	-82.025	-33.275	11.522	0	0	0	0	7	55	-80.817	-31.642	-11.662	0	0	0	0	8	55	-87.597	-55.872	-3.429	0	0	0	0	9	55	-154.974	-2.575	1.356	0	0	0	0	10	55	3.754281E+28	-4.026935E+28	-3.271019E+28	0	0	0	0	1	0	-79.096	-19.595	0.977	5	5	5	4	2	0	-78.277	-10.303	0.035	5	5	5	1	0	0	-87.203	-5.704	-0.466	0	0	0	0	54593368	54593373	54593373
17978	0	0	4	55	-83.701	-24.857	-0.014	0	0	0	0	5	55	-82.7	-38.267	0.105	0	0	0	0	6	55	-82.163	-33.21	11.49	0	0	0	0	7	55	-80.853	-31.591	-11.604	0	0	0	0	8	55	-87.682	-55.754	-3.433	0	0	0	0	9	55	-154.971	-2.397	1.442	0	0	0	0	10	55	3.745477E+28	-4.028096E+28	-3.279671E+28	0	0	0	0	1	0	-79.096	-19.595	0.977	5	5	5	4	2	0	-78.277	-10.303	0.035	5	5	5	1	0	0	-87.203	-5.704	-0.466	0	0	0	0	54593381	54593389	54593389
17994	0	0	4	55	-84.006	-24.91	-0.208	0	0	0	0	5	55	-82.841	-38.415	-0.111	0	0	0	0	6	55	-82.303	-33.303	11.36	0	0	0	0	7	55	-81.221	-31.211	-11.744	0	0	0	0	8	55	-87.712	-55.802	-3.607	0	0	0	0	9	55	-155.043	-2.494	1.33	0	0	0	0	10	55	3.75017E+28	-4.021251E+28	-3.282705E+28	0	0	0	0	1	0	-79.096	-19.595	0.977	5	5	5	4	2	0	-78.277	-10.303	0.035	5	5	5	1	0	0	-87.203	-5.704	-0.466	0	0	0	0	54593396	54593405	0
17994	0	0	4	55	-84.006	-24.91	-0.208	0	0	0	0	5	55	-82.841	-38.415	-0.111	0	0	0	0	6	55	-82.303	-33.303	11.36	0	0	0	0	7	55	-81.221	-31.211	-11.744	0	0	0	0	8	55	-87.712	-55.802	-3.607	0	0	0	0	9	55	-155.043	-2.494	1.33	0	0	0	0	10	55	3.75017E+28	-4.021252E+28	-3.282705E+28	0	0	0	0	1	0	-79.096	-19.595	0.977	5	5	5	4	2	0	-78.277	-10.303	0.035	5	5	5	1	0	0	-87.203	-5.704	-0.466	0	0	0	0	54593396	54593405	54593405
18012	0	0	4	55	-84.202	-24.906	-0.09	0	0	0	0	5	55	-83.086	-38.39	-0.075	0	0	0	0	6	55	-82.482	-33.189	11.503	0	0	0	0	7	55	-81.545	-31.334	-11.705	0	0	0	0	8	55	-88.082	-55.971	-3.449	0	0	0	0	9	55	-155.072	-2.312	1.516	0	0	0	0	10	55	3.738556E+28	-4.023909E+28	-3.292682E+28	0	0	0	0	1	0	-79.096	-19.595	0.977	5	5	5	4	2	0	-78.277	-10.303	0.035	5	5	5	1	0	0	-87.203	-5.704	-0.466	0	0	0	0	54593414	54593424	0
18013	0	0	4	55	-84.202	-24.906	-0.09	0	0	0	0	5	55	-83.086	-38.39	-0.075	0	0	0	0	6	55	-82.482	-33.189	11.503	0	0	0	0	7	55	-81.545	-31.334	-11.705	0	0	0	0	8	55	-88.082	-55.971	-3.449	0	0	0	0	9	55	-155.072	-2.312	1.516	0	0	0	0	10	55	3.738555E+28	-4.023909E+28	-3.292683E+28	0	0	0	0	1	0	-79.096	-19.595	0.977	5	5	5	4	2	0	-78.277	-10.303	0.035	5	5	5	1	0	0	-87.203	-5.704	-0.466	0	0	0	0	54593415	54593424	54593424
18028	0	0	4	55	-84.361	-25.09	-0.15	0	0	0	0	5	55	-83.318	-38.485	-0.137	0	0	0	0	6	55	-82.549	-33.293	11.425	0	0	0	0	7	55	-81.118	-32.004	-11.833	0	0	0	0	8	55	-88.17	-55.997	-3.449	0	0	0	0	9	55	-155.035	-2.453	1.449	0	0	0	0	10	55	3.744234E+28	-4.023684E+28	-3.286499E+28	0	0	0	0	1	0	-79.096	-19.595	0.977	5	5	5	4	2	0	-78.277	-10.303	0.035	5	5	5	1	0	0	-87.203	-5.704	-0.466	0	0	0	0	54593431	54593439	54593439
18044	0	0	4	55	-84.749	-25.283	-0.217	0	0	0	0	5	55	-83.257	-38.676	-0.073	0	0	0	0	6	55	-82.664	-33.535	11.218	0	0	0	0	7	55	-81.456	-31.607	-11.478	0	0	0	0	8	55	-87.983	-56.241	-3.378	0	0	0	0	9	55	-155.015	-2.637	1.34	0	0	0	0	10	55	3.752989E+28	-4.024162E+28	-3.275911E+28	0	0	0	0	1	0	-79.096	-19.595	0.977	5	5	5	4	2	0	-78.277	-10.303	0.035	5	5	5	1	0	0	-87.203	-5.704	-0.466	0	0	0	0	54593447	54593455	0
18044	0	0	4	55	-84.749	-25.283	-0.217	0	0	0	0	5	55	-83.257	-38.676	-0.073	0	0	0	0	6	55	-82.664	-33.535	11.218	0	0	0	0	7	55	-81.456	-31.607	-11.478	0	0	0	0	8	55	-87.983	-56.241	-3.378	0	0	0	0	9	55	-155.015	-2.637	1.34	0	0	0	0	10	55	3.752989E+28	-4.024161E+28	-3.275911E+28	0	0	0	0	1	0	-79.096	-19.595	0.977	5	5	5	4	2	0	-78.277	-10.303	0.035	5	5	5	1	0	0	-87.203	-5.704	-0.466	0	0	0	0	54593447	54593455	54593455
18061	0	0	4	55	-85.312	-25.261	-0.581	0	0	0	0	5	55	-83.71	-38.452	-0.177	0	0	0	0	6	55	-82.944	-33.256	11.067	0	0	0	0	7	55	-81.863	-32.193	-11.634	0	0	0	0	8	55	-87.524	-56.294	-3.417	0	0	0	0	9	55	-154.973	-2.648	1.628	0	0	0	0	10	55	3.756331E+28	-4.016913E+28	-3.280972E+28	0	0	0	0	1	0	-79.096	-19.595	0.977	5	5	5	4	2	0	-78.277	-10.303	0.035	5	5	5	1	0	0	-87.203	-5.704	-0.466	0	0	0	0	54593464	54593472	0
18061	0	0	4	55	-85.312	-25.261	-0.581	0	0	0	0	5	55	-83.71	-38.452	-0.177	0	0	0	0	6	55	-82.944	-33.256	11.067	0	0	0	0	7	55	-81.863	-32.193	-11.634	0	0	0	0	8	55	-87.524	-56.293	-3.417	0	0	0	0	9	55	-154.973	-2.648	1.628	0	0	0	0	10	55	3.756331E+28	-4.016914E+28	-3.280972E+28	0	0	0	0	1	0	-79.096	-19.595	0.977	5	5	5	4	2	0	-78.277	-10.303	0.035	5	5	5	1	0	0	-87.203	-5.704	-0.466	0	0	0	0	54593464	54593473	54593473
18078	0	0	4	55	-85.791	-25.162	-0.592	0	0	0	0	5	55	-84.171	-38.227	-0.239	0	0	0	0	6	55	-82.966	-33.046	11.053	0	0	0	0	7	55	-82.124	-31.964	-11.514	0	0	0	0	8	55	-87.504	-55.939	-3.353	0	0	0	0	9	55	-155.054	-2.622	1.506	0	0	0	0	10	55	3.758713E+28	-4.021436E+28	-3.272693E+28	0	0	0	0	1	0	-79.096	-19.595	0.977	5	5	5	4	2	0	-78.277	-10.303	0.035	5	5	5	1	0	0	-87.203	-5.704	-0.466	0	0	0	0	54593481	54593490	0
18079	0	0	4	55	-85.791	-25.162	-0.592	0	0	0	0	5	55	-84.171	-38.227	-0.239	0	0	0	0	6	55	-82.966	-33.046	11.053	0	0	0	0	7	55	-82.124	-31.964	-11.514	0	0	0	0	8	55	-87.504	-55.939	-3.353	0	0	0	0	9	55	-155.054	-2.622	1.506	0	0	0	0	10	55	3.758713E+28	-4.021436E+28	-3.272694E+28	0	0	0	0	1	0	-79.096	-19.595	0.977	5	5	5	4	2	0	-78.277	-10.303	0.035	5	5	5	1	0	0	-87.203	-5.704	-0.466	0	0	0	0	54593481	54593490	54593490
18094	0	0	4	55	-86.53	-24.914	-0.492	0	0	0	0	5	55	-84.789	-37.74	0.014	0	0	0	0	6	55	-83.246	-32.621	10.939	0	0	0	0	7	55	-82.658	-31.299	-11.11	0	0	0	0	8	55	-86.853	-55.766	-3.045	0	0	0	0	9	55	-154.958	-2.506	2.01	0	0	0	0	10	55	3.756734E+28	-4.021315E+28	-3.275114E+28	0	0	0	0	1	0	-79.096	-19.595	0.977	5	5	5	4	2	0	-78.277	-10.303	0.035	5	5	5	1	0	0	-87.203	-5.704	-0.466	0	0	0	0	54593497	54593505	54593505
18111	0	0	4	55	-87.367	-24.855	-0.465	0	0	0	0	5	55	-85.061	-37.481	-0.013	0	0	0	0	6	55	-83.486	-32.44	10.794	0	0	0	0	7	55	-83.144	-30.643	-10.434	0	0	0	0	8	55	-86.409	-55.547	-3.225	0	0	0	0	9	55	-154.935	-2.742	1.841	0	0	0	0	10	55	3.768167E+28	-4.014517E+28	-3.270316E+28	0	0	0	0	1	0	-79.096	-19.595	0.977	5	5	5	4	2	0	-78.277	-10.303	0.035	5	5	5	1	0	0	-87.203	-5.704	-0.466	0	0	0	0	54593514	54593523	0
18111	0	0	4	55	-87.367	-24.855	-0.465	0	0	0	0	5	55	-85.061	-37.481	-0.013	0	0	0	0	6	55	-83.486	-32.44	10.794	0	0	0	0	7	55	-83.144	-30.643	-10.434	0	0	0	0	8	55	-86.409	-55.547	-3.225	0	0	0	0	9	55	-154.935	-2.742	1.841	0	0	0	0	10	55	3.768167E+28	-4.014517E+28	-3.270316E+28	0	0	0	0	1	0	-79.096	-19.595	0.977	5	5	5	4	2	0	-78.277	-10.303	0.035	5	5	5	1	0	0	-87.203	-5.704	-0.466	0	0	0	0	54593514	54593523	54593523
18128	0	0	4	55	-87.3	-24.681	-0.469	0	0	0	0	5	55	-85.299	-37.299	-0.199	0	0	0	0	6	55	-83.472	-32.305	10.686	0	0	0	0	7	55	-83.244	-30.719	-10.3	0	0	0	0	8	55	-86.317	-55.377	-3.167	0	0	0	0	9	55	-154.767	-2.542	1.928	0	0	0	0	10	55	3.766495E+28	-4.017073E+28	-3.269103E+28	0	0	0	0	1	0	-79.096	-19.595	0.977	5	5	5	4	2	0	-78.277	-10.303	0.035	5	5	5	1	0	0	-87.203	-5.704	-0.466	0	0	0	0	54593530	54593539	54593539
18144	0	0	4	55	-87.63	-24.441	-0.469	0	0	0	0	5	55	-85.994	-36.585	0.137	0	0	0	0	6	55	-83.563	-32.075	10.612	0	0	0	0	7	55	-83.468	-29.929	-10.33	0	0	0	0	8	55	-86.377	-54.867	-3.178	0	0	0	0	9	55	-154.684	-2.179	1.971	0	0	0	0	10	55	3.752438E+28	-4.012125E+28	-3.291271E+28	0	0	0	0	1	0	-79.096	-19.595	0.977	5	5	5	4	2	0	-78.277	-10.303	0.035	5	5	5	1	0	0	-87.203	-5.704	-0.466	0	0	0	0	54593546	54593555	0
18144	0	0	4	55	-87.63	-24.441	-0.469	0	0	0	0	5	55	-85.994	-36.585	0.137	0	0	0	0	6	55	-83.563	-32.075	10.612	0	0	0	0	7	55	-83.468	-29.929	-10.33	0	0	0	0	8	55	-86.377	-54.867	-3.178	0	0	0	0	9	55	-154.684	-2.179	1.971	0	0	0	0	10	55	3.752438E+28	-4.012126E+28	-3.29127E+28	0	0	0	0	1	0	-79.096	-19.595	0.977	5	5	5	4	2	0	-78.277	-10.303	0.035	5	5	5	1	0	0	-87.203	-5.704	-0.466	0	0	0	0	54593546	54593555	54593555
18162	0	0	4	55	-87.581	-24.475	-0.635	0	0	0	0	5	55	-86.217	-36.389	-0.195	0	0	0	0	6	55	-83.299	-32.089	10.63	0	0	0	0	7	55	-83.102	-29.952	-10.555	0	0	0	0	8	55	-86.243	-54.533	-3.158	0	0	0	0	9	55	-154.448	-1.771	1.879	0	0	0	0	10	55	3.748317E+28	-4.016436E+28	-3.290708E+28	0	0	0	0	1	0	-79.096	-19.595	0.977	5	5	5	4	2	0	-78.277	-10.303	0.035	5	5	5	1	0	0	-87.203	-5.704	-0.466	0	0	0	0	54593564	54593574	0
18162	0	0	4	55	-87.581	-24.475	-0.635	0	0	0	0	5	55	-86.217	-36.389	-0.195	0	0	0	0	6	55	-83.299	-32.089	10.63	0	0	0	0	7	55	-83.102	-29.952	-10.555	0	0	0	0	8	55	-86.243	-54.533	-3.158	0	0	0	0	9	55	-154.448	-1.771	1.879	0	0	0	0	10	55	3.748317E+28	-4.016435E+28	-3.290708E+28	0	0	0	0	1	0	-79.096	-19.595	0.977	5	5	5	4	2	0	-78.277	-10.303	0.035	5	5	5	1	0	0	-87.203	-5.704	-0.466	0	0	0	0	54593564	54593574	54593574
18178	0	0	4	55	-87.336	-24.58	-0.593	0	0	0	0	5	55	-86.235	-36.223	-0.336	0	0	0	0	6	55	-83.08	-32.148	10.724	0	0	0	0	7	55	-82.89	-30.198	-10.753	0	0	0	0	8	55	-86.26	-54.317	-3.212	0	0	0	0	9	55	-154.296	-1.605	2.018	0	0	0	0	10	55	3.747577E+28	-4.012874E+28	-3.295892E+28	0	0	0	0	1	0	-79.096	-19.595	0.977	5	5	5	4	2	0	-78.277	-10.303	0.035	5	5	5	1	0	0	-87.203	-5.704	-0.466	0	0	0	0	54593581	54593589	54593589
18194	0	0	4	55	-86.025	-24.491	-0.609	0	0	0	0	5	55	-85.622	-36.015	-0.281	0	0	0	0	6	55	-82.537	-32.103	11.028	0	0	0	0	7	55	-81.863	-30.581	-11.387	0	0	0	0	8	55	-86.206	-53.872	-3.253	0	0	0	0	9	55	-153.878	-1.313	2.042	0	0	0	0	10	55	3.751753E+28	-4.00856E+28	-3.29639E+28	0	0	0	0	1	0	-79.096	-19.595	0.977	5	5	5	4	2	0	-78.277	-10.303	0.035	5	5	5	1	0	0	-87.203	-5.704	-0.466	0	0	0	0	54593596	54593605	0
18194	0	0	4	55	-86.025	-24.491	-0.609	0	0	0	0	5	55	-85.622	-36.015	-0.281	0	0	0	0	6	55	-82.537	-32.103	11.028	0	0	0	0	7	55	-81.863	-30.581	-11.387	0	0	0	0	8	55	-86.206	-53.872	-3.253	0	0	0	0	9	55	-153.878	-1.313	2.042	0	0	0	0	10	55	3.751752E+28	-4.00856E+28	-3.296391E+28	0	0	0	0	1	0	-79.096	-19.595	0.977	5	5	5	4	2	0	-78.277	-10.303	0.035	5	5	5	1	0	0	-87.203	-5.704	-0.466	0	0	0	0	54593596	54593605	54593605
18211	0	0	4	55	-83.996	-23.889	-0.544	0	0	0	0	5	55	-84.39	-35.266	-0.374	0	0	0	0	6	55	-81.757	-31.807	11.512	0	0	0	0	7	55	-80.821	-29.56	-11.337	0	0	0	0	8	55	-86.045	-52.999	-3.197	0	0	0	0	9	55	-153.532	-0.809	1.885	0	0	0	0	10	55	3.750165E+28	-4.010332E+28	-3.296042E+28	0	0	0	0	1	0	-79.096	-19.595	0.977	5	5	5	4	2	0	-78.277	-10.303	0.035	5	5	5	1	0	0	-87.203	-5.704	-0.466	0	0	0	0	54593613	54593622	0
18211	0	0	4	55	-83.996	-23.889	-0.544	0	0	0	0	5	55	-84.39	-35.266	-0.374	0	0	0	0	6	55	-81.757	-31.807	11.512	0	0	0	0	7	55	-80.821	-29.56	-11.337	0	0	0	0	8	55	-86.045	-52.999	-3.197	0	0	0	0	9	55	-153.532	-0.809	1.885	0	0	0	0	10	55	3.750164E+28	-4.010332E+28	-3.296044E+28	0	0	0	0	1	0	-79.096	-19.595	0.977	5	5	5	4	2	0	-78.277	-10.303	0.035	5	5	5	1	0	0	-87.203	-5.704	-0.466	0	0	0	0	54593614	54593622	54593622
18228	0	0	4	55	-82.2	-23.386	-0.634	0	0	0	0	5	55	-83.166	-34.964	-0.424	0	0	0	0	6	55	-81.307	-31.737	11.576	0	0	0	0	7	55	-80.284	-30.229	-11.644	0	0	0	0	8	55	-86.125	-52.412	-3.239	0	0	0	0	9	55	-153.357	-0.597	1.917	0	0	0	0	10	55	3.752013E+28	-4.007071E+28	-3.297905E+28	0	0	0	0	1	0	-79.096	-19.595	0.977	5	5	5	4	2	0	-78.277	-10.303	0.035	5	5	5	1	0	0	-87.203	-5.704	-0.466	0	0	0	0	54593631	54593639	54593639
18244	0	0	4	55	-82.05	-23.591	-0.047	0	0	0	0	5	55	-82.914	-34.94	-0.476	0	0	0	0	6	55	-81.305	-31.966	11.759	0	0	0	0	7	55	-80.456	-31.358	-11.78	0	0	0	0	8	55	-86.413	-52.01	-3.259	0	0	0	0	9	55	-153.831	-0.938	2.202	0	0	0	0	10	55	3.783924E+28	-3.975784E+28	-3.299312E+28	0	0	0	0	1	0	-79.096	-19.595	0.977	5	5	5	4	2	0	-78.277	-10.303	0.035	5	5	5	1	0	0	-87.203	-5.704	-0.466	0	0	0	0	54593647	54593655	0
18244	0	0	4	55	-82.05	-23.591	-0.047	0	0	0	0	5	55	-82.914	-34.94	-0.476	0	0	0	0	6	55	-81.305	-31.966	11.759	0	0	0	0	7	55	-80.456	-31.358	-11.78	0	0	0	0	8	55	-86.413	-52.01	-3.259	0	0	0	0	9	55	-153.831	-0.938	2.202	0	0	0	0	10	55	3.783924E+28	-3.975784E+28	-3.299312E+28	0	0	0	0	1	0	-79.096	-19.595	0.977	5	5	5	4	2	0	-78.277	-10.303	0.035	5	5	5	1	0	0	-87.203	-5.704	-0.466	0	0	0	0	54593647	54593655	54593655
18261	0	0	4	55	-81.44	-23.039	-0.33	0	0	0	0	5	55	-82.485	-34.435	-0.496	0	0	0	0	6	55	-81.085	-31.782	11.718	0	0	0	0	7	55	-80.47	-31.048	-11.788	0	0	0	0	8	55	-86.454	-51.52	-3.235	0	0	0	0	9	55	-153.765	-0.556	2.082	0	0	0	0	10	55	3.775436E+28	-3.980307E+28	-3.303579E+28	0	0	0	0	1	1	-79.096	-19.595	0.977	5	5	5	4	2	0	-78.277	-10.303	0.035	5	5	5	1	0	0	-87.203	-5.704	-0.466	0	0	0	0	54593663	54593672	0
18261	0	0	4	55	-81.44	-23.039	-0.33	0	0	0	0	5	55	-82.485	-34.435	-0.496	0	0	0	0	6	55	-81.085	-31.782	11.718	0	0	0	0	7	55	-80.47	-31.048	-11.788	0	0	0	0	8	55	-86.454	-51.52	-3.234	0	0	0	0	9	55	-153.765	-0.556	2.082	0	0	0	0	10	55	3.775436E+28	-3.980308E+28	-3.303578E+28	0	0	0	0	1	2	-79.096	-19.595	0.977	5	5	5	4	2	0	-78.277	-10.303	0.035	5	5	5	1	0	0	-87.203	-5.704	-0.466	0	0	0	0	54593664	54593672	54593672
18278	0	0	4	55	-81.481	-22.921	-0.158	0	0	0	0	5	55	-82.212	-34.228	-0.262	0	0	0	0	6	55	-81.255	-31.754	11.843	0	0	0	0	7	55	-80.66	-30.93	-11.627	0	0	0	0	8	55	-86.699	-51.067	-3.089	0	0	0	0	9	55	-154.171	-0.873	2.259	0	0	0	0	10	55	3.798767E+28	-3.960986E+28	-3.300053E+28	0	0	0	0	1	2	-79.096	-19.595	0.977	5	5	5	4	2	0	-78.277	-10.303	0.035	5	5	5	1	0	0	-87.203	-5.704	-0.466	0	0	0	0	54593681	54593689	54593689
18294	0	0	4	55	-81.08	-22.537	-0.068	0	0	0	0	5	55	-81.956	-33.793	-0.257	0	0	0	0	6	55	-81.057	-31.81	11.746	0	0	0	0	7	55	-80.744	-31.004	-11.723	0	0	0	0	8	55	-87.141	-50.308	-3.115	0	0	0	0	9	55	-154.697	-1.025	2.17	0	0	0	0	10	55	3.792567E+28	-3.962331E+28	-3.305565E+28	0	0	0	0	1	2	-79.096	-19.595	0.977	5	5	5	4	2	0	-78.277	-10.303	0.035	5	5	5	1	0	0	-87.203	-5.704	-0.466	0	0	0	0	54593696	54593705	0
18294	0	0	4	55	-81.08	-22.537	-0.068	0	0	0	0	5	55	-81.956	-33.793	-0.257	0	0	0	0	6	55	-81.057	-31.81	11.746	0	0	0	0	7	55	-80.744	-31.004	-11.723	0	0	0	0	8	55	-87.141	-50.308	-3.115	0	0	0	0	9	55	-154.697	-1.025	2.17	0	0	0	0	10	55	3.792567E+28	-3.96233E+28	-3.305565E+28	0	0	0	0	1	2	-79.096	-19.595	0.977	5	5	5	4	2	0	-78.277	-10.303	0.035	5	5	5	1	0	0	-87.203	-5.704	-0.466	0	0	0	0	54593697	54593705	54593705
18311	0	0	4	55	-81.057	-22.319	-0.3	0	0	0	0	5	55	-81.91	-33.559	-0.302	0	0	0	0	6	55	-80.991	-31.598	11.819	0	0	0	0	7	55	-80.831	-31.028	-11.81	0	0	0	0	8	55	-87.257	-49.971	-3.097	0	0	0	0	9	55	-154.878	-0.911	2.319	0	0	0	0	10	55	3.787205E+28	-3.962169E+28	-3.311901E+28	0	0	0	0	1	2	-79.096	-19.595	0.977	5	5	5	4	2	0	-78.277	-10.303	0.035	5	5	5	1	0	0	-87.203	-5.704	-0.466	0	0	0	0	54593713	54593722	0
18311	0	0	4	55	-81.057	-22.319	-0.3	0	0	0	0	5	55	-81.91	-33.559	-0.302	0	0	0	0	6	55	-80.991	-31.598	11.819	0	0	0	0	7	55	-80.831	-31.028	-11.81	0	0	0	0	8	55	-87.257	-49.971	-3.097	0	0	0	0	9	55	-154.878	-0.911	2.319	0	0	0	0	10	55	3.787205E+28	-3.962169E+28	-3.311901E+28	0	0	0	0	1	2	-79.096	-19.595	0.977	5	5	5	4	2	0	-78.277	-10.303	0.035	5	5	5	1	0	0	-87.203	-5.704	-0.466	0	0	0	0	54593713	54593722	54593722
18328	0	0	4	55	-81.473	-22.084	-0.087	0	0	0	0	5	55	-82.358	-33.265	-0.27	0	0	0	0	6	55	-81.104	-31.426	11.87	0	0	0	0	7	55	-80.539	-30.541	-11.483	0	0	0	0	8	55	-87.674	-49.694	-3.062	0	0	0	0	9	55	-155.562	-1.121	2.319	0	0	0	0	10	55	3.788512E+28	-3.95795E+28	-3.31545E+28	0	0	0	0	1	2	-79.096	-19.595	0.977	5	5	5	4	2	0	-78.277	-10.303	0.035	5	5	5	1	0	0	-87.203	-5.704	-0.466	0	0	0	0	54593731	54593739	54593739
18344	0	0	4	55	-82.036	-21.966	-0.222	0	0	0	0	5	55	-83.049	-33.155	-0.176	0	0	0	0	6	55	-81.044	-31.552	11.753	0	0	0	0	7	55	-80.605	-30.805	-11.611	0	0	0	0	8	55	-87.871	-49.7	-3.068	0	0	0	0	9	55	-156.103	-1.356	2.355	0	0	0	0	10	55	3.783305E+28	-3.957435E+28	-3.322004E+28	0	0	0	0	1	2	-79.096	-19.595	0.977	5	5	5	4	2	0	-78.277	-10.303	0.035	5	5	5	1	0	0	-87.203	-5.704	-0.466	0	0	0	0	54593747	54593755	0
18345	0	0	4	55	-82.036	-21.966	-0.222	0	0	0	0	5	55	-83.049	-33.155	-0.176	0	0	0	0	6	55	-81.044	-31.552	11.753	0	0	0	0	7	55	-80.605	-30.805	-11.611	0	0	0	0	8	55	-87.871	-49.7	-3.068	0	0	0	0	9	55	-156.103	-1.356	2.355	0	0	0	0	10	55	3.783305E+28	-3.957435E+28	-3.322004E+28	0	0	0	0	1	2	-79.096	-19.595	0.977	5	5	5	4	2	0	-78.277	-10.303	0.035	5	5	5	1	0	0	-87.203	-5.704	-0.466	0	0	0	0	54593747	54593756	54593756
18361	0	0	4	55	-83.759	-22.304	0.011	0	0	0	0	5	55	-84.123	-33.335	-0.464	0	0	0	0	6	55	-81.575	-31.038	11.293	0	0	0	0	7	55	-80.444	-30.292	-11.535	0	0	0	0	8	55	-88.002	-50.142	-3.171	0	0	0	0	9	55	-156.799	-2.088	1.953	0	0	0	0	10	55	3.793587E+28	-3.958324E+28	-3.309195E+28	0	0	0	0	1	0	-79.096	-19.595	0.977	5	5	5	4	2	0	-78.277	-10.303	0.035	5	5	5	1	0	0	-87.203	-5.704	-0.466	0	0	0	0	54593764	54593772	0
18361	0	0	4	55	-83.759	-22.304	0.011	0	0	0	0	5	55	-84.123	-33.335	-0.464	0	0	0	0	6	55	-81.575	-31.038	11.293	0	0	0	0	7	55	-80.444	-30.292	-11.535	0	0	0	0	8	55	-88.002	-50.142	-3.171	0	0	0	0	9	55	-156.799	-2.088	1.953	0	0	0	0	10	55	3.793587E+28	-3.958324E+28	-3.309195E+28	0	0	0	0	1	0	-79.096	-19.595	0.977	5	5	5	4	2	0	-78.277	-10.303	0.035	5	5	5	1	0	0	-87.203	-5.704	-0.466	0	0	0	0	54593764	54593772	54593772
18378	0	0	4	55	-85.512	-22.242	0.194	0	0	0	0	5	55	-84.94	-33.491	-0.579	0	0	0	0	6	55	-81.434	-30.807	11.68	0	0	0	0	7	55	-80.574	-30.6	-11.696	0	0	0	0	8	55	-88.213	-50.398	-3.391	0	0	0	0	9	55	-157.089	-2.324	1.987	0	0	0	0	10	55	3.789614E+28	-3.954253E+28	-3.318601E+28	0	0	0	0	1	0	-79.096	-19.595	0.977	5	5	5	4	2	0	-78.277	-10.303	0.035	5	5	5	1	0	0	-87.203	-5.704	-0.466	0	0	0	0	54593781	54593789	54593789
18394	0	0	4	55	-87.283	-23.613	-0.645	0	0	0	0	5	55	-85.774	-34.69	-0.797	0	0	0	0	6	55	-82.367	-31.711	10.671	0	0	0	0	7	55	-81.214	-30.367	-11.411	0	0	0	0	8	55	-88.222	-51.805	-3.462	0	0	0	0	9	55	-157.496	-2.934	1.867	0	0	0	0	10	55	3.797292E+28	-3.953106E+28	-3.311181E+28	0	0	0	0	1	0	-79.096	-19.595	0.977	5	5	5	4	2	0	-78.277	-10.303	0.035	5	5	5	1	0	0	-87.203	-5.704	-0.466	0	0	0	0	54593797	54593805	0
18394	0	0	4	55	-87.283	-23.613	-0.645	0	0	0	0	5	55	-85.774	-34.69	-0.797	0	0	0	0	6	55	-82.367	-31.711	10.671	0	0	0	0	7	55	-81.214	-30.367	-11.411	0	0	0	0	8	55	-88.222	-51.805	-3.463	0	0	0	0	9	55	-157.496	-2.934	1.867	0	0	0	0	10	55	3.797291E+28	-3.953107E+28	-3.311181E+28	0	0	0	0	1	0	-79.096	-19.595	0.977	5	5	5	4	2	0	-78.277	-10.303	0.035	5	5	5	1	0	0	-87.203	-5.704	-0.466	0	0	0	0	54593797	54593805	54593805
18411	0	0	4	55	-88.247	-24.371	-0.635	0	0	0	0	5	55	-86.893	-35.637	-0.867	0	0	0	0	6	55	-82.947	-32.178	10.387	0	0	0	0	7	55	-82.434	-30.048	-11.249	0	0	0	0	8	55	-88.075	-53.063	-3.41	0	0	0	0	9	55	-157.568	-3.205	1.877	0	0	0	0	10	55	3.808043E+28	-3.944831E+28	-3.308702E+28	0	0	0	0	1	0	-79.096	-19.595	0.977	5	5	5	4	2	0	-78.277	-10.303	0.035	5	5	5	1	0	0	-87.203	-5.704	-0.466	0	0	0	0	54593813	54593822	0
18411	0	0	4	55	-88.247	-24.371	-0.635	0	0	0	0	5	55	-86.893	-35.637	-0.867	0	0	0	0	6	55	-82.947	-32.178	10.387	0	0	0	0	7	55	-82.434	-30.048	-11.249	0	0	0	0	8	55	-88.075	-53.063	-3.41	0	0	0	0	9	55	-157.568	-3.205	1.877	0	0	0	0	10	55	3.808043E+28	-3.944832E+28	-3.308702E+28	0	0	0	0	1	0	-79.096	-19.595	0.977	5	5	5	4	2	0	-78.277	-10.303	0.035	5	5	5	1	0	0	-87.203	-5.704	-0.466	0	0	0	0	54593813	54593822	54593822
18428	0	0	4	55	-89.067	-24.568	-0.724	0	0	0	0	5	55	-87.249	-35.896	-0.886	0	0	0	0	6	55	-83.299	-32.169	10.249	0	0	0	0	7	55	-82.377	-30.392	-11.266	0	0	0	0	8	55	-88.043	-53.431	-3.486	0	0	0	0	9	55	-157.537	-3.186	1.792	0	0	0	0	10	55	3.806869E+28	-3.947486E+28	-3.306886E+28	0	0	0	0	1	0	-79.096	-19.595	0.977	5	5	5	4	2	0	-78.277	-10.303	0.035	5	5	5	1	0	0	-87.203	-5.704	-0.466	0	0	0	0	54593831	54593839	54593839
18444	0	0	4	55	-89.667	-24.446	-0.769	0	0	0	0	5	55	-87.628	-36.029	-0.907	0	0	0	0	6	55	-83.529	-31.963	10.034	0	0	0	0	7	55	-82.581	-30.651	-11.47	0	0	0	0	8	55	-87.928	-53.622	-3.391	0	0	0	0	9	55	-156.997	-2.698	1.893	0	0	0	0	10	55	3.779522E+28	-3.974999E+28	-3.305297E+28	0	0	0	0	1	0	-79.096	-19.595	0.977	5	5	5	4	2	0	-78.277	-10.303	0.035	5	5	5	1	0	0	-87.203	-5.704	-0.466	0	0	0	0	54593846	54593855	0
18444	0	0	4	55	-89.667	-24.446	-0.769	0	0	0	0	5	55	-87.628	-36.029	-0.907	0	0	0	0	6	55	-83.529	-31.963	10.034	0	0	0	0	7	55	-82.581	-30.651	-11.47	0	0	0	0	8	55	-87.928	-53.622	-3.391	0	0	0	0	9	55	-156.997	-2.698	1.893	0	0	0	0	10	55	3.779523E+28	-3.974999E+28	-3.305297E+28	0	0	0	0	1	0	-79.096	-19.595	0.977	5	5	5	4	2	0	-78.277	-10.303	0.035	5	5	5	1	0	0	-87.203	-5.704	-0.466	0	0	0	0	54593847	54593855	54593855
18461	0	0	4	55	-90.252	-24.715	-0.729	0	0	0	0	5	55	-88.219	-36.303	-0.571	0	0	0	0	6	55	-84.084	-32.137	10.279	0	0	0	0	7	55	-83.185	-30.586	-11.148	0	0	0	0	8	55	-88.192	-54.001	-3.166	0	0	0	0	9	55	-157.441	-3.191	1.985	0	0	0	0	10	55	3.797343E+28	-3.958576E+28	-3.30458E+28	0	0	0	0	1	0	-79.096	-19.595	0.977	5	5	5	4	2	0	-78.277	-10.303	0.035	5	5	5	1	0	0	-87.203	-5.704	-0.466	0	0	0	0	54593862	54593872	0
18461	0	0	4	55	-90.252	-24.715	-0.729	0	0	0	0	5	55	-88.219	-36.303	-0.571	0	0	0	0	6	55	-84.084	-32.137	10.279	0	0	0	0	7	55	-83.185	-30.586	-11.148	0	0	0	0	8	55	-88.192	-54.001	-3.166	0	0	0	0	9	55	-157.441	-3.191	1.985	0	0	0	0	10	55	3.797343E+28	-3.958575E+28	-3.304582E+28	0	0	0	0	1	0	-79.096	-19.595	0.977	5	5	5	4	2	0	-78.277	-10.303	0.035	5	5	5	1	0	0	-87.203	-5.704	-0.466	0	0	0	0	54593862	54593873	54593873
18478	0	0	4	55	-90.666	-24.839	-0.65	0	0	0	0	5	55	-88.836	-36.55	-0.42	0	0	0	0	6	55	-84.579	-32.13	10.128	0	0	0	0	7	55	-83.541	-31.339	-11.081	0	0	0	0	8	55	-88.444	-54.35	-3.033	0	0	0	0	9	55	-157.252	-3.155	2.174	0	0	0	0	10	55	3.790314E+28	-3.961052E+28	-3.30968E+28	0	0	0	0	1	0	-79.096	-19.595	0.977	5	5	5	4	2	0	-78.277	-10.303	0.035	5	5	5	1	0	0	-87.203	-5.704	-0.466	0	0	0	0	54593880	54593889	54593889
18494	0	0	4	55	-90.577	-24.881	-1.051	0	0	0	0	5	55	-89.082	-36.688	-0.756	0	0	0	0	6	55	-84.714	-32.324	9.82	0	0	0	0	7	55	-83.825	-31.625	-11.317	0	0	0	0	8	55	-88.851	-54.415	-3.276	0	0	0	0	9	55	-157.386	-3.509	1.825	0	0	0	0	10	55	3.776165E+28	-3.975986E+28	-3.307946E+28	0	0	0	0	1	0	-79.096	-19.595	0.977	5	5	5	4	2	0	-78.277	-10.303	0.035	5	5	5	1	0	0	-87.203	-5.704	-0.466	0	0	0	0	54593896	54593905	0
18494	0	0	4	55	-90.577	-24.881	-1.051	0	0	0	0	5	55	-89.082	-36.688	-0.756	0	0	0	0	6	55	-84.714	-32.324	9.82	0	0	0	0	7	55	-83.825	-31.625	-11.317	0	0	0	0	8	55	-88.851	-54.415	-3.276	0	0	0	0	9	55	-157.386	-3.509	1.825	0	0	0	0	10	55	3.776166E+28	-3.975986E+28	-3.307945E+28	0	0	0	0	1	0	-79.096	-19.595	0.977	5	5	5	4	2	0	-78.277	-10.303	0.035	5	5	5	1	0	0	-87.203	-5.704	-0.466	0	0	0	0	54593896	54593905	54593905
18511	0	0	4	55	-90.47	-24.993	-1.04	0	0	0	0	5	55	-89.389	-36.861	-0.668	0	0	0	0	6	55	-84.828	-32.446	9.836	0	0	0	0	7	55	-83.978	-31.146	-11.205	0	0	0	0	8	55	-89.036	-54.612	-3.15	0	0	0	0	9	55	-157.34	-3.6	1.894	0	0	0	0	10	55	3.774084E+28	-3.98523E+28	-3.299186E+28	0	0	0	0	1	0	-79.096	-19.595	0.977	5	5	5	4	2	0	-78.277	-10.303	0.035	5	5	5	1	0	0	-87.203	-5.704	-0.466	0	0	0	0	54593913	54593922	0
18511	0	0	4	55	-90.47	-24.993	-1.04	0	0	0	0	5	55	-89.389	-36.861	-0.668	0	0	0	0	6	55	-84.828	-32.446	9.836	0	0	0	0	7	55	-83.978	-31.146	-11.205	0	0	0	0	8	55	-89.036	-54.612	-3.15	0	0	0	0	9	55	-157.34	-3.6	1.894	0	0	0	0	10	55	3.774084E+28	-3.985229E+28	-3.299187E+28	0	0	0	0	1	0	-79.096	-19.595	0.977	5	5	5	4	2	0	-78.277	-10.303	0.035	5	5	5	1	0	0	-87.203	-5.704	-0.466	0	0	0	0	54593913	54593922	54593922
18528	0	0	4	55	-90.293	-24.697	-0.734	0	0	0	0	5	55	-89.374	-36.536	-0.294	0	0	0	0	6	55	-84.676	-32.117	10.027	0	0	0	0	7	55	-83.794	-30.916	-11.03	0	0	0	0	8	55	-88.999	-54.339	-2.823	0	0	0	0	9	55	-157.057	-3.298	2.166	0	0	0	0	10	55	3.76055E+28	-3.998554E+28	-3.298518E+28	0	0	0	0	1	0	-79.096	-19.595	0.977	5	5	5	4	2	0	-78.277	-10.303	0.035	5	5	5	1	0	0	-87.203	-5.704	-0.466	0	0	0	0	54593931	54593939	54593939
18544	0	0	4	55	-89.883	-24.946	-0.959	0	0	0	0	5	55	-89.399	-36.901	-0.572	0	0	0	0	6	55	-84.648	-32.313	10.074	0	0	0	0	7	55	-83.937	-31.365	-11.298	0	0	0	0	8	55	-88.981	-54.619	-2.853	0	0	0	0	9	55	-156.779	-3.475	2.002	0	0	0	0	10	55	3.759724E+28	-4.004923E+28	-3.291726E+28	0	0	0	0	1	0	-79.096	-19.595	0.977	5	5	5	4	2	0	-78.277	-10.303	0.035	5	5	5	1	0	0	-87.203	-5.704	-0.466	0	0	0	0	54593945	54593955	0
18544	0	0	4	55	-89.883	-24.946	-0.959	0	0	0	0	5	55	-89.399	-36.901	-0.572	0	0	0	0	6	55	-84.648	-32.313	10.074	0	0	0	0	7	55	-83.937	-31.365	-11.298	0	0	0	0	8	55	-88.981	-54.619	-2.853	0	0	0	0	9	55	-156.779	-3.475	2.002	0	0	0	0	10	55	3.759724E+28	-4.004923E+28	-3.291726E+28	0	0	0	0	1	0	-79.096	-19.595	0.977	5	5	5	4	2	0	-78.277	-10.303	0.035	5	5	5	1	0	0	-87.203	-5.704	-0.466	0	0	0	0	54593945	54593955	54593955
18561	0	0	4	55	-90.064	-24.773	-0.877	0	0	0	0	5	55	-89.523	-36.714	-0.393	0	0	0	0	6	55	-84.708	-32.228	10.032	0	0	0	0	7	55	-83.754	-31.54	-11.189	0	0	0	0	8	55	-89.006	-54.573	-2.972	0	0	0	0	9	55	-156.555	-3.268	2.157	0	0	0	0	10	55	3.749755E+28	-4.006395E+28	-3.301292E+28	0	0	0	0	1	0	-79.096	-19.595	0.977	5	5	5	4	2	0	-78.277	-10.303	0.035	5	5	5	1	0	0	-87.203	-5.704	-0.466	0	0	0	0	54593963	54593972	0
18561	0	0	4	55	-90.064	-24.773	-0.877	0	0	0	0	5	55	-89.523	-36.714	-0.393	0	0	0	0	6	55	-84.708	-32.228	10.032	0	0	0	0	7	55	-83.754	-31.54	-11.189	0	0	0	0	8	55	-89.006	-54.573	-2.972	0	0	0	0	9	55	-156.555	-3.268	2.157	0	0	0	0	10	55	3.749756E+28	-4.006394E+28	-3.301292E+28	0	0	0	0	1	0	-79.096	-19.595	0.977	5	5	5	4	2	0	-78.277	-10.303	0.035	5	5	5	1	0	0	-87.203	-5.704	-0.466	0	0	0	0	54593964	54593972	54593972
18578	0	0	4	55	-89.674	-24.477	-0.769	0	0	0	0	5	55	-89.089	-36.478	-0.456	0	0	0	0	6	55	-84.552	-31.901	10.214	0	0	0	0	7	55	-83.665	-31.019	-11.446	0	0	0	0	8	55	-88.843	-54.382	-2.809	0	0	0	0	9	55	-156.274	-2.982	2.115	0	0	0	0	10	55	3.73422E+28	-4.023219E+28	-3.29844E+28	0	0	0	0	1	0	-79.096	-19.595	0.977	5	5	5	4	2	0	-78.277	-10.303	0.035	5	5	5	1	0	0	-87.203	-5.704	-0.466	0	0	0	0	54593980	54593989	54593989
18594	0	0	4	55	-89.669	-24.462	-0.772	0	0	0	0	5	55	-88.967	-36.688	-0.188	0	0	0	0	6	55	-84.672	-32.08	10.32	0	0	0	0	7	55	-83.617	-31.607	-10.971	0	0	0	0	8	55	-88.756	-54.65	-2.759	0	0	0	0	9	55	-156.438	-3.522	2.33	0	0	0	0	10	55	3.758286E+28	-3.997229E+28	-3.302701E+28	0	0	0	0	1	0	-79.096	-19.595	0.977	5	5	5	4	2	0	-78.277	-10.303	0.035	5	5	5	1	0	0	-87.203	-5.704	-0.466	0	0	0	0	54593996	54594005	0
18594	0	0	4	55	-89.669	-24.462	-0.772	0	0	0	0	5	55	-88.967	-36.688	-0.188	0	0	0	0	6	55	-84.672	-32.08	10.32	0	0	0	0	7	55	-83.617	-31.607	-10.971	0	0	0	0	8	55	-88.756	-54.65	-2.759	0	0	0	0	9	55	-156.438	-3.522	2.33	0	0	0	0	10	55	3.758287E+28	-3.997229E+28	-3.302701E+28	0	0	0	0	1	0	-79.096	-19.595	0.977	5	5	5	4	2	0	-78.277	-10.303	0.035	5	5	5	1	0	0	-87.203	-5.704	-0.466	0	0	0	0	54593996	54594005	54594005
18611	0	0	4	55	-89.522	-24.301	-0.843	0	0	0	0	5	55	-88.778	-36.569	-0.332	0	0	0	0	6	55	-84.64	-31.905	10.514	0	0	0	0	7	55	-83.612	-31.375	-11.287	0	0	0	0	8	55	-88.701	-54.556	-2.781	0	0	0	0	9	55	-156.363	-3.256	2.312	0	0	0	0	10	55	3.752072E+28	-4.003539E+28	-3.302123E+28	0	0	0	0	1	0	-79.096	-19.595	0.977	5	5	5	4	2	0	-78.277	-10.303	0.035	5	5	5	1	0	0	-87.203	-5.704	-0.466	0	0	0	0	54594012	54594022	0
18611	0	0	4	55	-89.522	-24.301	-0.843	0	0	0	0	5	55	-88.778	-36.569	-0.332	0	0	0	0	6	55	-84.64	-31.905	10.514	0	0	0	0	7	55	-83.612	-31.375	-11.287	0	0	0	0	8	55	-88.701	-54.556	-2.781	0	0	0	0	9	55	-156.363	-3.256	2.312	0	0	0	0	10	55	3.752072E+28	-4.003538E+28	-3.302124E+28	0	0	0	0	1	0	-79.096	-19.595	0.977	5	5	5	4	2	0	-78.277	-10.303	0.035	5	5	5	1	0	0	-87.203	-5.704	-0.466	0	0	0	0	54594012	54594022	54594022
18628	0	0	4	55	-89.003	-24.249	-0.744	0	0	0	0	5	55	-88.313	-36.486	-0.267	0	0	0	0	6	55	-84.343	-32.023	10.427	0	0	0	0	7	55	-83.227	-31.615	-11.073	0	0	0	0	8	55	-88.513	-54.541	-2.767	0	0	0	0	9	55	-156.053	-3.235	2.191	0	0	0	0	10	55	3.755567E+28	-4.00838E+28	-3.292264E+28	0	0	0	0	1	0	-79.096	-19.595	0.977	5	5	5	4	2	0	-78.277	-10.303	0.035	5	5	5	1	0	0	-87.203	-5.704	-0.466	0	0	0	0	54594030	54594039	54594039
18644	0	0	4	55	-88.525	-24.282	-0.942	0	0	0	0	5	55	-87.76	-36.707	-0.496	0	0	0	0	6	55	-84.17	-31.976	10.538	0	0	0	0	7	55	-82.96	-31.292	-11.402	0	0	0	0	8	55	-88.46	-54.648	-2.928	0	0	0	0	9	55	-155.843	-3.082	2.133	0	0	0	0	10	55	3.757689E+28	-4.007922E+28	-3.2904E+28	0	0	0	0	1	0	-79.096	-19.595	0.977	5	5	5	4	2	0	-78.277	-10.303	0.035	5	5	5	1	0	0	-87.203	-5.704	-0.466	0	0	0	0	54594046	54594055	0
18644	0	0	4	55	-88.525	-24.282	-0.942	0	0	0	0	5	55	-87.76	-36.707	-0.496	0	0	0	0	6	55	-84.17	-31.976	10.538	0	0	0	0	7	55	-82.96	-31.292	-11.402	0	0	0	0	8	55	-88.46	-54.648	-2.928	0	0	0	0	9	55	-155.843	-3.082	2.133	0	0	0	0	10	55	3.757689E+28	-4.007922E+28	-3.2904E+28	0	0	0	0	1	0	-79.096	-19.595	0.977	5	5	5	4	2	0	-78.277	-10.303	0.035	5	5	5	1	0	0	-87.203	-5.704	-0.466	0	0	0	0	54594046	54594055	54594055
18661	0	0	4	55	-88.256	-24.528	-0.739	0	0	0	0	5	55	-87.509	-36.918	-0.518	0	0	0	0	6	55	-83.914	-32.302	10.513	0	0	0	0	7	55	-82.904	-31.72	-11.601	0	0	0	0	8	55	-88.456	-54.912	-2.951	0	0	0	0	9	55	-155.732	-3.211	1.953	0	0	0	0	10	55	3.764186E+28	-4.004601E+28	-3.287016E+28	0	0	0	0	1	0	-79.096	-19.595	0.977	5	5	5	4	2	0	-78.277	-10.303	0.035	5	5	5	1	0	0	-87.203	-5.704	-0.466	0	0	0	0	54594064	54594072	0
18661	0	0	4	55	-88.256	-24.527	-0.739	0	0	0	0	5	55	-87.509	-36.918	-0.518	0	0	0	0	6	55	-83.914	-32.302	10.513	0	0	0	0	7	55	-82.904	-31.719	-11.601	0	0	0	0	8	55	-88.456	-54.911	-2.951	0	0	0	0	9	55	-155.732	-3.211	1.953	0	0	0	0	10	55	3.764185E+28	-4.004601E+28	-3.287017E+28	0	0	0	0	1	0	-79.096	-19.595	0.977	5	5	5	4	2	0	-78.277	-10.303	0.035	5	5	5	1	0	0	-87.203	-5.704	-0.466	0	0	0	0	54594064	54594072	54594072
18678	0	0	4	55	-88.156	-24.724	-0.813	0	0	0	0	5	55	-87.306	-37.207	-0.62	0	0	0	0	6	55	-83.846	-32.394	10.546	0	0	0	0	7	55	-82.752	-32.073	-11.617	0	0	0	0	8	55	-88.433	-55.149	-3.023	0	0	0	0	9	55	-155.634	-3.265	1.874	0	0	0	0	10	55	3.771201E+28	-4.001299E+28	-3.282993E+28	0	0	0	0	1	0	-79.096	-19.595	0.977	5	5	5	4	2	0	-78.277	-10.303	0.035	5	5	5	1	0	0	-87.203	-5.704	-0.466	0	0	0	0	54594080	54594089	54594089
18694	0	0	4	55	-87.819	-24.854	-0.844	0	0	0	0	5	55	-87.087	-37.456	-0.532	0	0	0	0	6	55	-83.756	-32.597	10.446	0	0	0	0	7	55	-82.7	-31.811	-11.743	0	0	0	0	8	55	-88.586	-55.337	-2.94	0	0	0	0	9	55	-155.5	-3.121	1.775	0	0	0	0	10	55	3.769557E+28	-4.005634E+28	-3.279594E+28	0	0	0	0	1	0	-79.096	-19.595	0.977	5	5	5	4	2	0	-78.277	-10.303	0.035	5	5	5	1	0	0	-87.203	-5.704	-0.466	0	0	0	0	54594097	54594105	0
18694	0	0	4	55	-87.819	-24.854	-0.844	0	0	0	0	5	55	-87.087	-37.456	-0.532	0	0	0	0	6	55	-83.756	-32.597	10.447	0	0	0	0	7	55	-82.7	-31.811	-11.743	0	0	0	0	8	55	-88.586	-55.337	-2.94	0	0	0	0	9	55	-155.5	-3.122	1.775	0	0	0	0	10	55	3.769557E+28	-4.005634E+28	-3.279593E+28	0	0	0	0	1	0	-79.096	-19.595	0.977	5	5	5	4	2	0	-78.277	-10.303	0.035	5	5	5	1	0	0	-87.203	-5.704	-0.466	0	0	0	0	54594097	54594106	54594106
18711	0	0	4	55	-87.631	-24.441	-0.815	0	0	0	0	5	55	-87.119	-37.204	-0.402	0	0	0	0	6	55	-83.718	-32.42	10.64	0	0	0	0	7	55	-82.909	-31.386	-11.498	0	0	0	0	8	55	-88.777	-55.238	-2.959	0	0	0	0	9	55	-155.499	-2.799	1.886	0	0	0	0	10	55	3.748617E+28	-4.004786E+28	-3.304535E+28	0	0	0	0	1	0	-79.096	-19.595	0.977	5	5	5	4	2	0	-78.277	-10.303	0.035	5	5	5	1	0	0	-87.203	-5.704	-0.466	0	0	0	0	54594113	54594122	0
18711	0	0	4	55	-87.631	-24.441	-0.815	0	0	0	0	5	55	-87.119	-37.204	-0.402	0	0	0	0	6	55	-83.718	-32.42	10.64	0	0	0	0	7	55	-82.909	-31.386	-11.498	0	0	0	0	8	55	-88.777	-55.238	-2.959	0	0	0	0	9	55	-155.499	-2.799	1.886	0	0	0	0	10	55	3.748617E+28	-4.004787E+28	-3.304535E+28	0	0	0	0	1	0	-79.096	-19.595	0.977	5	5	5	4	2	0	-78.277	-10.303	0.035	5	5	5	1	0	0	-87.203	-5.704	-0.466	0	0	0	0	54594113	54594122	54594122
18728	0	0	4	55	-87.513	-24.47	-0.78	0	0	0	0	5	55	-87.023	-37.219	-0.312	0	0	0	0	6	55	-83.735	-32.384	10.7	0	0	0	0	7	55	-82.801	-31.726	-11.701	0	0	0	0	8	55	-88.824	-55.165	-2.991	0	0	0	0	9	55	-155.465	-2.799	1.842	0	0	0	0	10	55	3.7515E+28	-4.004132E+28	-3.302056E+28	0	0	0	0	1	0	-79.096	-19.595	0.977	5	5	5	4	2	0	-78.277	-10.303	0.035	5	5	5	1	0	0	-87.203	-5.704	-0.466	0	0	0	0	54594130	54594139	54594139
18744	0	0	4	55	-87.193	-24.416	-0.851	0	0	0	0	5	55	-86.784	-37.158	-0.398	0	0	0	0	6	55	-83.746	-32.357	10.7	0	0	0	0	7	55	-82.561	-31.224	-11.506	0	0	0	0	8	55	-88.841	-55.199	-2.969	0	0	0	0	9	55	-155.494	-2.779	1.905	0	0	0	0	10	55	3.74321E+28	-4.004793E+28	-3.31065E+28	0	0	0	0	1	0	-79.096	-19.595	0.977	5	5	5	4	2	0	-78.277	-10.303	0.035	5	5	5	1	0	0	-87.203	-5.704	-0.466	0	0	0	0	54594146	54594155	0
18744	0	0	4	55	-87.193	-24.416	-0.851	0	0	0	0	5	55	-86.784	-37.158	-0.398	0	0	0	0	6	55	-83.746	-32.357	10.7	0	0	0	0	7	55	-82.561	-31.224	-11.506	0	0	0	0	8	55	-88.841	-55.199	-2.969	0	0	0	0	9	55	-155.494	-2.779	1.905	0	0	0	0	10	55	3.743209E+28	-4.004793E+28	-3.310651E+28	0	0	0	0	1	0	-79.096	-19.595	0.977	5	5	5	4	2	0	-78.277	-10.303	0.035	5	5	5	1	0	0	-87.203	-5.704	-0.466	0	0	0	0	54594146	54594155	54594155
18761	0	0	4	55	-87.114	-24.485	-0.799	0	0	0	0	5	55	-86.661	-37.234	-0.215	0	0	0	0	6	55	-83.614	-32.43	10.829	0	0	0	0	7	55	-82.728	-31.58	-11.642	0	0	0	0	8	55	-88.879	-55.229	-2.83	0	0	0	0	9	55	-155.348	-2.457	2.048	0	0	0	0	10	55	3.738327E+28	-4.004761E+28	-3.316201E+28	0	0	0	0	1	0	-79.096	-19.595	0.977	5	5	5	4	2	0	-78.277	-10.303	0.035	5	5	5	1	0	0	-87.203	-5.704	-0.466	0	0	0	0	54594163	54594172	0
18761	0	0	4	55	-87.114	-24.485	-0.799	0	0	0	0	5	55	-86.661	-37.234	-0.215	0	0	0	0	6	55	-83.614	-32.43	10.829	0	0	0	0	7	55	-82.728	-31.58	-11.642	0	0	0	0	8	55	-88.879	-55.229	-2.83	0	0	0	0	9	55	-155.348	-2.457	2.048	0	0	0	0	10	55	3.738327E+28	-4.004761E+28	-3.316201E+28	0	0	0	0	1	0	-79.096	-19.595	0.977	5	5	5	4	2	0	-78.277	-10.303	0.035	5	5	5	1	0	0	-87.203	-5.704	-0.466	0	0	0	0	54594164	54594172	54594172
18778	0	0	4	55	-87.237	-24.421	-0.661	0	0	0	0	5	55	-86.744	-37.171	-0.302	0	0	0	0	6	55	-83.749	-32.296	10.787	0	0	0	0	7	55	-82.663	-31.202	-11.493	0	0	0	0	8	55	-88.897	-55.192	-2.984	0	0	0	0	9	55	-155.498	-2.69	1.908	0	0	0	0	10	55	3.731585E+28	-4.004307E+28	-3.324334E+28	0	0	0	0	1	0	-79.096	-19.595	0.977	5	5	5	4	2	0	-78.277	-10.303	0.035	5	5	5	1	0	0	-87.203	-5.704	-0.466	0	0	0	0	54594180	54594189	54594189
18794	0	0	4	55	-86.979	-23.694	-0.665	0	0	0	0	5	55	-86.445	-36.438	-0.216	0	0	0	0	6	55	-83.478	-31.578	10.928	0	0	0	0	7	55	-82.596	-30.701	-11.649	0	0	0	0	8	55	-88.873	-54.434	-2.928	0	0	0	0	9	55	-154.977	-1.871	2.182	0	0	0	0	10	55	3.707537E+28	-4.021974E+28	-3.329908E+28	0	0	0	0	1	0	-79.096	-19.595	0.977	5	5	5	4	2	0	-78.277	-10.303	0.035	5	5	5	1	0	0	-87.203	-5.704	-0.466	0	0	0	0	54594197	54594206	0
18795	0	0	4	55	-86.979	-23.694	-0.665	0	0	0	0	5	55	-86.445	-36.438	-0.216	0	0	0	0	6	55	-83.478	-31.578	10.928	0	0	0	0	7	55	-82.596	-30.701	-11.649	0	0	0	0	8	55	-88.873	-54.434	-2.928	0	0	0	0	9	55	-154.977	-1.871	2.182	0	0	0	0	10	55	3.707537E+28	-4.021973E+28	-3.329909E+28	0	0	0	0	1	0	-79.096	-19.595	0.977	5	5	5	4	2	0	-78.277	-10.303	0.035	5	5	5	1	0	0	-87.203	-5.704	-0.466	0	0	0	0	54594197	54594206	54594206
18811	0	0	4	55	-86.796	-23.89	-0.894	0	0	0	0	5	55	-86.148	-36.751	-0.419	0	0	0	0	6	55	-83.347	-31.847	10.668	0	0	0	0	7	55	-82.363	-31.166	-11.589	0	0	0	0	8	55	-88.697	-54.759	-3.115	0	0	0	0	9	55	-154.926	-2.112	1.726	0	0	0	0	10	55	3.719178E+28	-4.021242E+28	-3.317789E+28	0	0	0	0	1	0	-79.096	-19.595	0.977	5	5	5	4	2	0	-78.277	-10.303	0.035	5	5	5	1	0	0	-87.203	-5.704	-0.466	0	0	0	0	54594214	54594222	0
18811	0	0	4	55	-86.796	-23.89	-0.894	0	0	0	0	5	55	-86.148	-36.751	-0.419	0	0	0	0	6	55	-83.347	-31.847	10.668	0	0	0	0	7	55	-82.363	-31.166	-11.589	0	0	0	0	8	55	-88.697	-54.759	-3.115	0	0	0	0	9	55	-154.926	-2.112	1.726	0	0	0	0	10	55	3.719178E+28	-4.021242E+28	-3.317789E+28	0	0	0	0	1	0	-79.096	-19.595	0.977	5	5	5	4	2	0	-78.277	-10.303	0.035	5	5	5	1	0	0	-87.203	-5.704	-0.466	0	0	0	0	54594214	54594222	54594222
18828	0	0	4	55	-86.849	-23.951	-0.839	0	0	0	0	5	55	-86.152	-36.863	-0.432	0	0	0	0	6	55	-83.428	-31.993	10.693	0	0	0	0	7	55	-82.332	-31.154	-11.948	0	0	0	0	8	55	-88.915	-54.746	-3.068	0	0	0	0	9	55	-154.849	-2.23	1.947	0	0	0	0	10	55	3.725359E+28	-4.014326E+28	-3.319228E+28	0	0	0	0	1	0	-79.096	-19.595	0.977	5	5	5	4	2	0	-78.277	-10.303	0.035	5	5	5	1	0	0	-87.203	-5.704	-0.466	0	0	0	0	54594231	54594239	54594239
18844	0	0	4	55	-86.518	-24.003	-0.702	0	0	0	0	5	55	-85.863	-36.924	-0.205	0	0	0	0	6	55	-83.328	-31.982	10.864	0	0	0	0	7	55	-82.206	-31.334	-11.494	0	0	0	0	8	55	-88.607	-54.885	-2.868	0	0	0	0	9	55	-154.767	-2.196	1.784	0	0	0	0	10	55	3.723244E+28	-4.021742E+28	-3.312618E+28	0	0	0	0	1	0	-79.096	-19.595	0.977	5	5	5	4	2	0	-78.277	-10.303	0.035	5	5	5	1	0	0	-87.203	-5.704	-0.466	0	0	0	0	54594247	54594255	0
18844	0	0	4	55	-86.518	-24.003	-0.702	0	0	0	0	5	55	-85.863	-36.924	-0.205	0	0	0	0	6	55	-83.328	-31.982	10.864	0	0	0	0	7	55	-82.206	-31.334	-11.494	0	0	0	0	8	55	-88.607	-54.885	-2.868	0	0	0	0	9	55	-154.767	-2.196	1.784	0	0	0	0	10	55	3.723244E+28	-4.021743E+28	-3.312618E+28	0	0	0	0	1	0	-79.096	-19.595	0.977	5	5	5	4	2	0	-78.277	-10.303	0.035	5	5	5	1	0	0	-87.203	-5.704	-0.466	0	0	0	0	54594247	54594255	54594255
18861	0	0	4	55	-86.461	-24.054	-0.712	0	0	0	0	5	55	-85.863	-36.94	-0.177	0	0	0	0	6	55	-83.262	-31.928	10.949	0	0	0	0	7	55	-82.47	-31.32	-11.687	0	0	0	0	8	55	-88.769	-54.875	-2.84	0	0	0	0	9	55	-154.684	-2.089	2	0	0	0	0	10	55	3.725706E+28	-4.013537E+28	-3.319794E+28	0	0	0	0	1	0	-79.096	-19.595	0.977	5	5	5	4	2	0	-78.277	-10.303	0.035	5	5	5	1	0	0	-87.203	-5.704	-0.466	0	0	0	0	54594264	54594272	0
18861	0	0	4	55	-86.461	-24.054	-0.712	0	0	0	0	5	55	-85.863	-36.94	-0.177	0	0	0	0	6	55	-83.262	-31.928	10.949	0	0	0	0	7	55	-82.47	-31.32	-11.687	0	0	0	0	8	55	-88.769	-54.875	-2.84	0	0	0	0	9	55	-154.684	-2.089	2	0	0	0	0	10	55	3.725706E+28	-4.013537E+28	-3.319794E+28	0	0	0	0	1	0	-79.096	-19.595	0.977	5	5	5	4	2	0	-78.277	-10.303	0.035	5	5	5	1	0	0	-87.203	-5.704	-0.466	0	0	0	0	54594264	54594273	54594273
18878	0	0	4	55	-86.43	-24.057	-0.713	0	0	0	0	5	55	-85.799	-37.014	-0.192	0	0	0	0	6	55	-83.246	-31.983	11.04	0	0	0	0	7	55	-82.408	-31.519	-11.74	0	0	0	0	8	55	-88.821	-54.835	-2.848	0	0	0	0	9	55	-154.75	-2.138	1.964	0	0	0	0	10	55	3.726871E+28	-4.011749E+28	-3.320646E+28	0	0	0	0	1	0	-79.096	-19.595	0.977	5	5	5	4	2	0	-78.277	-10.303	0.035	5	5	5	1	0	0	-87.203	-5.704	-0.466	0	0	0	0	54594281	54594289	54594289
18894	0	0	4	55	-86.293	-24.047	-0.584	0	0	0	0	5	55	-86.024	-36.593	-0.177	0	0	0	0	6	55	-83.136	-32.018	11.028	0	0	0	0	7	55	-82.21	-30.985	-11.326	0	0	0	0	8	55	-88.736	-54.832	-2.825	0	0	0	0	9	55	-154.647	-1.915	1.963	0	0	0	0	10	55	3.73373E+28	-4.013678E+28	-3.310597E+28	0	0	0	0	1	0	-79.096	-19.595	0.977	5	5	5	4	2	0	-78.277	-10.303	0.035	5	5	5	1	0	0	-87.203	-5.704	-0.466	0	0	0	0	54594297	54594305	0
18894	0	0	4	55	-86.293	-24.047	-0.584	0	0	0	0	5	55	-86.024	-36.593	-0.177	0	0	0	0	6	55	-83.136	-32.018	11.028	0	0	0	0	7	55	-82.21	-30.985	-11.326	0	0	0	0	8	55	-88.736	-54.832	-2.825	0	0	0	0	9	55	-154.647	-1.915	1.963	0	0	0	0	10	55	3.733729E+28	-4.013678E+28	-3.310597E+28	0	0	0	0	1	0	-79.096	-19.595	0.977	5	5	5	4	2	0	-78.277	-10.303	0.035	5	5	5	1	0	0	-87.203	-5.704	-0.466	0	0	0	0	54594297	54594305	54594305
18911	0	0	4	55	-86.449	-24.182	-0.495	0	0	0	0	5	55	-86.033	-36.745	-0.146	0	0	0	0	6	55	-83.287	-32.016	11.19	0	0	0	0	7	55	-82.029	-31.385	-11.559	0	0	0	0	8	55	-88.748	-55.021	-2.763	0	0	0	0	9	55	-154.755	-2.073	2.011	0	0	0	0	10	55	3.736449E+28	-4.002888E+28	-3.320577E+28	0	0	0	0	1	0	-79.096	-19.595	0.977	5	5	5	4	2	0	-78.277	-10.303	0.035	5	5	5	1	0	0	-87.203	-5.704	-0.466	0	0	0	0	54594314	54594323	0
18912	0	0	4	55	-86.449	-24.182	-0.495	0	0	0	0	5	55	-86.033	-36.745	-0.146	0	0	0	0	6	55	-83.287	-32.016	11.19	0	0	0	0	7	55	-82.029	-31.385	-11.559	0	0	0	0	8	55	-88.748	-55.021	-2.763	0	0	0	0	9	55	-154.755	-2.073	2.011	0	0	0	0	10	55	3.736449E+28	-4.002888E+28	-3.320577E+28	0	0	0	0	1	0	-79.096	-19.595	0.977	5	5	5	4	2	0	-78.277	-10.303	0.035	5	5	5	1	0	0	-87.203	-5.704	-0.466	0	0	0	0	54594314	54594323	54594323
18928	0	0	4	55	-86.401	-24.323	-0.476	0	0	0	0	5	55	-86.074	-36.842	-0.131	0	0	0	0	6	55	-83.286	-32.205	11.109	0	0	0	0	7	55	-82.277	-31.386	-11.619	0	0	0	0	8	55	-88.9	-54.999	-2.794	0	0	0	0	9	55	-154.872	-2.154	2.198	0	0	0	0	10	55	3.737827E+28	-3.999912E+28	-3.322612E+28	0	0	0	0	1	0	-79.096	-19.595	0.977	5	5	5	4	2	0	-78.277	-10.303	0.035	5	5	5	1	0	0	-87.203	-5.704	-0.466	0	0	0	0	54594330	54594339	54594339
18944	0	0	4	55	-86.174	-24.119	-0.642	0	0	0	0	5	55	-85.933	-36.693	-0.288	0	0	0	0	6	55	-83.202	-32.037	11.09	0	0	0	0	7	55	-82.268	-31.161	-11.537	0	0	0	0	8	55	-88.926	-54.924	-2.92	0	0	0	0	9	55	-154.588	-1.679	2.117	0	0	0	0	10	55	3.727008E+28	-4.007465E+28	-3.325662E+28	0	0	0	0	1	0	-79.096	-19.595	0.977	5	5	5	4	2	0	-78.277	-10.303	0.035	5	5	5	1	0	0	-87.203	-5.704	-0.466	0	0	0	0	54594347	54594355	0
18944	0	0	4	55	-86.174	-24.119	-0.642	0	0	0	0	5	55	-85.933	-36.693	-0.288	0	0	0	0	6	55	-83.202	-32.037	11.09	0	0	0	0	7	55	-82.268	-31.161	-11.537	0	0	0	0	8	55	-88.926	-54.924	-2.92	0	0	0	0	9	55	-154.588	-1.679	2.117	0	0	0	0	10	55	3.727008E+28	-4.007465E+28	-3.325663E+28	0	0	0	0	1	0	-79.096	-19.595	0.977	5	5	5	4	2	0	-78.277	-10.303	0.035	5	5	5	1	0	0	-87.203	-5.704	-0.466	0	0	0	0	54594347	54594355	54594355
18961	0	0	4	55	-86.177	-24.312	-0.61	0	0	0	0	5	55	-85.378	-37.26	0.038	0	0	0	0	6	55	-83.096	-32.178	11.05	0	0	0	0	7	55	-82.162	-31.152	-11.424	0	0	0	0	8	55	-88.87	-54.96	-2.8	0	0	0	0	9	55	-154.733	-1.833	1.951	0	0	0	0	10	55	3.736716E+28	-4.003176E+28	-3.319929E+28	0	0	0	0	1	0	-79.096	-19.595	0.977	5	5	5	4	2	0	-78.277	-10.303	0.035	5	5	5	1	0	0	-87.203	-5.704	-0.466	0	0	0	0	54594363	54594372	0
18961	0	0	4	55	-86.177	-24.312	-0.61	0	0	0	0	5	55	-85.378	-37.26	0.038	0	0	0	0	6	55	-83.096	-32.178	11.05	0	0	0	0	7	55	-82.162	-31.152	-11.424	0	0	0	0	8	55	-88.87	-54.96	-2.8	0	0	0	0	9	55	-154.733	-1.833	1.951	0	0	0	0	10	55	3.736716E+28	-4.003175E+28	-3.31993E+28	0	0	0	0	1	0	-79.096	-19.595	0.977	5	5	5	4	2	0	-78.277	-10.303	0.035	5	5	5	1	0	0	-87.203	-5.704	-0.466	0	0	0	0	54594364	54594372	54594372
18978	0	0	4	55	-86.068	-24.426	-0.628	0	0	0	0	5	55	-85.329	-37.402	-0.004	0	0	0	0	6	55	-83.089	-32.265	11.165	0	0	0	0	7	55	-82.087	-31.59	-11.504	0	0	0	0	8	55	-88.778	-55.096	-2.871	0	0	0	0	9	55	-154.79	-1.807	1.865	0	0	0	0	10	55	3.734789E+28	-4.004094E+28	-3.320991E+28	0	0	0	0	1	0	-79.096	-19.595	0.977	5	5	5	4	2	0	-78.277	-10.303	0.035	5	5	5	1	0	0	-87.203	-5.704	-0.466	0	0	0	0	54594380	54594389	54594389
18994	0	0	4	55	-86.251	-24.569	-0.529	0	0	0	0	5	55	-85.347	-37.53	-0.14	0	0	0	0	6	55	-83.042	-32.544	11.083	0	0	0	0	7	55	-81.996	-31.218	-11.635	0	0	0	0	8	55	-88.685	-55.32	-2.979	0	0	0	0	9	55	-154.794	-1.966	1.9	0	0	0	0	10	55	3.740978E+28	-3.996941E+28	-3.322641E+28	0	0	0	0	1	0	-79.096	-19.595	0.977	5	5	5	4	2	0	-78.277	-10.303	0.035	5	5	5	1	0	0	-87.203	-5.704	-0.466	0	0	0	0	54594396	54594405	0
18994	0	0	4	55	-86.251	-24.569	-0.529	0	0	0	0	5	55	-85.347	-37.53	-0.14	0	0	0	0	6	55	-83.042	-32.544	11.083	0	0	0	0	7	55	-81.996	-31.218	-11.635	0	0	0	0	8	55	-88.685	-55.32	-2.979	0	0	0	0	9	55	-154.794	-1.966	1.9	0	0	0	0	10	55	3.740979E+28	-3.996941E+28	-3.32264E+28	0	0	0	0	1	0	-79.096	-19.595	0.977	5	5	5	4	2	0	-78.277	-10.303	0.035	5	5	5	1	0	0	-87.203	-5.704	-0.466	0	0	0	0	54594397	54594405	54594405
19011	0	0	4	55	-86.145	-24.908	-0.555	0	0	0	0	5	55	-85.036	-37.9	0.03	0	0	0	0	6	55	-83.053	-32.729	10.992	0	0	0	0	7	55	-82.009	-31.956	-11.701	0	0	0	0	8	55	-88.351	-55.724	-2.873	0	0	0	0	9	55	-154.787	-2.323	1.786	0	0	0	0	10	55	3.758788E+28	-3.997866E+28	-3.30136E+28	0	0	0	0	1	0	-79.096	-19.595	0.977	5	5	5	4	2	0	-78.277	-10.303	0.035	5	5	5	1	0	0	-87.203	-5.704	-0.466	0	0	0	0	54594414	54594422	0
19011	0	0	4	55	-86.145	-24.908	-0.555	0	0	0	0	5	55	-85.036	-37.9	0.03	0	0	0	0	6	55	-83.053	-32.729	10.992	0	0	0	0	7	55	-82.009	-31.956	-11.701	0	0	0	0	8	55	-88.351	-55.724	-2.873	0	0	0	0	9	55	-154.787	-2.323	1.786	0	0	0	0	10	55	3.758788E+28	-3.997865E+28	-3.301361E+28	0	0	0	0	1	0	-79.096	-19.595	0.977	5	5	5	4	2	0	-78.277	-10.303	0.035	5	5	5	1	0	0	-87.203	-5.704	-0.466	0	0	0	0	54594414	54594422	54594422
19028	0	0	4	55	-86.185	-25.062	-0.549	0	0	0	0	5	55	-84.92	-38.107	0.061	0	0	0	0	6	55	-82.99	-32.95	10.989	0	0	0	0	7	55	-81.817	-31.898	-11.568	0	0	0	0	8	55	-88.152	-55.88	-2.986	0	0	0	0	9	55	-154.767	-2.502	1.74	0	0	0	0	10	55	3.767448E+28	-3.988799E+28	-3.302456E+28	0	0	0	0	1	0	-79.096	-19.595	0.977	5	5	5	4	2	0	-78.277	-10.303	0.035	5	5	5	1	0	0	-87.203	-5.704	-0.466	0	0	0	0	54594431	54594439	54594439
19044	0	0	4	55	-86.15	-25.014	-0.581	0	0	0	0	5	55	-84.873	-37.987	-0.062	0	0	0	0	6	55	-82.925	-32.934	10.998	0	0	0	0	7	55	-81.978	-32.036	-11.798	0	0	0	0	8	55	-88.391	-55.502	-2.996	0	0	0	0	9	55	-154.741	-2.278	1.782	0	0	0	0	10	55	3.76147E+28	-3.994111E+28	-3.302848E+28	0	0	0	0	1	0	-79.096	-19.595	0.977	5	5	5	4	2	0	-78.277	-10.303	0.035	5	5	5	1	0	0	-87.203	-5.704	-0.466	0	0	0	0	54594447	54594455	0
19044	0	0	4	55	-86.15	-25.014	-0.581	0	0	0	0	5	55	-84.873	-37.987	-0.062	0	0	0	0	6	55	-82.925	-32.934	10.998	0	0	0	0	7	55	-81.978	-32.036	-11.798	0	0	0	0	8	55	-88.391	-55.502	-2.996	0	0	0	0	9	55	-154.741	-2.278	1.782	0	0	0	0	10	55	3.761471E+28	-3.994111E+28	-3.302848E+28	0	0	0	0	1	0	-79.096	-19.595	0.977	5	5	5	4	2	0	-78.277	-10.303	0.035	5	5	5	1	0	0	-87.203	-5.704	-0.466	0	0	0	0	54594447	54594457	54594457
19061	0	0	4	55	-86.315	-25.059	-0.424	0	0	0	0	5	55	-84.687	-38.103	-0.018	0	0	0	0	6	55	-82.887	-32.953	11.136	0	0	0	0	7	55	-82.25	-32.032	-11.763	0	0	0	0	8	55	-88.261	-55.591	-2.994	0	0	0	0	9	55	-154.77	-2.208	1.891	0	0	0	0	10	55	3.756563E+28	-3.993258E+28	-3.30946E+28	0	0	0	0	1	0	-79.096	-19.595	0.977	5	5	5	4	2	0	-78.277	-10.303	0.035	5	5	5	1	0	0	-87.203	-5.704	-0.466	0	0	0	0	54594463	54594472	0
19061	0	0	4	55	-86.315	-25.059	-0.424	0	0	0	0	5	55	-84.687	-38.103	-0.018	0	0	0	0	6	55	-82.887	-32.953	11.135	0	0	0	0	7	55	-82.25	-32.032	-11.763	0	0	0	0	8	55	-88.261	-55.591	-2.994	0	0	0	0	9	55	-154.77	-2.207	1.891	0	0	0	0	10	55	3.756563E+28	-3.993258E+28	-3.30946E+28	0	0	0	0	1	0	-79.096	-19.595	0.977	5	5	5	4	2	0	-78.277	-10.303	0.035	5	5	5	1	0	0	-87.203	-5.704	-0.466	0	0	0	0	54594463	54594472	54594472
19078	0	0	4	55	-86.202	-25.068	-0.429	0	0	0	0	5	55	-84.67	-38.046	0.055	0	0	0	0	6	55	-82.918	-32.903	11.195	0	0	0	0	7	55	-82.081	-31.776	-11.784	0	0	0	0	8	55	-88.18	-55.588	-3.003	0	0	0	0	9	55	-154.712	-2.109	1.953	0	0	0	0	10	55	3.751819E+28	-3.995101E+28	-3.312615E+28	0	0	0	0	1	0	-79.096	-19.595	0.977	5	5	5	4	2	0	-78.277	-10.303	0.035	5	5	5	1	0	0	-87.203	-5.704	-0.466	0	0	0	0	54594481	54594489	54594489
19094	0	0	4	55	-86.212	-25.105	-0.276	0	0	0	0	5	55	-84.563	-38.126	0.132	0	0	0	0	6	55	-82.928	-32.972	11.244	0	0	0	0	7	55	-82.208	-31.433	-11.397	0	0	0	0	8	55	-88.015	-55.684	-3.006	0	0	0	0	9	55	-154.747	-2.09	1.953	0	0	0	0	10	55	3.748961E+28	-3.99784E+28	-3.312546E+28	0	0	0	0	1	0	-79.096	-19.595	0.977	5	5	5	4	2	0	-78.277	-10.303	0.035	5	5	5	1	0	0	-87.203	-5.704	-0.466	0	0	0	0	54594497	54594505	0
19094	0	0	4	55	-86.212	-25.105	-0.276	0	0	0	0	5	55	-84.563	-38.126	0.132	0	0	0	0	6	55	-82.928	-32.972	11.244	0	0	0	0	7	55	-82.208	-31.433	-11.397	0	0	0	0	8	55	-88.015	-55.684	-3.006	0	0	0	0	9	55	-154.747	-2.09	1.953	0	0	0	0	10	55	3.748961E+28	-3.997839E+28	-3.312547E+28	0	0	0	0	1	0	-79.096	-19.595	0.977	5	5	5	4	2	0	-78.277	-10.303	0.035	5	5	5	1	0	0	-87.203	-5.704	-0.466	0	0	0	0	54594497	54594505	54594505
19111	0	0	4	55	-86.168	-25.069	-0.341	0	0	0	0	5	55	-84.654	-37.985	0.136	0	0	0	0	6	55	-82.903	-32.932	11.194	0	0	0	0	7	55	-82.119	-31.623	-11.579	0	0	0	0	8	55	-87.751	-55.88	-2.974	0	0	0	0	9	55	-154.773	-1.948	1.894	0	0	0	0	10	55	3.742502E+28	-3.99844E+28	-3.319118E+28	0	0	0	0	1	0	-79.096	-19.595	0.977	5	5	5	4	2	0	-78.277	-10.303	0.035	5	5	5	1	0	0	-87.203	-5.704	-0.466	0	0	0	0	54594514	54594522	0
19111	0	0	4	55	-86.168	-25.069	-0.341	0	0	0	0	5	55	-84.654	-37.985	0.136	0	0	0	0	6	55	-82.903	-32.932	11.194	0	0	0	0	7	55	-82.119	-31.623	-11.579	0	0	0	0	8	55	-87.751	-55.88	-2.974	0	0	0	0	9	55	-154.773	-1.948	1.894	0	0	0	0	10	55	3.742502E+28	-3.99844E+28	-3.319118E+28	0	0	0	0	1	0	-79.096	-19.595	0.977	5	5	5	4	2	0	-78.277	-10.303	0.035	5	5	5	1	0	0	-87.203	-5.704	-0.466	0	0	0	0	54594514	54594522	54594522
19128	0	0	4	55	-86.24	-25.04	-0.262	0	0	0	0	5	55	-84.643	-37.946	0.25	0	0	0	0	6	55	-82.959	-32.903	11.272	0	0	0	0	7	55	-82.149	-31.345	-11.444	0	0	0	0	8	55	-87.74	-55.687	-2.879	0	0	0	0	9	55	-154.797	-1.933	1.938	0	0	0	0	10	55	3.739646E+28	-4.001277E+28	-3.318919E+28	0	0	0	0	1	0	-79.096	-19.595	0.977	5	5	5	4	2	0	-78.277	-10.303	0.035	5	5	5	1	0	0	-87.203	-5.704	-0.466	0	0	0	0	54594531	54594539	54594539
19144	0	0	4	55	-86.102	-25.151	-0.191	0	0	0	0	5	55	-84.391	-38.12	0.298	0	0	0	0	6	55	-82.918	-33.041	11.367	0	0	0	0	7	55	-82.122	-31.846	-11.443	0	0	0	0	8	55	-87.561	-55.802	-2.824	0	0	0	0	9	55	-154.851	-2.112	1.931	0	0	0	0	10	55	3.741926E+28	-3.999799E+28	-3.31813E+28	0	0	0	0	1	0	-79.096	-19.595	0.977	5	5	5	4	2	0	-78.277	-10.303	0.035	5	5	5	1	0	0	-87.203	-5.704	-0.466	0	0	0	0	54594547	54594555	0
19144	0	0	4	55	-86.102	-25.151	-0.191	0	0	0	0	5	55	-84.391	-38.12	0.298	0	0	0	0	6	55	-82.918	-33.041	11.367	0	0	0	0	7	55	-82.122	-31.846	-11.443	0	0	0	0	8	55	-87.561	-55.802	-2.824	0	0	0	0	9	55	-154.851	-2.112	1.931	0	0	0	0	10	55	3.741927E+28	-3.999799E+28	-3.318131E+28	0	0	0	0	1	0	-79.096	-19.595	0.977	5	5	5	4	2	0	-78.277	-10.303	0.035	5	5	5	1	0	0	-87.203	-5.704	-0.466	0	0	0	0	54594547	54594555	54594555
19161	0	0	4	55	-86.086	-25.205	-0.183	0	0	0	0	5	55	-84.498	-38.171	0.304	0	0	0	0	6	55	-82.954	-33.144	11.4	0	0	0	0	7	55	-82.053	-31.845	-11.422	0	0	0	0	8	55	-87.24	-56.111	-2.876	0	0	0	0	9	55	-154.861	-2.169	1.836	0	0	0	0	10	55	3.742744E+28	-4.002171E+28	-3.314347E+28	0	0	0	0	1	0	-79.096	-19.595	0.977	5	5	5	4	2	0	-78.277	-10.303	0.035	5	5	5	1	0	0	-87.203	-5.704	-0.466	0	0	0	0	54594564	54594572	0
19161	0	0	4	55	-86.086	-25.205	-0.183	0	0	0	0	5	55	-84.498	-38.171	0.304	0	0	0	0	6	55	-82.954	-33.144	11.4	0	0	0	0	7	55	-82.053	-31.845	-11.422	0	0	0	0	8	55	-87.24	-56.111	-2.876	0	0	0	0	9	55	-154.861	-2.169	1.836	0	0	0	0	10	55	3.742743E+28	-4.00217E+28	-3.314348E+28	0	0	0	0	1	0	-79.096	-19.595	0.977	5	5	5	4	2	0	-78.277	-10.303	0.035	5	5	5	1	0	0	-87.203	-5.704	-0.466	0	0	0	0	54594564	54594572	54594572
19178	0	0	4	55	-86.158	-25.316	-0.242	0	0	0	0	5	55	-84.347	-38.383	0.061	0	0	0	0	6	55	-82.903	-33.337	11.256	0	0	0	0	7	55	-81.957	-32.093	-11.639	0	0	0	0	8	55	-87.126	-56.226	-2.948	0	0	0	0	9	55	-154.903	-2.366	1.622	0	0	0	0	10	55	3.752506E+28	-4.00111E+28	-3.304574E+28	0	0	0	0	1	0	-79.096	-19.595	0.977	5	5	5	4	2	0	-78.277	-10.303	0.035	5	5	5	1	0	0	-87.203	-5.704	-0.466	0	0	0	0	54594581	0	54594590
